212.627 216.066 292.994 203.118 0.159487 0.159487 HessianAffine RootSIFT 1
123.309 202.332 275.789 189.145 0.262855 0.262855 HessianAffine RootSIFT 0
487.173 130.617 352.088 129.62 0.267743 0.267743 HessianAffine RootSIFT 1
276.488 422.733 285.398 393.786 0.267961 0.267961 MSER RootSIFT 0
329.352 388.657 299.125 366.936 0.270834 0.270834 HessianAffine RootSIFT 1
289.958 206.144 309.245 195.908 0.278616 0.278616 HessianAffine RootSIFT 0
92.286 31.3545 285.833 34.963 0.286715 0.286715 HessianAffine RootSIFT 1
257.845 406.002 284.27 378.056 0.293223 0.293223 HessianAffine RootSIFT 1
293.852 417.847 288.917 389.986 0.301161 0.301161 HessianAffine RootSIFT 0
482.707 121.803 352.108 120.329 0.310225 0.310225 HessianAffine RootSIFT 0
101.88 356.118 260.031 326.211 0.310783 0.310783 HessianAffine RootSIFT 1
464.443 320.563 327.935 307.878 0.312089 0.312089 HessianAffine RootSIFT 0
444.797 229.071 334.624 221.784 0.321706 0.321706 HessianAffine RootSIFT 0
244.717 202.488 299.919 191.122 0.322402 0.912991 HessianAffine RootSIFT 1
390.571 234.071 324.05 225.379 0.332365 0.332365 MSER RootSIFT 1
291.241 197.228 310.37 188.353 0.33342 0.33342 HessianAffine RootSIFT 0
141.801 271.772 273.489 254.027 0.33708 0.33708 MSER RootSIFT 0
415.1 398.215 314.047 379.356 0.337105 0.337105 HessianAffine RootSIFT 0
381.139 180.421 327.55 173.112 0.338006 0.338006 HessianAffine RootSIFT 1
338.958 213.874 317.041 204.645 0.340638 0.340638 HessianAffine RootSIFT 1
213.906 274.546 287.768 257.017 0.344398 0.344398 HessianAffine RootSIFT 1
346.254 208.758 319.036 199.669 0.346981 0.346981 HessianAffine RootSIFT 1
263.289 404.569 284.27 378.056 0.352823 0.885737 HessianAffine RootSIFT 0
145.218 234.471 278.768 216.109 0.35552 0.35552 HessianAffine RootSIFT 1
162.577 315.635 275.078 290.856 0.360362 0.360362 MSER RootSIFT 0
145.343 38.184 295.23 41.0871 0.364676 0.364676 HessianAffine RootSIFT 1
265.857 390.328 287.174 364.102 0.372431 0.372431 HessianAffine RootSIFT 1
448.16 161.627 342.653 158.817 0.376701 0.376701 HessianAffine RootSIFT 1
243.617 347.81 286.342 323.821 0.378055 0.846438 HessianAffine RootSIFT 1
104.115 368.922 259.225 336.084 0.380868 0.380868 HessianAffine RootSIFT 1
88.3997 320.08 260.157 292.331 0.382391 0.382391 HessianAffine RootSIFT 1
208.067 220.616 290.934 206.68 0.382675 0.382675 HessianAffine RootSIFT 1
268.579 207.526 304.643 196.398 0.384827 0.384827 MSER RootSIFT 0
233.473 400.829 280.002 371.677 0.385919 0.385919 HessianAffine RootSIFT 1
388.959 161.663 331.259 157.685 0.388378 0.388378 MSER RootSIFT 1
315.733 194.888 313.589 186.21 0.393594 0.825187 HessianAffine RootSIFT 1
224.148 368.758 281.796 342.811 0.399714 0.399714 HessianAffine RootSIFT 0
129.667 275.56 270.785 255.345 0.402627 0.402627 HessianAffine RootSIFT 0
180.921 378.809 272.563 348.991 0.40394 0.40394 HessianAffine RootSIFT 1
384.653 174.884 329.827 169.254 0.406802 0.954669 HessianAffine RootSIFT 0
92.0972 259.482 265.562 240.456 0.414906 0.876496 HessianAffine RootSIFT 0
105.786 315.273 264.051 288.04 0.416366 0.416366 HessianAffine RootSIFT 1
327.735 421.863 295.029 395.696 0.420685 0.955206 MSER RootSIFT 0
386.088 238.867 324.05 225.379 0.428019 0.428019 MSER RootSIFT 0
407.48 157.646 335.877 152.618 0.42838 0.42838 HessianAffine RootSIFT 0
322.501 206.315 314.839 197.689 0.42995 0.42995 HessianAffine RootSIFT 0
379.689 207.271 324.782 199.257 0.430692 0.430692 HessianAffine RootSIFT 1
97.9655 215.914 270.407 200.389 0.431802 0.431802 MSER RootSIFT 0
427.468 415.253 315.195 395.882 0.433461 0.433461 HessianAffine RootSIFT 1
147.001 44.2249 295.377 46.3631 0.43902 0.43902 HessianAffine RootSIFT 1
131.383 236.41 274.76 218.892 0.444492 0.444492 HessianAffine RootSIFT 1
494.886 231.248 344.116 228.139 0.448263 0.448263 HessianAffine RootSIFT 0
449.7 147.833 344.062 144.203 0.44921 0.44921 MSER RootSIFT 1
539.171 330.745 340.014 320.862 0.451606 0.947816 HessianAffine RootSIFT 0
472.488 14.0328 360.699 18.9948 0.451612 0.451612 HessianAffine RootSIFT 0
506.393 156.86 354.68 157.183 0.451857 0.451857 HessianAffine RootSIFT 0
466.978 153.229 347.142 149.634 0.451979 0.451979 HessianAffine RootSIFT 1
384.056 196.78 326.099 189.55 0.454494 0.454494 HessianAffine RootSIFT 1
59.8146 27.7674 280.21 31.4007 0.460621 0.460621 HessianAffine RootSIFT 1
305.283 206.471 308.931 196.642 0.464448 0.464448 HessianAffine RootSIFT 0
409.963 160.045 335.769 157.681 0.46483 0.46483 HessianAffine RootSIFT 0
505.762 319.166 334.99 311.13 0.465149 0.465149 HessianAffine RootSIFT 0
413.443 154.063 335.877 152.618 0.465311 0.933995 HessianAffine RootSIFT 1
215.973 253.959 289.948 239.53 0.469447 0.469447 HessianAffine RootSIFT 0
434.84 415.765 315.195 395.882 0.469757 0.469757 HessianAffine RootSIFT 0
385.543 235.495 321.92 236.237 0.47011 0.47011 HessianAffine RootSIFT 0
524.813 250.342 347.248 244.591 0.474264 0.474264 HessianAffine RootSIFT 0
135.045 261.802 273.411 241.07 0.477472 0.477472 MSER RootSIFT 1
480.522 414.7 324.371 398.713 0.478335 0.87391 HessianAffine RootSIFT 0
350.906 192.358 321.652 183.431 0.480127 0.480127 HessianAffine RootSIFT 0
510.64 27.0633 366.146 31.3848 0.480254 0.871793 HessianAffine RootSIFT 0
466.591 14.0215 360.699 18.9948 0.480447 0.480447 HessianAffine RootSIFT 0
25.6447 131.749 266.256 123.237 0.48059 0.48059 HessianAffine RootSIFT 0
272.231 404.58 284.27 378.056 0.482738 0.889322 HessianAffine RootSIFT 0
412.78 215.433 330.907 209.812 0.48343 0.48343 HessianAffine RootSIFT 0
231.738 199.978 298.099 188.651 0.486056 0.930889 HessianAffine RootSIFT 1
502.212 148.858 354.208 149.713 0.48637 0.99617 HessianAffine RootSIFT 1
493.1 409.018 327.475 394.488 0.489055 0.846881 HessianAffine RootSIFT 0
319.752 376.449 298.234 353.243 0.493276 0.493276 HessianAffine RootSIFT 1
227.28 362.3 281.775 336.382 0.49636 0.49636 HessianAffine RootSIFT 1
448.386 108.831 347.03 108.115 0.498173 0.498173 HessianAffine RootSIFT 1
412.497 181.592 333.922 176.111 0.500694 0.500694 HessianAffine RootSIFT 1
197.552 390.723 273.721 360.823 0.50721 0.50721 HessianAffine RootSIFT 1
154.913 335.584 271.331 308.167 0.50732 0.50732 MSER RootSIFT 1
115.292 226.459 272.779 209.077 0.507402 0.900744 HessianAffine RootSIFT 1
110.671 367.848 259.225 336.084 0.515205 0.515205 HessianAffine RootSIFT 0
176.411 336.226 275.983 312.454 0.515619 0.515619 HessianAffine RootSIFT 0
458.054 177.521 342.272 174.237 0.519176 0.519176 MSER RootSIFT 1
443.06 318.252 322.912 302.061 0.521659 0.939445 HessianAffine RootSIFT 0
562.38 164.739 364.19 164.929 0.523947 0.89667 MSER RootSIFT 1
439.89 151.88 341.835 151.306 0.524598 0.524598 HessianAffine RootSIFT 1
478.487 106.759 352.563 110.282 0.524698 0.524698 HessianAffine RootSIFT 1
449.865 135.762 344.576 135.514 0.532633 0.532633 HessianAffine RootSIFT 1
392.264 246.046 323.833 236.352 0.536242 0.536242 MSER RootSIFT 1
314.047 374.468 298.295 353.495 0.539924 0.856334 HessianAffine RootSIFT 0
161.589 263.097 278.149 245.093 0.542879 0.542879 HessianAffine RootSIFT 1
154.12 312.858 273.613 287.795 0.544562 0.544562 HessianAffine RootSIFT 1
482.534 142.245 350.723 141.065 0.545883 0.545883 HessianAffine RootSIFT 1
251.511 376.975 286.305 351.221 0.546488 0.546488 HessianAffine RootSIFT 0
563.929 56.12 370.199 59.5658 0.555199 0.992055 HessianAffine RootSIFT 0
256.5 373.41 286.89 347.548 0.555544 0.966861 MSER RootSIFT 1
189.364 228.074 286.372 213.63 0.55692 0.55692 HessianAffine RootSIFT 1
224.432 255.793 289.948 239.53 0.559386 0.559386 HessianAffine RootSIFT 0
208.355 340.238 281.271 315.448 0.559866 0.559866 HessianAffine RootSIFT 1
40.6622 270.432 255.273 245.477 0.562879 0.562879 MSER RootSIFT 1
129.375 362.792 263.891 330.832 0.564458 0.564458 HessianAffine RootSIFT 1
416.677 203.212 333.233 199.731 0.56596 0.56596 HessianAffine RootSIFT 0
452.604 415.338 319.936 397.023 0.566034 0.8592 HessianAffine RootSIFT 1
477.246 314.272 330.401 302.764 0.568072 0.568072 HessianAffine RootSIFT 0
521.263 305.837 338.922 302.217 0.572741 0.572741 HessianAffine RootSIFT 0
120.816 225.721 273.324 209.762 0.573926 0.979177 HessianAffine RootSIFT 0
298.925 377.452 293.817 353.773 0.576328 0.576328 HessianAffine RootSIFT 1
292.624 380.615 293.344 357.853 0.581897 0.849586 HessianAffine RootSIFT 1
463.038 411.02 321.568 394.545 0.592359 0.592359 MSER RootSIFT 0
421.143 247.929 328.587 237.196 0.597696 0.875538 MSER RootSIFT 0
50.3318 409.449 245.281 369.603 0.600837 0.600837 HessianAffine RootSIFT 0
393.444 421.722 307.223 399.074 0.602575 0.602575 MSER RootSIFT 0
165.15 366.257 270.315 336.267 0.607084 0.607084 HessianAffine RootSIFT 1
528.406 27.5165 370.368 32.4601 0.619019 0.917904 HessianAffine RootSIFT 0
470.752 255.495 336.427 246.704 0.622063 0.808479 HessianAffine RootSIFT 0
310.885 207.172 309.559 196.865 0.627562 0.887659 HessianAffine RootSIFT 0
245.717 209.959 299.884 198.574 0.629965 0.629965 HessianAffine RootSIFT 0
353.343 197.748 321.524 190.451 0.630056 0.630056 HessianAffine RootSIFT 0
249.956 202.85 300.402 191.494 0.631992 0.8614 HessianAffine RootSIFT 1
412.19 121.369 339.309 120.556 0.633132 0.633132 HessianAffine RootSIFT 1
97.1054 37.2948 286.618 41.6571 0.633883 0.633883 HessianAffine RootSIFT 0
280.393 214.057 306.751 203.189 0.633886 0.633886 HessianAffine RootSIFT 0
192.702 220.366 288.977 206.838 0.634412 0.817038 HessianAffine RootSIFT 0
198.016 354.643 277.575 328.334 0.635224 0.938227 HessianAffine RootSIFT 1
523.808 137.38 358.451 138.504 0.639285 0.639285 HessianAffine RootSIFT 0
55.5625 423.292 307.223 399.074 0.639989 0.639989 MSER RootSIFT 0
512.362 324.191 335.8 314.856 0.642185 0.642185 MSER RootSIFT 0
389.141 291.128 316.463 256.619 0.642752 0.990285 HessianAffine RootSIFT 0
149.667 335.174 270.218 307.747 0.654436 0.884626 MSER RootSIFT 1
130.966 423.41 258.27 386.595 0.655608 0.655608 HessianAffine RootSIFT 0
431.761 221.856 333.786 215.031 0.659477 0.659477 HessianAffine RootSIFT 1
134.319 253.01 274.381 235.983 0.662528 0.662528 HessianAffine RootSIFT 1
117.619 358.867 263.891 330.832 0.663637 0.82887 HessianAffine RootSIFT 0
121.647 38.4675 290.789 41.2213 0.664443 0.664443 HessianAffine RootSIFT 1
562.853 304.76 252.665 285.388 0.67095 0.67095 HessianAffine RootSIFT 0
429.5 421.253 307.223 399.074 0.676376 0.676376 MSER RootSIFT 0
277.455 219.507 305.723 207.168 0.677347 0.677347 HessianAffine RootSIFT 0
431.898 313.696 322.912 302.061 0.680841 0.680841 HessianAffine RootSIFT 0
39.3523 411.976 534.361 290.267 0.682694 0.817627 HessianAffine RootSIFT 0
374.145 174.754 326.868 169.048 0.685134 0.685134 HessianAffine RootSIFT 1
373.756 265.615 55.2687 272.463 0.691827 0.957103 HessianAffine RootSIFT 0
377.702 236.186 321.92 236.237 0.69765 0.69765 HessianAffine RootSIFT 0
493.755 245.536 324.371 398.713 0.701646 0.701646 HessianAffine RootSIFT 0
348.274 209.96 318.13 205.902 0.708744 0.945148 HessianAffine RootSIFT 0
126.377 290.373 271.363 270.001 0.708998 0.708998 HessianAffine RootSIFT 0
107.651 418.375 254.915 380.431 0.709284 0.709284 HessianAffine RootSIFT 0
505.013 236.402 344.116 228.139 0.711249 0.711249 HessianAffine RootSIFT 0
122.09 322.207 266.445 295.068 0.713506 0.973666 HessianAffine RootSIFT 1
136.125 421.708 530.915 241.159 0.714097 0.714097 MSER RootSIFT 0
487.005 408.114 327.475 394.488 0.715293 0.715293 HessianAffine RootSIFT 0
406.731 214.523 330.907 209.812 0.719568 0.719568 HessianAffine RootSIFT 0
177.004 228.707 286.372 213.63 0.720842 0.896142 HessianAffine RootSIFT 0
523.002 353.525 379.827 16.4956 0.723378 0.723378 HessianAffine RootSIFT 0
535.282 322.736 340.014 320.862 0.731083 0.992642 HessianAffine RootSIFT 0
390.773 174.641 332.269 166.791 0.734207 0.734207 HessianAffine RootSIFT 0
123.389 196.673 275.789 189.145 0.735156 0.735156 HessianAffine RootSIFT 0
308.94 224.456 322.912 302.061 0.742873 0.988074 HessianAffine RootSIFT 0
251.652 407.457 284.27 378.056 0.744884 0.744884 HessianAffine RootSIFT 0
273.494 216.04 321.795 302.235 0.746424 0.984334 HessianAffine RootSIFT 0
417 125.166 339.309 120.556 0.747343 0.747343 HessianAffine RootSIFT 0
377.718 269.598 316.463 256.619 0.748292 0.994326 HessianAffine RootSIFT 0
300.211 419.699 292.939 393.164 0.749747 0.999804 HessianAffine RootSIFT 0
445.753 167.439 342.297 163.719 0.750222 0.750222 HessianAffine RootSIFT 0
349.324 421.912 267.712 309.633 0.751798 0.863714 MSER RootSIFT 0
442.956 149.899 354.208 149.713 0.752414 0.994239 HessianAffine RootSIFT 0
457.788 421.347 307.223 399.074 0.756836 0.756836 MSER RootSIFT 0
510.967 140.67 541.089 170.372 0.757758 0.888428 HessianAffine RootSIFT 0
196.569 220.166 292.994 203.118 0.758795 0.758795 HessianAffine RootSIFT 0
282.096 225.824 303.072 219.2 0.760325 0.760325 HessianAffine RootSIFT 0
567.922 239.829 353.963 234.522 0.760751 0.760751 HessianAffine RootSIFT 0
564.051 62.2729 372.075 59.4692 0.764506 0.827565 HessianAffine RootSIFT 0
277.161 221.082 310.37 188.353 0.765341 0.843969 HessianAffine RootSIFT 0
402.2 421.55 307.223 399.074 0.767653 0.767653 MSER RootSIFT 0
29.1618 217.082 291.252 397.037 0.768325 0.972051 HessianAffine RootSIFT 0
414.216 383.745 318.276 369.961 0.769538 0.99979 HessianAffine RootSIFT 0
406.512 184.82 333.922 176.111 0.770244 0.770244 HessianAffine RootSIFT 0
354.499 195.363 315.478 183.817 0.772031 0.92038 HessianAffine RootSIFT 0
170.489 367.453 270.315 336.267 0.772437 0.819239 HessianAffine RootSIFT 0
27.5296 282.778 525.503 283.872 0.774797 0.916033 HessianAffine RootSIFT 0
203.427 312.426 347.654 272.671 0.776243 0.776243 HessianAffine RootSIFT 0
289.862 223.648 309.559 196.865 0.777192 0.777192 HessianAffine RootSIFT 0
94.7505 218.248 268.796 205.53 0.778015 0.778015 HessianAffine RootSIFT 0
484.596 307.48 331.773 301.952 0.782167 0.782167 HessianAffine RootSIFT 0
115.6 359.729 292.994 203.118 0.783192 0.783192 HessianAffine RootSIFT 0
166.23 259.348 281.115 251.027 0.783797 0.783797 HessianAffine RootSIFT 0
79.9681 423.16 307.223 399.074 0.784316 0.784316 MSER RootSIFT 0
532.776 420.42 307.223 399.074 0.784519 0.882693 MSER RootSIFT 0
212.385 402.176 289.948 239.53 0.786612 0.786612 HessianAffine RootSIFT 0
505.762 319.166 333.702 306.243 0.791455 0.966634 HessianAffine RootSIFT 0
459.119 314.818 321.92 236.237 0.791605 0.974951 HessianAffine RootSIFT 0
517.598 236.825 347.995 233.94 0.791684 0.861033 HessianAffine RootSIFT 0
399.49 286.967 327.935 307.878 0.791837 0.791837 HessianAffine RootSIFT 0
566.583 412.789 338.788 399.814 0.79218 0.79218 HessianAffine RootSIFT 0
186.07 338.838 275.983 312.454 0.793691 0.793691 HessianAffine RootSIFT 0
453.568 109.824 348.75 108.308 0.794728 0.989519 MSER RootSIFT 0
565.281 313.339 253.76 262.605 0.796193 0.796193 HessianAffine RootSIFT 0
401.453 115.622 344.116 228.139 0.797702 0.797702 HessianAffine RootSIFT 0
106.634 378.867 343.99 158.776 0.797916 0.842816 HessianAffine RootSIFT 0
511.737 326.741 535.714 167.643 0.798061 0.798061 MSER RootSIFT 0
258.853 216.173 322.912 302.061 0.798585 0.889953 HessianAffine RootSIFT 0
289.862 223.648 303.072 219.2 0.799371 0.799371 HessianAffine RootSIFT 0
86.157 34.2892 312.502 187.153 0.799764 0.983426 HessianAffine RootSIFT 0
274.216 418.769 366.04 78.9718 0.801479 0.801479 MSER RootSIFT 0
487.746 128.205 271.331 308.167 0.804025 0.920883 MSER RootSIFT 0
136.125 421.708 268.603 170.452 0.805164 0.955005 MSER RootSIFT 0
271.305 423.657 366.04 78.9718 0.808531 0.808531 MSER RootSIFT 0
234.924 371.985 343.533 172.28 0.813206 0.813206 MSER RootSIFT 0
218.833 347.3 344.062 144.203 0.816945 0.816945 MSER RootSIFT 0
163.87 315.333 331.259 157.685 0.819652 0.819652 MSER RootSIFT 0
503.823 152.895 344.062 144.203 0.824259 0.824259 MSER RootSIFT 0
31.0978 213.543 252.532 335.032 0.825403 0.825403 MSER RootSIFT 0
394.663 124.895 329.74 237.945 0.826442 0.994756 MSER RootSIFT 0
265.927 207.599 566.389 57.1667 0.82652 0.82652 MSER RootSIFT 0
425.31 230.262 286.89 347.548 0.828993 0.913908 MSER RootSIFT 0
231.819 366.674 343.945 173.311 0.83018 0.83018 MSER RootSIFT 0
266.198 206.221 331.194 244.372 0.833245 0.895724 MSER RootSIFT 0
98.4437 35.6127 330.469 242.35 0.835127 0.996986 MSER RootSIFT 0
224.087 369.978 343.945 173.311 0.835242 0.891464 MSER RootSIFT 0
54.7431 319.776 331.243 239.401 0.835901 0.984121 MSER RootSIFT 0
266.327 203.596 255.273 245.477 0.836433 0.836433 MSER RootSIFT 0
524.052 138.261 343.945 173.311 0.838784 0.920999 MSER RootSIFT 0
136.458 275.204 366 75.8659 0.843972 0.929504 MSER RootSIFT 0
387.51 249.422 323.833 236.352 0.84653 0.84653 MSER RootSIFT 0
161.918 316.341 327.571 242.421 0.846905 0.98715 MSER RootSIFT 0
198.336 241.11 342.272 174.237 0.849418 0.869472 MSER RootSIFT 0
152.957 27.4143 272.913 308.341 0.849539 0.89999 MSER RootSIFT 0
