249.642 150.897 599.615 213.566 0.363847 0.925449 HessianAffine RootSIFT 0
270.133 114.316 481.291 142.384 0.38751 0.38751 MSER RootSIFT 0
668.297 308.817 274.305 455.039 0.402631 0.402631 HessianAffine RootSIFT 0
23.7186 194.456 540.396 317.712 0.407226 0.407226 HessianAffine RootSIFT 0
186.456 143.079 695.443 250.05 0.44958 0.44958 HessianAffine RootSIFT 0
416.678 266.947 386.421 245.579 0.457912 0.959695 MSER RootSIFT 0
166.211 130.271 665.371 238.603 0.459756 0.9066 MSER RootSIFT 0
139.863 109.741 631.952 221.469 0.485567 0.485567 HessianAffine RootSIFT 0
382.571 255.449 272.446 225.534 0.495076 0.929438 MSER RootSIFT 1
470.77 286.674 565.233 280.625 0.504713 0.504713 HessianAffine RootSIFT 0
139.912 215.903 684.453 331.525 0.507688 0.507688 HessianAffine RootSIFT 0
170.806 135.231 672.611 244.019 0.50935 0.50935 MSER RootSIFT 0
130.869 217.169 670.377 332.467 0.521365 0.927422 HessianAffine RootSIFT 0
187.983 137.112 696.542 243.537 0.522703 0.91467 HessianAffine RootSIFT 0
91.0857 54.508 695.443 250.05 0.52527 0.52527 HessianAffine RootSIFT 0
469.295 283.545 573.045 277.941 0.53154 0.993247 MSER RootSIFT 1
148.096 261.077 694.09 383.481 0.533477 0.533477 MSER RootSIFT 0
144.255 215.158 689.685 329.31 0.545252 0.929359 HessianAffine RootSIFT 0
27.1883 189.906 542.949 312.529 0.553864 0.849823 HessianAffine RootSIFT 0
313.485 260.826 299.975 264.815 0.555662 0.976047 MSER RootSIFT 0
353.292 245.116 191.395 210.307 0.568245 0.568245 MSER RootSIFT 1
116.168 98.2115 599.615 213.566 0.56984 0.905292 HessianAffine RootSIFT 0
260.447 159.129 614.021 220.735 0.573215 0.573215 HessianAffine RootSIFT 0
242.354 145.116 588.004 207.814 0.577935 0.577935 HessianAffine RootSIFT 0
396.575 259.455 323.353 232.716 0.578718 0.578718 MSER RootSIFT 1
134.175 233.244 677.216 353.353 0.578745 0.578745 HessianAffine RootSIFT 0
466.128 272.244 622.811 270.153 0.58392 0.58392 HessianAffine RootSIFT 0
441.535 263.801 533.633 253.832 0.583992 0.583992 HessianAffine RootSIFT 1
365.724 203.643 669.3 238.69 0.584786 0.878654 MSER RootSIFT 0
205.869 148.709 717.282 252.536 0.586463 0.842045 HessianAffine RootSIFT 0
459.15 284.3 512.838 273.203 0.588327 0.588327 MSER RootSIFT 0
110.949 35.6986 223.01 86.6516 0.58982 0.58982 HessianAffine RootSIFT 1
142.105 218.381 688.379 334.928 0.59188 0.996922 HessianAffine RootSIFT 0
119.896 225.398 655.261 350.476 0.592063 0.990208 HessianAffine RootSIFT 0
194.965 136.162 703.539 240.607 0.595389 0.921088 HessianAffine RootSIFT 0
445.254 275.908 485.692 264.78 0.59814 0.59814 MSER RootSIFT 0
331.127 210.34 727.583 269.593 0.60239 0.915198 MSER RootSIFT 0
295.397 260.934 557.6 315.027 0.602613 0.602613 HessianAffine RootSIFT 0
209.008 151.669 722.583 255.051 0.605193 0.925872 HessianAffine RootSIFT 0
59.4354 36.0839 545.664 170.858 0.60698 0.60698 HessianAffine RootSIFT 0
137.382 237.385 683.086 357.728 0.608972 0.817037 HessianAffine RootSIFT 0
351.559 146.479 654.323 169.995 0.617577 0.617577 HessianAffine RootSIFT 0
65.268 52.1435 737.882 219.38 0.620577 0.620577 HessianAffine RootSIFT 0
265.958 336.335 444.976 369.15 0.627041 0.627041 HessianAffine RootSIFT 0
184.288 127.622 691.717 233.562 0.627714 0.627714 HessianAffine RootSIFT 0
706.888 84.1086 613.785 497.656 0.632901 0.632901 HessianAffine RootSIFT 0
123.899 228.728 666.323 350.449 0.637588 0.637588 HessianAffine RootSIFT 0
568.212 102.717 274.305 455.039 0.63852 0.63852 HessianAffine RootSIFT 0
457.243 358.245 444.597 364.353 0.639511 0.639511 HessianAffine RootSIFT 0
507.238 231.637 274.305 455.039 0.640292 0.640292 HessianAffine RootSIFT 0
411.5 264.337 367.706 242.775 0.642319 0.642319 MSER RootSIFT 1
509.18 314.32 304.254 265.275 0.646348 0.975992 MSER RootSIFT 0
175.728 136.303 671.172 240.643 0.646423 0.852159 HessianAffine RootSIFT 0
473.779 291.5 548.556 283.685 0.646927 0.993806 MSER RootSIFT 1
233.47 131.906 575.484 191.061 0.648298 0.648298 HessianAffine RootSIFT 0
600.308 169.709 55.5934 444.254 0.650345 0.966146 HessianAffine RootSIFT 0
121.494 210.308 657.616 325.076 0.65039 0.833411 HessianAffine RootSIFT 0
456.309 302.366 668.325 331.555 0.653818 0.936056 HessianAffine RootSIFT 0
343.178 191.16 614.021 220.735 0.655726 0.655726 HessianAffine RootSIFT 0
547.937 104.798 274.305 455.039 0.658449 0.658449 HessianAffine RootSIFT 0
506.22 322.53 534.164 322.081 0.659703 0.659703 HessianAffine RootSIFT 0
369.315 238.364 565.726 258.883 0.663856 0.663856 HessianAffine RootSIFT 0
274.017 162.693 460.163 189.982 0.668286 0.668286 HessianAffine RootSIFT 0
113.944 48.8056 359.577 125.09 0.668795 0.916376 MSER RootSIFT 0
205.869 148.709 713.862 248.05 0.668922 0.867019 HessianAffine RootSIFT 0
495.486 375.903 522.507 385.327 0.669908 0.669908 HessianAffine RootSIFT 0
77.3704 199.83 608.944 317.521 0.670582 0.670582 HessianAffine RootSIFT 0
261.878 155.278 619.678 217.85 0.671611 0.671611 HessianAffine RootSIFT 0
299.039 172.175 689.804 233.029 0.673411 0.673411 HessianAffine RootSIFT 0
168.633 136.9 666.226 243.581 0.673675 0.673675 MSER RootSIFT 0
195.3 135.322 709.532 242.301 0.673746 0.947275 HessianAffine RootSIFT 0
260.657 105.531 466.646 134.58 0.676137 0.676137 HessianAffine RootSIFT 1
194.119 122.947 702.321 224.766 0.678744 0.913716 HessianAffine RootSIFT 0
395.071 173.908 761.101 198.646 0.678919 0.678919 HessianAffine RootSIFT 0
180.979 139.553 688.883 247.325 0.679037 0.679037 HessianAffine RootSIFT 0
705.838 85.1901 274.305 455.039 0.68137 0.68137 HessianAffine RootSIFT 0
113.932 220.956 655.261 350.476 0.681898 0.681898 HessianAffine RootSIFT 0
466.309 239.832 591.215 216.203 0.6828 0.82672 HessianAffine RootSIFT 0
438.409 294.718 304.254 265.275 0.68484 0.981449 MSER RootSIFT 0
65.8738 119.501 375.9 206.706 0.685209 0.685209 HessianAffine RootSIFT 0
460.584 289.118 482.245 276.669 0.685368 0.925724 HessianAffine RootSIFT 0
583.657 118.759 153.997 458.902 0.685381 0.896268 HessianAffine RootSIFT 0
250.238 146.667 599.103 206.788 0.685485 0.685485 HessianAffine RootSIFT 0
129.716 226.608 671.28 346.901 0.687166 0.687166 HessianAffine RootSIFT 0
220.659 165.071 550.985 229.985 0.690907 0.970134 MSER RootSIFT 0
709.328 124.685 295.57 433.492 0.691779 0.97035 HessianAffine RootSIFT 0
427.723 251.277 525.854 240.672 0.69243 0.996467 MSER RootSIFT 1
287.733 259.532 533.23 312.193 0.692565 0.692565 HessianAffine RootSIFT 0
184.726 159.699 678.716 261.762 0.694585 0.694585 HessianAffine RootSIFT 0
197.825 154.178 706.935 257.911 0.695261 0.695261 HessianAffine RootSIFT 0
227.009 162.044 558.57 226.43 0.695958 0.888143 MSER RootSIFT 0
143.208 111.376 624.967 219.641 0.698097 0.698097 HessianAffine RootSIFT 0
413.56 231.783 557.058 226.315 0.700858 0.930049 MSER RootSIFT 1
91.961 202.611 608.944 317.521 0.700929 0.700929 HessianAffine RootSIFT 0
81.6238 265.832 223.677 321.473 0.70126 0.70126 HessianAffine RootSIFT 0
346.797 273.717 672.006 332.87 0.701497 0.701497 HessianAffine RootSIFT 0
352.88 273.099 687.898 333.31 0.70389 0.920981 HessianAffine RootSIFT 0
192.064 130.649 703.843 236.792 0.704628 0.704628 HessianAffine RootSIFT 0
364.405 252.51 194.406 216.42 0.705491 0.931819 HessianAffine RootSIFT 0
94.4918 270.953 256.957 329.5 0.706134 0.982069 MSER RootSIFT 0
432.117 260.677 500.837 248.353 0.706157 0.874703 HessianAffine RootSIFT 1
337.924 265.047 658.197 322.043 0.706954 0.92696 HessianAffine RootSIFT 0
434.918 368.076 461.248 379.318 0.707238 0.707238 HessianAffine RootSIFT 0
203.033 83.5167 481.291 142.384 0.70795 0.70795 MSER RootSIFT 0
171.344 133.279 667.464 238.702 0.70817 0.70817 MSER RootSIFT 0
429.088 228.059 667.464 238.702 0.710854 0.936439 MSER RootSIFT 0
140.705 258.681 685.477 382.92 0.713846 0.713846 MSER RootSIFT 0
117.162 93.0854 599.103 206.788 0.714434 0.714434 HessianAffine RootSIFT 0
339.292 205.799 561.387 229.556 0.715245 0.960602 MSER RootSIFT 0
285.061 180.329 443.071 200.533 0.716925 0.716925 HessianAffine RootSIFT 0
499.756 315.529 536.206 312.673 0.719099 0.719099 HessianAffine RootSIFT 0
148.192 219.424 700.05 337.437 0.719554 0.975583 HessianAffine RootSIFT 0
213.049 160.078 716.289 254.401 0.721608 0.885165 HessianAffine RootSIFT 0
463.003 303.079 688.379 334.928 0.722633 0.722633 HessianAffine RootSIFT 0
474.727 283.098 603.577 280.657 0.723546 0.723546 HessianAffine RootSIFT 1
133.354 203.045 388.809 275.515 0.7237 0.7237 HessianAffine RootSIFT 0
430.291 223.868 679.037 230.004 0.724689 0.724689 HessianAffine RootSIFT 1
90.9471 44.0335 750.463 207.552 0.727906 0.904849 HessianAffine RootSIFT 0
420.29 294.273 533.23 312.193 0.728009 0.992144 HessianAffine RootSIFT 0
294.873 180.493 672.611 244.019 0.728259 0.728259 MSER RootSIFT 0
521.65 327.962 665.371 238.603 0.731177 0.927564 MSER RootSIFT 0
657.865 237.752 274.305 455.039 0.731375 0.731375 HessianAffine RootSIFT 0
439.291 239.949 294.898 240.395 0.73321 0.73321 HessianAffine RootSIFT 0
200.888 338.776 547.753 380.409 0.733329 0.885436 HessianAffine RootSIFT 0
129.88 92.9301 612.026 204.366 0.734095 0.827801 HessianAffine RootSIFT 0
323.815 194.799 722.583 255.051 0.735704 0.973452 HessianAffine RootSIFT 0
245.179 151.369 591.393 215.128 0.736021 0.736021 HessianAffine RootSIFT 0
464.023 235.422 588.004 207.814 0.737588 0.911108 HessianAffine RootSIFT 0
464.233 371.032 435.073 369.096 0.7378 0.835914 HessianAffine RootSIFT 0
351.275 282.696 683.086 357.728 0.738219 0.872538 HessianAffine RootSIFT 0
188.526 159.816 684.717 262.283 0.738501 0.738501 MSER RootSIFT 0
201.124 166.795 700.022 265.879 0.738962 0.955824 HessianAffine RootSIFT 0
128.376 239.728 665.849 374.427 0.740581 0.740581 HessianAffine RootSIFT 0
382.992 206.471 551.288 208.606 0.740685 0.991585 HessianAffine RootSIFT 0
396.824 259.346 318.135 231.864 0.741529 0.741529 HessianAffine RootSIFT 0
207.301 97.0332 462.348 150.949 0.742033 0.742033 HessianAffine RootSIFT 0
328.93 184.86 588.222 215.282 0.742285 0.800536 HessianAffine RootSIFT 0
207.767 89.1444 210.827 94.4388 0.742328 0.742328 MSER RootSIFT 0
640.241 338.596 46.8375 447.105 0.74266 0.855387 HessianAffine RootSIFT 0
773.326 194.4 279.425 421.05 0.743849 0.999477 HessianAffine RootSIFT 0
188.814 162.723 678.716 261.762 0.744986 0.999373 HessianAffine RootSIFT 0
646.975 81.4427 274.305 455.039 0.746036 0.746036 HessianAffine RootSIFT 0
437.847 303.832 721.695 205.094 0.746444 0.864862 HessianAffine RootSIFT 0
527.858 320.219 391.941 285.068 0.746661 0.828534 HessianAffine RootSIFT 0
252.618 147.801 611.207 210.063 0.747023 0.747023 HessianAffine RootSIFT 0
322.701 194.728 715.977 250.177 0.747778 0.918155 HessianAffine RootSIFT 0
158.85 73.8938 527.764 163.938 0.747901 0.747901 HessianAffine RootSIFT 0
603.693 165.224 62.2771 449.028 0.747984 0.747984 HessianAffine RootSIFT 0
599.491 177.505 274.305 455.039 0.749889 0.749889 HessianAffine RootSIFT 0
432.117 260.677 533.633 253.832 0.750092 0.750092 HessianAffine RootSIFT 0
164.454 285.352 718.157 264.433 0.75011 0.75011 HessianAffine RootSIFT 0
312.078 177.947 551.288 208.606 0.750861 0.987398 HessianAffine RootSIFT 0
62.379 195.336 608.944 317.521 0.751041 0.751041 HessianAffine RootSIFT 0
336.868 229.181 500.837 248.353 0.751286 0.751286 HessianAffine RootSIFT 0
299.142 81.1226 574.875 99.2708 0.751905 0.751905 MSER RootSIFT 0
627.776 391.638 249.428 478.73 0.752567 0.8653 HessianAffine RootSIFT 0
703.661 84.0053 243.684 173.178 0.753708 0.841152 HessianAffine RootSIFT 0
711.73 356.59 392.932 342.324 0.754012 0.959834 HessianAffine RootSIFT 0
105.347 97.9515 588.222 215.282 0.755115 0.903242 HessianAffine RootSIFT 0
249.6 187.643 563.114 245.742 0.756072 0.992078 HessianAffine RootSIFT 0
624.228 90.0672 44.3486 447.733 0.756355 0.861253 HessianAffine RootSIFT 0
302.553 180.998 696.542 243.537 0.756359 0.850918 HessianAffine RootSIFT 0
371.362 357.596 547.753 380.409 0.756386 0.939094 HessianAffine RootSIFT 0
201.44 144.457 715.977 250.177 0.756502 0.939178 HessianAffine RootSIFT 0
454.062 250.687 718.157 264.433 0.757198 0.757198 HessianAffine RootSIFT 0
295.276 369.638 544.734 416.829 0.757442 0.960208 MSER RootSIFT 0
171.966 267.171 717.282 252.536 0.757581 0.927999 HessianAffine RootSIFT 0
744.913 263.644 601.744 389.101 0.757751 0.836772 HessianAffine RootSIFT 0
473.437 255.059 557.058 226.315 0.757837 0.971324 MSER RootSIFT 0
503.661 375.854 547.134 389.432 0.758309 0.758309 HessianAffine RootSIFT 0
281.822 251.947 524.485 301.848 0.758378 0.907983 HessianAffine RootSIFT 0
352.88 273.099 391.941 285.068 0.75846 0.849876 HessianAffine RootSIFT 0
679.388 299.345 56.5958 439.542 0.758986 0.975243 HessianAffine RootSIFT 0
346.529 154.868 632 179.548 0.75918 0.75918 MSER RootSIFT 0
678.92 316.018 219.586 122.951 0.759503 0.759503 HessianAffine RootSIFT 0
275.643 174.798 629.723 234.988 0.759881 0.759881 HessianAffine RootSIFT 0
316.633 283.73 607.077 394.895 0.760291 0.760291 HessianAffine RootSIFT 0
436.998 226.346 709.532 242.301 0.760352 0.913516 HessianAffine RootSIFT 0
129.88 92.9301 422.357 169.205 0.762071 0.762071 HessianAffine RootSIFT 0
107.016 57.8495 472.228 156.386 0.762415 0.762415 MSER RootSIFT 0
394.537 273.104 491.666 267.82 0.763886 0.763886 HessianAffine RootSIFT 0
687.411 235.98 781.938 235.014 0.764183 0.764183 HessianAffine RootSIFT 0
343.64 184.902 469.053 182.667 0.764246 0.88586 MSER RootSIFT 0
121.521 68.1483 567.144 235.707 0.764307 0.806791 HessianAffine RootSIFT 0
401.341 207.592 599.103 206.788 0.764385 0.764385 HessianAffine RootSIFT 0
351.275 282.696 677.216 353.353 0.76602 0.76602 HessianAffine RootSIFT 0
460.93 318.57 695.443 250.05 0.766408 0.766408 HessianAffine RootSIFT 0
164.56 143.937 648.432 247.076 0.767677 0.946041 MSER RootSIFT 0
592.297 115.807 248.459 472.966 0.767913 0.974248 MSER RootSIFT 0
193.898 278.213 410.045 329.332 0.767919 0.963849 MSER RootSIFT 0
653.903 210.364 716.627 404.9 0.768334 0.768334 HessianAffine RootSIFT 0
358.997 279.762 688.379 334.928 0.769034 0.882216 HessianAffine RootSIFT 0
427.855 354.676 461.248 379.318 0.769815 0.769815 HessianAffine RootSIFT 0
394.248 206.997 588.004 207.814 0.77073 0.897679 HessianAffine RootSIFT 1
198.68 154.189 711.775 259.319 0.770841 0.770841 HessianAffine RootSIFT 0
405.862 126.572 56.5958 439.542 0.771288 0.903473 HessianAffine RootSIFT 0
179.607 115.749 519.62 186.596 0.772651 0.772651 HessianAffine RootSIFT 0
105.678 79.0153 584.137 193.119 0.773185 0.773185 HessianAffine RootSIFT 0
585.105 108.52 57.9119 445.014 0.773235 0.907259 HessianAffine RootSIFT 0
325.52 178.973 588.004 207.814 0.773911 0.889231 HessianAffine RootSIFT 0
685.54 376.154 245.239 470.678 0.774096 0.774096 MSER RootSIFT 0
124.857 96.7466 611.207 210.063 0.774143 0.871142 HessianAffine RootSIFT 0
776.788 114.152 340.909 348.824 0.774739 0.988016 MSER RootSIFT 0
333.376 179.667 599.103 206.788 0.774901 0.774901 HessianAffine RootSIFT 0
120.728 237.803 650.311 358.134 0.775751 0.808482 HessianAffine RootSIFT 0
730.472 91.7701 284.722 211.674 0.777107 0.857122 HessianAffine RootSIFT 0
585.594 119.987 251.306 368.364 0.777417 0.889341 HessianAffine RootSIFT 0
434.622 220.06 702.321 224.766 0.778217 0.967964 HessianAffine RootSIFT 0
120.387 87.0719 603.37 199.143 0.779075 0.779075 HessianAffine RootSIFT 0
736.58 42.4618 484.109 259.93 0.779388 0.779388 HessianAffine RootSIFT 0
188.72 335.268 447.076 376.966 0.779437 0.779437 HessianAffine RootSIFT 0
106.652 92.9329 587.904 210.286 0.77953 0.77953 HessianAffine RootSIFT 0
261.936 336.311 220.485 160.173 0.779834 0.918307 HessianAffine RootSIFT 0
529.929 105.042 274.305 455.039 0.780222 0.780222 HessianAffine RootSIFT 0
352.21 263.452 697.536 320.153 0.780286 0.780286 HessianAffine RootSIFT 0
497.211 290.789 692.422 298.061 0.780372 0.780372 MSER RootSIFT 1
704.984 78.3951 274.305 455.039 0.781155 0.781155 HessianAffine RootSIFT 0
726.028 343.807 246.838 311.842 0.781187 0.781187 HessianAffine RootSIFT 0
408.539 156.97 128.794 408.843 0.781584 0.99158 HessianAffine RootSIFT 0
340.062 205.075 553.301 226.494 0.782446 0.782446 MSER RootSIFT 0
524.326 320.61 672.006 332.87 0.78259 0.78259 HessianAffine RootSIFT 0
264.182 141.898 605 194.611 0.78273 0.78273 MSER RootSIFT 0
86.3667 345.711 375.639 393.402 0.782989 0.782989 MSER RootSIFT 0
745.796 233.562 323.109 419.641 0.785057 0.960088 HessianAffine RootSIFT 0
366.215 358.12 547.753 380.409 0.785153 0.968079 HessianAffine RootSIFT 0
199.127 161.439 700.842 265.245 0.785923 0.785923 HessianAffine RootSIFT 0
649.458 189.827 252.715 485.401 0.785991 0.785991 HessianAffine RootSIFT 0
29.2995 195.034 225.619 264.171 0.786252 0.786252 HessianAffine RootSIFT 0
385.828 321.934 718.157 264.433 0.786753 0.786753 HessianAffine RootSIFT 0
75.544 50.7338 742.723 213.171 0.786945 0.786945 HessianAffine RootSIFT 0
135.862 212.066 678.652 327.57 0.787466 0.787466 HessianAffine RootSIFT 0
637.104 96.1891 55.5934 444.254 0.787758 0.874744 HessianAffine RootSIFT 0
534.225 326.02 685.102 332.301 0.787789 0.84409 HessianAffine RootSIFT 0
179.935 325.228 249.428 478.73 0.788441 0.868261 HessianAffine RootSIFT 0
63.7605 345.217 185.783 411.812 0.789635 0.923577 HessianAffine RootSIFT 0
630.256 162.845 687.076 376.108 0.789728 0.789728 HessianAffine RootSIFT 0
392.022 137.703 95.7482 411.743 0.790077 0.790077 HessianAffine RootSIFT 0
189.063 164.282 455.617 223.136 0.790218 0.790218 HessianAffine RootSIFT 0
506.486 340.04 410.045 329.332 0.791089 0.951712 MSER RootSIFT 0
119.839 71.2534 64.4394 86.4415 0.791205 0.791205 HessianAffine RootSIFT 0
722.501 341.002 206.065 306.796 0.791455 0.878345 HessianAffine RootSIFT 0
661.723 397.165 442.983 375.992 0.791758 0.909949 HessianAffine RootSIFT 0
218.732 108.115 609.379 185.115 0.79217 0.872328 MSER RootSIFT 0
288.79 174.801 663.429 238.307 0.792274 0.978814 MSER RootSIFT 0
227.996 135.15 779.8 240.338 0.792443 0.792443 HessianAffine RootSIFT 0
232.44 137.158 581.506 200.446 0.792763 0.792763 HessianAffine RootSIFT 0
732.432 349.802 290.021 170.141 0.792971 0.792971 HessianAffine RootSIFT 0
616.859 132.017 183.45 212.505 0.793199 0.942164 MSER RootSIFT 0
191.316 152.734 680.38 393.477 0.79332 0.79332 HessianAffine RootSIFT 0
304.17 267.845 575.806 325.345 0.793378 0.793378 HessianAffine RootSIFT 0
652.818 479.383 301.555 455.291 0.793523 0.793523 HessianAffine RootSIFT 0
409.117 325.404 404.342 334.562 0.793699 0.968738 MSER RootSIFT 0
175.883 334.631 442.983 375.992 0.794048 0.913006 HessianAffine RootSIFT 0
219.781 106.173 475.057 156.893 0.794315 0.794315 MSER RootSIFT 0
267.913 160.741 339.453 324.135 0.795161 0.980257 HessianAffine RootSIFT 0
356.508 150.424 654.323 169.995 0.795218 0.864028 HessianAffine RootSIFT 0
72.9571 242.329 297.324 136.623 0.795273 0.996333 MSER RootSIFT 0
722.83 292.105 183.432 209.653 0.795544 0.937199 MSER RootSIFT 0
125.929 229.22 367.622 304.479 0.795554 0.907833 HessianAffine RootSIFT 0
143.065 250.027 685.313 365.227 0.795683 0.795683 HessianAffine RootSIFT 0
668.901 460.518 287.783 172.434 0.795699 0.795699 HessianAffine RootSIFT 0
725.278 76.5544 171.558 202.665 0.795857 0.795857 HessianAffine RootSIFT 0
92.6695 76.2178 218.171 267.491 0.795966 0.81125 HessianAffine RootSIFT 0
60.3286 124.539 367.703 212.327 0.795996 0.937522 HessianAffine RootSIFT 0
219.781 106.173 557.058 226.315 0.796568 0.977746 MSER RootSIFT 0
327.525 201.327 539.885 222.566 0.796748 0.919443 HessianAffine RootSIFT 0
734.21 398.814 442.983 375.992 0.797114 0.857628 HessianAffine RootSIFT 0
407.732 231.259 561.387 229.556 0.797137 0.886912 MSER RootSIFT 0
92.6695 76.2178 570.021 195.987 0.797247 0.797247 HessianAffine RootSIFT 0
199.653 139.098 709.532 242.301 0.797725 0.818647 HessianAffine RootSIFT 0
260.447 159.129 607.712 217.782 0.798249 0.881956 HessianAffine RootSIFT 0
305.717 174.149 535.019 205.536 0.798368 0.935957 HessianAffine RootSIFT 0
603.575 153.229 668.262 351.877 0.79882 0.917826 HessianAffine RootSIFT 0
364.365 203.539 663.429 238.307 0.798825 0.941894 MSER RootSIFT 0
200.306 282.284 410.045 329.332 0.79886 0.85885 MSER RootSIFT 0
212.927 137.644 556.9 208.919 0.798977 0.798977 HessianAffine RootSIFT 0
92.6695 76.2178 781.938 235.014 0.799337 0.799337 HessianAffine RootSIFT 0
641.045 162.471 20.4121 187.209 0.799379 0.799379 HessianAffine RootSIFT 0
111.731 99.1038 591.393 215.128 0.799587 0.799587 HessianAffine RootSIFT 0
394.866 222.332 715.977 250.177 0.799726 0.799726 HessianAffine RootSIFT 0
192.601 282.95 401.236 333.553 0.800614 0.980098 MSER RootSIFT 0
242.743 363.339 544.734 416.829 0.80147 0.996936 MSER RootSIFT 0
727.283 296.466 183.45 212.505 0.801815 0.999209 MSER RootSIFT 0
573.439 339.612 92.1973 422.139 0.802772 0.944104 MSER RootSIFT 0
497.211 290.789 688.54 294.599 0.803908 0.90172 MSER RootSIFT 0
353.783 165.548 557.058 226.315 0.804563 0.977569 MSER RootSIFT 0
290.465 141.721 500.864 163.179 0.805044 0.937905 MSER RootSIFT 0
745.423 282.077 248.459 472.966 0.806484 0.968269 MSER RootSIFT 0
273.472 153.624 300.47 149.701 0.806626 0.996201 MSER RootSIFT 0
94.325 274.975 622.627 397.506 0.806707 0.806707 MSER RootSIFT 0
699.591 214.045 194.151 210.593 0.807117 0.807117 MSER RootSIFT 0
165.313 141.794 654.526 247.284 0.807802 0.9024 MSER RootSIFT 0
414.6 206.52 469.637 171.342 0.81108 0.91144 MSER RootSIFT 0
182.855 331.097 694.09 383.481 0.812778 0.812778 MSER RootSIFT 0
192.336 152.5 698.257 258.374 0.813795 0.813795 MSER RootSIFT 0
351.874 224.879 297.196 199.845 0.814481 0.98232 MSER RootSIFT 1
210.14 92.16 359.577 125.09 0.815235 0.815235 MSER RootSIFT 0
218.673 104.918 480.123 158.333 0.815762 0.977158 MSER RootSIFT 0
225.782 181.391 297.196 199.845 0.815903 0.939928 MSER RootSIFT 0
193.873 96.3673 505.394 161.155 0.817312 0.817312 MSER RootSIFT 0
616 322.125 302.17 265.711 0.818126 0.972841 MSER RootSIFT 0
140.562 275.362 685.036 399.882 0.818678 0.920908 MSER RootSIFT 0
105.283 418.696 367.688 391.388 0.818874 0.991215 MSER RootSIFT 0
72.3438 41.3542 484.708 208.463 0.818925 0.907936 MSER RootSIFT 0
410.128 260.57 386.182 239.076 0.819399 0.918848 MSER RootSIFT 1
111.461 59.3118 557.058 226.315 0.819914 0.996161 MSER RootSIFT 0
291.955 175.682 669.3 238.69 0.82007 0.82007 MSER RootSIFT 0
352.053 184.904 525.013 241.86 0.821564 0.821564 MSER RootSIFT 0
467.016 253.329 561.387 229.556 0.823069 0.900629 MSER RootSIFT 0
618.267 366.251 406.026 329.289 0.824156 0.90743 MSER RootSIFT 0
354.344 376.59 168 363.711 0.824242 0.824242 MSER RootSIFT 0
188.263 286.899 400.885 329.34 0.825579 0.856942 MSER RootSIFT 0
570.534 356.28 406.026 329.289 0.826873 0.884535 MSER RootSIFT 0
349.378 186.562 483.388 180.988 0.827008 0.827008 MSER RootSIFT 0
667.99 408.969 369.921 394.434 0.827619 0.827619 MSER RootSIFT 0
400.521 227.864 501.964 222.756 0.827705 0.970883 MSER RootSIFT 0
613.782 136.37 183.45 212.505 0.82876 0.889143 MSER RootSIFT 0
406.692 321.976 410.045 329.332 0.829937 0.862533 MSER RootSIFT 0
457.832 249.742 644.827 404.955 0.830059 0.830059 MSER RootSIFT 0
691.989 319.16 253.849 432.993 0.83034 0.951241 MSER RootSIFT 0
463.174 257.267 181.941 287.74 0.832276 0.908942 MSER RootSIFT 0
148.087 309.846 423.44 330.035 0.832299 0.832299 MSER RootSIFT 0
108.059 62.7712 475.616 161.895 0.83322 0.980119 MSER RootSIFT 0
489.557 273.129 525.854 240.672 0.833813 0.833813 MSER RootSIFT 0
563.588 398.225 544.236 417.949 0.834604 0.834604 MSER RootSIFT 0
717.044 336.704 298.39 332.418 0.835068 0.989039 MSER RootSIFT 0
401.697 235.739 727.583 269.593 0.835647 0.948974 MSER RootSIFT 0
691.434 492.795 692.559 297.819 0.83637 0.970594 MSER RootSIFT 0
238.459 362.757 538.439 417.745 0.836731 0.836731 MSER RootSIFT 0
105.375 347.931 685.477 382.92 0.83699 0.83699 MSER RootSIFT 0
279.235 123.969 359.577 125.09 0.837639 0.837639 MSER RootSIFT 0
448.263 309.754 663.429 238.307 0.838834 0.951188 MSER RootSIFT 0
194.316 296.31 402.993 335.092 0.838846 0.973943 MSER RootSIFT 0
385.618 345.211 195.411 296.794 0.839105 0.839105 MSER RootSIFT 0
691.989 319.16 584.059 475.9 0.839604 0.925726 MSER RootSIFT 0
523.768 329.841 624.342 367.132 0.839648 0.95985 MSER RootSIFT 0
623.047 330.46 247.41 470.603 0.839791 0.988656 MSER RootSIFT 0
351.282 185.429 473.05 176.131 0.839844 0.865295 MSER RootSIFT 0
190.038 277.766 185.418 289.925 0.84011 0.875501 MSER RootSIFT 0
291.952 186.891 236.511 167.747 0.840366 0.986734 MSER RootSIFT 0
489.669 289.89 654.087 292.992 0.841528 0.898708 MSER RootSIFT 1
97.6795 77.3462 575.859 195.808 0.841559 0.841559 MSER RootSIFT 0
215.473 169.979 727.583 269.593 0.842544 0.974625 MSER RootSIFT 0
371.792 315.903 513.143 225.476 0.842637 0.958907 MSER RootSIFT 0
113.5 59.1889 482.4 157.6 0.842981 0.894887 MSER RootSIFT 0
197.688 284.161 402.993 335.092 0.843331 0.843331 MSER RootSIFT 0
592.518 345.452 689.515 294.387 0.84361 0.983758 MSER RootSIFT 0
409.737 209.558 473.05 176.131 0.844401 0.895594 MSER RootSIFT 0
197.253 296.591 407.512 342.447 0.844496 0.966485 MSER RootSIFT 0
578.982 343.523 665.371 238.603 0.845156 0.965676 MSER RootSIFT 0
349.378 186.562 466.197 177.796 0.8461 0.919954 MSER RootSIFT 0
652.081 335.047 441.48 207.459 0.846685 0.937388 MSER RootSIFT 0
267.333 126.111 667.464 238.702 0.847672 0.847672 MSER RootSIFT 0
578.561 106.227 248.459 472.966 0.848335 0.904601 MSER RootSIFT 0
55.4016 230.107 292.329 460.619 0.848449 0.848449 MSER RootSIFT 0
243.341 106.5 423.663 137.093 0.849631 0.994297 MSER RootSIFT 0
397.286 312.857 410.045 329.332 0.849784 0.849784 MSER RootSIFT 0
