239.367 311.462 491.289 168.164 0.516249 0.516249 HessianAffine RootSIFT 0
207.297 738.341 361.147 226.565 0.521919 0.521919 HessianAffine RootSIFT 0
206.771 695.945 348.134 217.935 0.543217 0.942251 HessianAffine RootSIFT 0
236.27 481.105 482.331 188.192 0.544434 0.969583 MSER RootSIFT 0
257.98 633.593 639.306 206.495 0.551976 0.551976 HessianAffine RootSIFT 0
222.597 701.045 437.714 217.651 0.554133 0.878991 HessianAffine RootSIFT 1
236.867 484.038 489.099 188.281 0.562727 0.999657 MSER RootSIFT 0
252.496 742.685 650.08 224.928 0.570507 0.886301 HessianAffine RootSIFT 0
257.832 639.461 639.306 206.495 0.573694 0.573694 HessianAffine RootSIFT 0
212.089 690.967 383.066 215.593 0.575164 0.983444 HessianAffine RootSIFT 0
226.339 767.011 499.381 232.025 0.580628 0.958977 HessianAffine RootSIFT 0
226.716 690.459 459.486 215.064 0.581741 0.581741 HessianAffine RootSIFT 0
275.304 384.696 275.764 169.329 0.582408 0.889213 HessianAffine RootSIFT 0
244.606 681.832 560.861 213.847 0.58882 0.827187 HessianAffine RootSIFT 0
212.06 722.87 387.76 223.532 0.595904 0.97031 HessianAffine RootSIFT 0
219.749 683.887 416.8 214.759 0.600458 0.991934 HessianAffine RootSIFT 0
235.024 730.592 515.633 224.816 0.609087 0.609087 HessianAffine RootSIFT 0
259.995 717.906 667.843 222.055 0.616058 0.807157 HessianAffine RootSIFT 0
218.338 683.08 410.326 214.87 0.617601 0.8906 HessianAffine RootSIFT 1
272.885 429.21 692.179 178.688 0.622513 0.807905 HessianAffine RootSIFT 0
197.232 526.432 281.77 195.967 0.622825 0.855351 HessianAffine RootSIFT 0
222.156 731.483 448.067 224.068 0.624325 0.86402 HessianAffine RootSIFT 0
233.33 711.151 524.836 219.187 0.625312 0.625312 HessianAffine RootSIFT 0
255.723 410.907 593.454 178.801 0.627891 0.627891 HessianAffine RootSIFT 0
214.933 796.632 645.925 228.471 0.630068 0.630068 HessianAffine RootSIFT 0
216.354 715.901 410.664 221.962 0.630306 0.876761 HessianAffine RootSIFT 0
228.796 682.055 459.486 215.064 0.631115 0.631115 HessianAffine RootSIFT 0
208.424 397.709 315.862 179.955 0.631546 0.81707 HessianAffine RootSIFT 0
209.538 713.715 368.338 220.835 0.631557 0.892975 HessianAffine RootSIFT 0
208.424 397.709 321.905 179.765 0.632171 0.975851 HessianAffine RootSIFT 0
263.038 420.253 637.321 179.106 0.633171 0.633171 HessianAffine RootSIFT 0
237.319 442.463 494.048 184.502 0.63392 0.97059 HessianAffine RootSIFT 0
220.46 695.448 433.357 216.499 0.634941 0.849623 HessianAffine RootSIFT 0
235.697 406.188 475.475 178.56 0.638975 0.638975 HessianAffine RootSIFT 0
254.812 754.789 667.606 227.765 0.640099 0.640099 HessianAffine RootSIFT 0
233.705 699.952 507.899 217.402 0.640596 0.640596 HessianAffine RootSIFT 1
271.849 488.777 689.29 188.471 0.643004 0.643004 HessianAffine RootSIFT 0
255.317 685.701 635.887 214.581 0.643389 0.643389 HessianAffine RootSIFT 0
210.594 732.403 387.76 223.532 0.645685 0.811871 HessianAffine RootSIFT 0
227.383 548.432 421.837 195.651 0.64648 0.64648 HessianAffine RootSIFT 0
234.679 689.163 500.464 215.476 0.648549 0.648549 HessianAffine RootSIFT 0
223.841 768.577 473.481 232.458 0.649731 0.997725 HessianAffine RootSIFT 0
259.742 505.446 620.365 188.723 0.650066 0.650066 HessianAffine RootSIFT 0
247.308 606.884 575.464 202.862 0.653394 0.653394 HessianAffine RootSIFT 0
198.805 737.079 330.774 228.034 0.654182 0.912815 HessianAffine RootSIFT 0
257.188 735.444 650.884 224.277 0.65495 0.65495 HessianAffine RootSIFT 0
263.558 473.073 484.984 178.97 0.656071 0.912038 HessianAffine RootSIFT 0
227.911 684.655 465.176 214.629 0.657139 0.657139 HessianAffine RootSIFT 0
261.162 499.331 620.365 188.723 0.659797 0.90313 HessianAffine RootSIFT 0
196.025 440.976 514.271 237.962 0.660379 0.823517 HessianAffine RootSIFT 0
267.934 694.9 491.254 242.895 0.660948 0.660948 HessianAffine RootSIFT 0
214.167 688.229 391.417 216.519 0.661104 0.889175 HessianAffine RootSIFT 0
207.035 762.044 384.689 231.56 0.661302 0.838213 HessianAffine RootSIFT 0
196.486 457.957 499.123 239.722 0.662722 0.662722 HessianAffine RootSIFT 0
255.205 462.253 659.713 197.442 0.66342 0.936698 HessianAffine RootSIFT 0
200.945 623.095 494.668 184.27 0.66549 0.96507 HessianAffine RootSIFT 0
268.045 680.48 337.958 231.135 0.666328 0.666328 HessianAffine RootSIFT 0
214.529 340.617 522.418 238.147 0.666683 0.666683 HessianAffine RootSIFT 0
233.23 670.01 488.828 212.664 0.668749 0.668749 HessianAffine RootSIFT 0
261.813 421.859 626.076 179.45 0.67139 0.67139 HessianAffine RootSIFT 0
268.986 686.634 491.254 242.895 0.671479 0.671479 HessianAffine RootSIFT 0
225.672 674.604 492.514 223.984 0.672799 0.864428 HessianAffine RootSIFT 0
251.012 707.259 439.66 228.425 0.672873 0.927528 HessianAffine RootSIFT 0
268.529 512.556 689.29 188.471 0.673447 0.673447 HessianAffine RootSIFT 0
243.233 759.431 576.11 230.454 0.674536 0.975228 HessianAffine RootSIFT 0
196.076 453.165 514.356 239.548 0.677267 0.677267 HessianAffine RootSIFT 0
226.719 703.259 466.232 217.081 0.677331 0.677331 HessianAffine RootSIFT 0
243.149 706.245 574.639 218.423 0.679413 0.679413 HessianAffine RootSIFT 0
196.431 363.879 485.712 240.577 0.679417 0.877288 HessianAffine RootSIFT 0
213.562 715.174 389.116 222.352 0.681217 0.681217 HessianAffine RootSIFT 0
242.505 694.085 570.669 217.287 0.681545 0.99872 HessianAffine RootSIFT 0
259.951 487.598 588.176 179.572 0.681761 0.681761 HessianAffine RootSIFT 0
213.754 662.893 378.765 211.057 0.682 0.957147 HessianAffine RootSIFT 0
227.155 731.174 482.691 223.613 0.682943 0.859092 HessianAffine RootSIFT 0
217.798 702.427 647.481 202.601 0.684977 0.811846 HessianAffine RootSIFT 0
222.306 586.174 418.322 201.426 0.686387 0.686387 HessianAffine RootSIFT 0
246.162 699.201 575.556 218.197 0.687839 0.860237 HessianAffine RootSIFT 0
261.228 455.438 634.432 217.418 0.689856 0.932988 HessianAffine RootSIFT 0
205.819 687.489 342.725 213.861 0.690955 0.881712 HessianAffine RootSIFT 0
245.346 735.919 577.997 224.407 0.691689 0.691689 HessianAffine RootSIFT 0
215.182 729.766 411.05 224.108 0.692463 0.87686 HessianAffine RootSIFT 0
230.256 682.271 477.496 214.779 0.692659 0.864066 HessianAffine RootSIFT 0
233.023 659.265 493.846 209.848 0.693393 0.693393 HessianAffine RootSIFT 0
257.523 699.584 656.162 217.047 0.694694 0.982886 HessianAffine RootSIFT 1
197.585 431.1 268.855 184.418 0.695814 0.825477 HessianAffine RootSIFT 0
243.313 737.124 573.484 226.926 0.696747 0.968132 HessianAffine RootSIFT 0
261.416 497.695 627.447 188.821 0.696847 0.873602 HessianAffine RootSIFT 1
258.636 402.104 667.131 180.912 0.698138 0.8634 HessianAffine RootSIFT 0
221.95 689.127 434.266 216.146 0.698383 0.957957 HessianAffine RootSIFT 1
211.681 479.779 475.37 178.484 0.699747 0.94932 HessianAffine RootSIFT 0
241.781 380.22 468.069 182.003 0.701284 0.978799 HessianAffine RootSIFT 0
226.14 765.967 492.312 233.638 0.70156 0.82545 HessianAffine RootSIFT 0
234.957 704.982 524.836 219.187 0.70157 0.70157 HessianAffine RootSIFT 0
228.378 764.567 505.106 231.605 0.70375 0.890662 HessianAffine RootSIFT 0
208.013 761.533 374.493 233.223 0.704755 0.849154 HessianAffine RootSIFT 0
272.211 444.993 588.444 173.58 0.706403 0.985194 HessianAffine RootSIFT 0
255.307 714.655 436.385 232.194 0.70648 0.933226 HessianAffine RootSIFT 0
248.602 413.221 556.508 179.9 0.706848 0.966368 HessianAffine RootSIFT 0
163.984 54.4502 439.45 232.304 0.707015 0.982554 HessianAffine RootSIFT 0
264.796 448.177 647.818 180.666 0.707119 0.933216 HessianAffine RootSIFT 0
221.75 383.607 389.612 176 0.707152 0.936328 HessianAffine RootSIFT 0
230.625 713.082 504.45 224.139 0.707698 0.707698 HessianAffine RootSIFT 0
261.843 471.962 363.637 214.539 0.710462 0.956433 HessianAffine RootSIFT 0
221.073 777.984 662.197 179.198 0.710568 0.879196 HessianAffine RootSIFT 0
250.554 556.679 631.336 208.45 0.711357 0.994317 MSER RootSIFT 0
213.698 405.264 336.669 180.245 0.711856 0.88587 HessianAffine RootSIFT 0
215.051 775.466 418.877 233.492 0.712406 0.88984 HessianAffine RootSIFT 0
220.321 785.415 475.225 236.734 0.712419 0.801903 HessianAffine RootSIFT 0
211.681 479.779 482.993 178.764 0.713815 0.988716 HessianAffine RootSIFT 0
195.314 446.041 514.356 239.548 0.714651 0.714651 HessianAffine RootSIFT 0
213.44 429.203 360.725 180.904 0.716235 0.716235 HessianAffine RootSIFT 0
196.314 383.955 263.835 178.141 0.716993 0.864139 HessianAffine RootSIFT 0
199.657 494.989 575.193 230.137 0.717165 0.717165 HessianAffine RootSIFT 0
246.622 642.406 354.807 197.789 0.717706 0.717706 HessianAffine RootSIFT 0
230.52 746.779 508.357 226.946 0.717729 0.872628 HessianAffine RootSIFT 0
262.13 394.127 287.19 176.844 0.718889 0.831515 HessianAffine RootSIFT 0
195.03 367.891 514.271 237.962 0.719035 0.719035 HessianAffine RootSIFT 0
273.734 435.01 692.179 178.688 0.719628 0.719628 HessianAffine RootSIFT 0
205.835 702.616 659.608 214.462 0.72127 0.909223 HessianAffine RootSIFT 0
275.069 383.302 268.393 170.015 0.721784 0.96954 HessianAffine RootSIFT 0
237.895 538.425 547.563 226.63 0.722374 0.997769 HessianAffine RootSIFT 0
204.183 285.698 273.129 165.856 0.722918 0.722918 HessianAffine RootSIFT 0
259.911 726.906 667.843 222.055 0.725521 0.725521 HessianAffine RootSIFT 0
244.51 691.411 562.601 214.856 0.726052 0.996011 HessianAffine RootSIFT 0
196.552 461.767 532.876 237.304 0.726151 0.942925 HessianAffine RootSIFT 0
252.851 741.526 662.197 179.198 0.726365 0.900369 HessianAffine RootSIFT 0
243.599 407.74 892.728 304.791 0.727021 0.957452 HessianAffine RootSIFT 0
211.369 480.462 340.447 189.114 0.727826 0.95554 HessianAffine RootSIFT 0
258.508 724.52 321.462 220.572 0.729306 0.992899 HessianAffine RootSIFT 0
269.66 685.581 628.958 167.915 0.729411 0.817777 HessianAffine RootSIFT 0
265.768 399.823 844.656 283.38 0.729951 0.729951 HessianAffine RootSIFT 0
215.336 661.586 385.437 211.182 0.730263 0.834317 HessianAffine RootSIFT 0
233.23 670.01 479.928 214.562 0.731298 0.843595 HessianAffine RootSIFT 0
242.902 698.731 558.045 216.162 0.731547 0.842214 HessianAffine RootSIFT 0
238.498 709.265 524.836 219.187 0.731846 0.81454 HessianAffine RootSIFT 0
228.135 783.215 687.23 214.076 0.731848 0.878734 HessianAffine RootSIFT 0
268.379 687.892 337.958 231.135 0.732194 0.732194 HessianAffine RootSIFT 0
261.886 450.278 635.383 217.442 0.73224 0.987864 HessianAffine RootSIFT 0
234.416 681.326 488.828 212.664 0.732539 0.732539 HessianAffine RootSIFT 0
227.264 729.477 379.191 211 0.732779 0.978215 HessianAffine RootSIFT 0
256.248 628.79 639.306 206.495 0.733973 0.733973 HessianAffine RootSIFT 0
248.749 707.766 354.89 187.113 0.734084 0.910004 HessianAffine RootSIFT 0
261.769 391.774 662.707 214.851 0.735137 0.942611 HessianAffine RootSIFT 0
244.68 723.211 378.781 186.995 0.735204 0.954751 HessianAffine RootSIFT 0
197.915 463.781 319.107 220.057 0.735921 0.858726 HessianAffine RootSIFT 0
221.268 793.339 688.207 213.463 0.736792 0.898263 HessianAffine RootSIFT 0
220.578 708.861 441.548 218.332 0.737059 0.956154 HessianAffine RootSIFT 0
255.005 748.882 685.317 210.884 0.737141 0.924045 HessianAffine RootSIFT 0
196.93 373.09 262.031 177.204 0.737209 0.908273 HessianAffine RootSIFT 0
210.913 469.994 474.026 178.517 0.737381 0.867827 HessianAffine RootSIFT 0
257.155 570.415 624.852 199.526 0.737453 0.918222 HessianAffine RootSIFT 0
196.506 461.266 519.889 235.587 0.738777 0.97043 HessianAffine RootSIFT 0
223 756.107 485.329 232.003 0.73891 0.939638 HessianAffine RootSIFT 0
226.58 667.145 462.197 208.286 0.739604 0.946648 HessianAffine RootSIFT 0
193.833 669.75 499.123 239.722 0.740427 0.740427 HessianAffine RootSIFT 0
254.645 550.79 646.89 211.439 0.741325 0.741325 HessianAffine RootSIFT 0
256.498 692.377 632.914 215.131 0.741538 0.741538 HessianAffine RootSIFT 0
267.408 704.435 491.254 242.895 0.741937 0.741937 HessianAffine RootSIFT 0
271.421 638.431 491.254 242.895 0.742627 0.742627 HessianAffine RootSIFT 0
252.657 746.338 674.709 179.026 0.743118 0.743118 HessianAffine RootSIFT 0
221.032 719.473 369.804 300.704 0.744128 0.996308 HessianAffine RootSIFT 0
237.36 401.824 464.785 177.899 0.744833 0.744833 HessianAffine RootSIFT 0
227.629 412.689 364.076 192.44 0.745024 0.978178 HessianAffine RootSIFT 0
262.371 552.207 374.4 196.407 0.745344 0.745344 HessianAffine RootSIFT 0
220.689 728.722 436.953 222.94 0.746935 0.966742 HessianAffine RootSIFT 0
197.151 444.446 298.372 205.441 0.747448 0.807403 HessianAffine RootSIFT 0
236.35 404.052 482.993 178.764 0.747639 0.941708 HessianAffine RootSIFT 0
267.596 701.138 337.958 231.135 0.748111 0.748111 HessianAffine RootSIFT 0
232.19 596.06 497.836 180.659 0.749118 0.949919 HessianAffine RootSIFT 0
208.081 362.813 301.026 176.209 0.7493 0.977354 HessianAffine RootSIFT 0
265.865 704.627 391.524 167.574 0.749551 0.749551 HessianAffine RootSIFT 0
236.737 448.61 662.787 203.619 0.749656 0.958838 HessianAffine RootSIFT 0
267.616 663.78 500.848 241.029 0.750174 0.866771 HessianAffine RootSIFT 0
200.813 701.225 319.498 220.736 0.750241 0.95317 HessianAffine RootSIFT 0
236.724 709.5 542.9 217.473 0.750242 0.750242 HessianAffine RootSIFT 0
237.079 548.732 883.976 309.097 0.750398 0.750398 HessianAffine RootSIFT 0
236.448 549.912 425.171 217.722 0.750799 0.980928 HessianAffine RootSIFT 0
199.685 563.495 300.601 198.616 0.751477 0.93082 HessianAffine RootSIFT 0
234.566 428.476 642.681 186.333 0.751805 0.903712 HessianAffine RootSIFT 0
214.137 426.307 368.689 180.322 0.752566 0.752566 HessianAffine RootSIFT 0
196.595 347.491 463.091 241.564 0.75312 0.926135 HessianAffine RootSIFT 0
243.882 747.086 573.484 226.926 0.753335 0.817448 HessianAffine RootSIFT 0
256.821 393.08 337.632 212.84 0.753715 0.922572 HessianAffine RootSIFT 0
211.287 391.888 325.399 179.335 0.754088 0.83594 HessianAffine RootSIFT 0
202.697 262.559 276.161 165.851 0.754921 0.99302 HessianAffine RootSIFT 0
269.113 682.685 463.091 241.564 0.755042 0.827011 HessianAffine RootSIFT 0
220.725 727.27 561.965 195.769 0.755829 0.973817 HessianAffine RootSIFT 0
256.809 713.32 667.131 180.912 0.755943 0.853366 HessianAffine RootSIFT 0
196.043 451.334 268.855 184.418 0.755954 0.958259 HessianAffine RootSIFT 0
200.159 719.574 327.148 223.865 0.756028 0.756028 HessianAffine RootSIFT 0
254.79 747.492 649.805 225.411 0.75639 0.917073 HessianAffine RootSIFT 0
214.814 478.625 641.389 364.554 0.756454 0.932264 HessianAffine RootSIFT 0
270.161 671.046 628.958 167.915 0.757312 0.885899 HessianAffine RootSIFT 0
235.655 603.683 492.146 203.09 0.757966 0.757966 HessianAffine RootSIFT 0
262.294 646.279 659.308 220.96 0.758082 0.966145 HessianAffine RootSIFT 0
262.35 320.935 626.709 169.708 0.758172 0.975306 HessianAffine RootSIFT 0
195.279 451.473 499.123 239.722 0.758702 0.758702 HessianAffine RootSIFT 0
218.847 684.919 421.733 212.97 0.758766 0.758766 HessianAffine RootSIFT 0
228.061 677.718 635.267 208.984 0.758817 0.869733 MSER RootSIFT 0
196.595 347.491 469.965 240.952 0.759151 0.759151 HessianAffine RootSIFT 0
203.804 726.409 674.709 179.026 0.759231 0.759231 HessianAffine RootSIFT 0
218.795 695.868 441.468 218.059 0.759321 0.759321 HessianAffine RootSIFT 0
215.514 494.947 660.362 196.739 0.760416 0.986304 HessianAffine RootSIFT 0
255.718 399.676 647.364 209.265 0.76088 0.915839 HessianAffine RootSIFT 0
264.924 481.404 748.928 178.491 0.760929 0.990709 HessianAffine RootSIFT 0
276.031 458.121 486.806 241.922 0.761086 0.979268 HessianAffine RootSIFT 0
235.67 544.891 634.099 197.828 0.761097 0.989031 HessianAffine RootSIFT 0
199.164 570.132 594.317 229.617 0.761809 0.879949 HessianAffine RootSIFT 0
257.938 649.57 640.055 207.368 0.762224 0.901723 HessianAffine RootSIFT 0
212.207 604.933 475.37 178.484 0.762283 0.98921 HessianAffine RootSIFT 0
225.432 764.416 486.465 232.365 0.762316 0.932527 HessianAffine RootSIFT 0
197.815 336.381 460.616 241.21 0.762522 0.762522 HessianAffine RootSIFT 0
265.922 690.674 319.033 229.367 0.76296 0.863137 HessianAffine RootSIFT 0
245.404 722.684 419.056 224.332 0.762969 0.924116 HessianAffine RootSIFT 0
273.915 428.509 480.067 241.093 0.763135 0.763135 HessianAffine RootSIFT 0
234.431 608.789 492.146 203.09 0.763355 0.911599 HessianAffine RootSIFT 0
214.293 423.876 360.725 180.904 0.76353 0.76353 HessianAffine RootSIFT 0
220.137 704.486 623.144 218.522 0.76372 0.965798 HessianAffine RootSIFT 0
248.318 687.217 582.979 213.815 0.763898 0.913672 HessianAffine RootSIFT 0
208.901 773.08 302.996 213.734 0.764209 0.927661 HessianAffine RootSIFT 0
46.784 123.362 313.642 180.615 0.764867 0.985521 HessianAffine RootSIFT 0
275.182 372.27 271.614 170.591 0.765007 0.802007 HessianAffine RootSIFT 0
245.58 642.841 371.36 204.36 0.765136 0.765136 HessianAffine RootSIFT 0
221.12 719.099 363.616 214.838 0.765173 0.990458 HessianAffine RootSIFT 0
264.847 346.674 624.794 170.79 0.766019 0.978459 HessianAffine RootSIFT 0
219.09 780.662 659.907 216.427 0.766393 0.884212 HessianAffine RootSIFT 0
262.254 335.887 624.794 170.79 0.766416 0.897221 HessianAffine RootSIFT 0
231.117 446.207 662.787 203.619 0.766581 0.980025 HessianAffine RootSIFT 0
223.982 714.131 650.752 196.166 0.766887 0.934322 HessianAffine RootSIFT 0
212.951 676.794 370.261 183.896 0.767171 0.902419 HessianAffine RootSIFT 0
255.132 694.026 457.394 231.619 0.767176 0.911897 HessianAffine RootSIFT 0
246.539 399.382 645.431 203.173 0.767952 0.974375 HessianAffine RootSIFT 0
242.199 384.02 661.047 206.351 0.768468 0.954514 HessianAffine RootSIFT 0
244.706 728.34 577.997 224.407 0.768563 0.768563 HessianAffine RootSIFT 0
270.989 495.581 554.726 279.608 0.769034 0.982247 HessianAffine RootSIFT 0
30.7846 81.6563 476.84 222.778 0.769035 0.90184 HessianAffine RootSIFT 0
239.536 672.025 531.89 212.238 0.769215 0.845165 HessianAffine RootSIFT 0
195.38 396.567 504.107 240.691 0.769222 0.984294 HessianAffine RootSIFT 0
250.342 696.908 626.032 191.922 0.769386 0.769386 HessianAffine RootSIFT 0
199.977 451.02 322.294 212.603 0.769599 0.886645 HessianAffine RootSIFT 0
211.947 773.546 320.079 122.36 0.769697 0.875043 HessianAffine RootSIFT 0
196.561 433.126 523.362 237.993 0.77028 0.928297 HessianAffine RootSIFT 0
271.224 673.83 493.732 242.789 0.770755 0.861149 HessianAffine RootSIFT 0
259.976 693.447 657.032 178.522 0.771195 0.96427 HessianAffine RootSIFT 0
198.65 342.684 460.616 241.21 0.77126 0.944576 HessianAffine RootSIFT 0
229.169 621.286 527.461 278.166 0.772182 0.83791 HessianAffine RootSIFT 0
209.961 703.474 287.596 379.85 0.772245 0.901225 HessianAffine RootSIFT 0
251.451 553.298 623.081 181.964 0.772248 0.955116 HessianAffine RootSIFT 0
235.932 690.763 631.286 200.722 0.77249 0.981814 HessianAffine RootSIFT 0
234.453 419.659 649.423 187.702 0.77258 0.959583 HessianAffine RootSIFT 0
247.644 549.042 645.493 202.975 0.772744 0.772744 HessianAffine RootSIFT 0
240.649 381.3 295.509 196.437 0.772835 0.936595 HessianAffine RootSIFT 0
228.971 399.945 429.455 177.341 0.77284 0.903423 HessianAffine RootSIFT 0
255.098 467.631 659.713 197.442 0.772987 0.990355 HessianAffine RootSIFT 0
212.19 737.607 389.837 224.86 0.773044 0.83123 HessianAffine RootSIFT 0
234.249 695.003 500.552 215.379 0.773055 0.981773 HessianAffine RootSIFT 0
264.833 365.97 527.131 281.572 0.773414 0.930475 HessianAffine RootSIFT 0
263.205 481.644 485.45 178.872 0.773781 0.773781 HessianAffine RootSIFT 0
196.14 454.619 532.876 237.304 0.773872 0.957668 HessianAffine RootSIFT 0
203.804 726.409 684.268 212.016 0.774015 0.941326 HessianAffine RootSIFT 0
251.767 557.586 646.89 211.439 0.774016 0.93477 HessianAffine RootSIFT 0
215.466 525.769 368.014 195.412 0.774093 0.855977 HessianAffine RootSIFT 0
197.962 477.374 555.787 233.076 0.774717 0.774717 HessianAffine RootSIFT 0
242.496 411.004 484.383 179.062 0.774722 0.807208 HessianAffine RootSIFT 0
203.575 720.809 662.197 179.198 0.774851 0.924472 HessianAffine RootSIFT 0
238.106 535.964 559.006 225.217 0.77527 0.99938 HessianAffine RootSIFT 0
214.244 344.697 107.443 157.974 0.775679 0.946744 HessianAffine RootSIFT 0
263.434 390.303 674.66 213.453 0.775921 0.775921 HessianAffine RootSIFT 0
265.559 461.101 498.426 180.709 0.77629 0.880528 HessianAffine RootSIFT 0
197.585 431.1 262.031 177.204 0.776416 0.989118 HessianAffine RootSIFT 0
258.167 661.025 360.234 215.332 0.776725 0.923023 HessianAffine RootSIFT 0
268.392 679.87 489.19 242.152 0.777125 0.873636 HessianAffine RootSIFT 0
201.045 505.617 691.372 213.662 0.77763 0.952618 HessianAffine RootSIFT 0
203.323 612.248 471.886 182.08 0.777757 0.93842 HessianAffine RootSIFT 0
210.607 459.743 355.903 178.77 0.778015 0.778015 HessianAffine RootSIFT 0
246.907 717.381 423.395 224.429 0.778213 0.995745 HessianAffine RootSIFT 0
233.732 663.488 487.17 207.893 0.778234 0.778234 HessianAffine RootSIFT 0
198.092 577.377 594.317 229.617 0.778463 0.859099 HessianAffine RootSIFT 0
219.198 756.339 441.809 228.849 0.778464 0.975202 HessianAffine RootSIFT 0
231.661 363.821 662.787 203.619 0.778483 0.985602 HessianAffine RootSIFT 0
267.098 673.457 708.882 209.297 0.778518 0.778518 HessianAffine RootSIFT 0
231.527 391.462 499.653 180.725 0.778999 0.871472 HessianAffine RootSIFT 0
200.243 724.388 319.395 224.537 0.779309 0.998212 HessianAffine RootSIFT 0
267.506 693.11 337.958 231.135 0.779315 0.779315 HessianAffine RootSIFT 0
236.876 485.091 378.823 211.258 0.779328 0.985675 HessianAffine RootSIFT 0
254.923 571.266 480.785 302.086 0.779799 0.950513 HessianAffine RootSIFT 0
212.664 580.683 883.854 288.241 0.780646 0.994422 HessianAffine RootSIFT 0
207.261 694.696 658.445 208.228 0.780695 0.881541 HessianAffine RootSIFT 0
211.807 412.071 634.645 347.651 0.780815 0.780815 HessianAffine RootSIFT 0
268.736 506.978 601.972 229.46 0.780827 0.928198 HessianAffine RootSIFT 0
209.729 800.379 267.495 174.169 0.781738 0.992377 HessianAffine RootSIFT 0
219.019 452.197 491.23 324.919 0.781782 0.945001 HessianAffine RootSIFT 0
246.236 719.526 386.428 187.201 0.781862 0.781862 HessianAffine RootSIFT 0
233.137 614.801 99.2121 335.101 0.782342 0.939668 HessianAffine RootSIFT 0
35.1899 110.764 465.6 214.502 0.782345 0.940581 HessianAffine RootSIFT 0
203.59 611.889 661.801 203.198 0.782756 0.84227 HessianAffine RootSIFT 0
247.096 704.356 583.353 217.685 0.782892 0.782892 HessianAffine RootSIFT 0
226.507 688.442 651.73 207.591 0.783061 0.93717 HessianAffine RootSIFT 0
268.028 770.808 254.738 233.617 0.783303 0.995051 HessianAffine RootSIFT 0
230.237 542.982 576.352 217.183 0.783351 0.91595 HessianAffine RootSIFT 0
242.08 697.835 636.106 195.626 0.783351 0.911692 HessianAffine RootSIFT 0
263.436 644.808 671.193 207.365 0.783655 0.988571 HessianAffine RootSIFT 0
214.505 533.938 362.793 195.706 0.783859 0.783859 HessianAffine RootSIFT 0
253.273 546.111 451.342 326.389 0.783913 0.949937 HessianAffine RootSIFT 0
239.509 711.962 548.136 220.054 0.784152 0.931408 HessianAffine RootSIFT 0
232.368 716.965 523.917 219.63 0.784351 0.784351 HessianAffine RootSIFT 0
219.221 654.717 747.667 335.056 0.784736 0.974808 MSER RootSIFT 0
220.762 666.158 579.978 213.211 0.784878 0.784878 HessianAffine RootSIFT 0
207.793 467.015 667.492 180.338 0.785594 0.785594 HessianAffine RootSIFT 0
45.2623 138.114 451.031 196.69 0.785618 0.927037 HessianAffine RootSIFT 0
273.507 465.728 443.432 239.099 0.785666 0.785666 HessianAffine RootSIFT 0
234.29 777.701 285.496 189.785 0.786071 0.992526 HessianAffine RootSIFT 0
203.879 626.332 651.35 200.496 0.7871 0.974036 HessianAffine RootSIFT 0
228.237 710.324 644.115 202.444 0.787142 0.881193 HessianAffine RootSIFT 0
234.618 417.876 668.271 195.646 0.78724 0.944618 MSER RootSIFT 0
36.6758 111.382 620.012 195.434 0.787578 0.787578 HessianAffine RootSIFT 0
237.221 535.751 625.152 208.885 0.787734 0.979516 HessianAffine RootSIFT 0
253.267 691.318 621.959 214.213 0.787769 0.970172 HessianAffine RootSIFT 0
239.412 761.878 569.068 231.197 0.78783 0.968066 HessianAffine RootSIFT 0
265.571 696.526 630.003 169.199 0.787853 0.952169 HessianAffine RootSIFT 0
228.454 711.543 649.366 207.161 0.788813 0.870051 HessianAffine RootSIFT 0
213.698 405.264 325.399 179.335 0.78894 0.861559 HessianAffine RootSIFT 0
233.135 777.543 686.073 210.083 0.788943 0.837774 HessianAffine RootSIFT 0
234.23 731.583 600.87 180.899 0.789184 0.980559 HessianAffine RootSIFT 0
221.381 683.101 647.315 201.683 0.789497 0.952046 HessianAffine RootSIFT 0
211.81 779.081 433.883 237.839 0.789551 0.789551 HessianAffine RootSIFT 0
276.873 450.239 489.19 242.152 0.789579 0.877714 HessianAffine RootSIFT 0
233.401 418.254 601.752 204.857 0.789955 0.789955 HessianAffine RootSIFT 0
273.487 462.634 291.892 280.984 0.789968 0.987775 HessianAffine RootSIFT 0
202.591 744.173 640.956 228.274 0.789996 0.993078 HessianAffine RootSIFT 0
259.976 693.447 658.133 216.789 0.790118 0.994777 HessianAffine RootSIFT 0
231.362 784.643 309.731 217.068 0.790163 0.978631 HessianAffine RootSIFT 0
199.37 268.088 273.219 164.905 0.790255 0.927525 HessianAffine RootSIFT 0
214.675 671.348 378.781 186.995 0.790282 0.790282 HessianAffine RootSIFT 0
232.941 715.337 644.115 202.444 0.790652 0.848226 HessianAffine RootSIFT 0
254.918 715.665 430.432 231.782 0.790802 0.881909 HessianAffine RootSIFT 0
272.398 479.462 430.274 235.802 0.79086 0.977152 HessianAffine RootSIFT 0
195.622 459.338 526.102 238.455 0.790973 0.947902 HessianAffine RootSIFT 0
200.694 472.415 543.236 232.106 0.791381 0.995974 HessianAffine RootSIFT 0
253.46 715.537 361.48 178.603 0.791426 0.876648 HessianAffine RootSIFT 0
257.831 478.668 298.652 291.36 0.791509 0.990727 HessianAffine RootSIFT 0
214.057 539.764 362.793 195.706 0.791594 0.791594 HessianAffine RootSIFT 0
33.7314 80.8061 718.672 166.154 0.791696 0.897596 HessianAffine RootSIFT 0
240 488.905 482.331 188.192 0.792009 0.99159 MSER RootSIFT 0
214.908 506.271 485.45 178.872 0.792109 0.824941 HessianAffine RootSIFT 0
252.715 726.99 428.532 231.881 0.79213 0.961159 HessianAffine RootSIFT 0
270.304 513.195 555.205 279.535 0.792139 0.952098 HessianAffine RootSIFT 0
233.588 701.023 514.551 214.756 0.792231 0.976635 HessianAffine RootSIFT 0
216.794 521.884 204.301 295.86 0.79257 0.79257 HessianAffine RootSIFT 0
234.133 471.894 427.465 186.041 0.793027 0.93007 HessianAffine RootSIFT 0
211.952 299.966 701.594 185.066 0.793147 0.933455 HessianAffine RootSIFT 0
263.599 414.933 642.924 222.89 0.793154 0.918418 HessianAffine RootSIFT 0
266.61 689.997 327.095 229.329 0.793234 0.984694 HessianAffine RootSIFT 0
208.701 587.525 441.855 299.694 0.793252 0.929352 HessianAffine RootSIFT 0
195.365 380.741 504.831 240.304 0.793259 0.981557 HessianAffine RootSIFT 0
275.393 459.022 463.091 241.564 0.793289 0.827139 HessianAffine RootSIFT 0
227.513 723.952 378.765 211.057 0.793491 0.974179 HessianAffine RootSIFT 0
213.36 625.432 482.167 300.627 0.793711 0.934666 HessianAffine RootSIFT 0
239.529 396.433 647.546 206.285 0.79407 0.948168 HessianAffine RootSIFT 0
272.584 651.81 628.958 167.915 0.7941 0.934653 HessianAffine RootSIFT 0
241.2 670.643 897.887 320.984 0.794171 0.794171 MSER RootSIFT 0
236.597 397.792 482.993 178.764 0.794215 0.951993 HessianAffine RootSIFT 0
210.48 598.868 414.063 213.512 0.794381 0.946968 HessianAffine RootSIFT 0
199.71 623.238 308.824 218.912 0.794433 0.983374 HessianAffine RootSIFT 0
212.571 484.101 348.748 189.156 0.794613 0.949149 HessianAffine RootSIFT 0
193.076 683.514 499.123 239.722 0.794658 0.794658 HessianAffine RootSIFT 0
232.328 524.121 592.196 224.738 0.794941 0.936693 HessianAffine RootSIFT 0
226.195 715.077 646.091 199.333 0.795008 0.795008 HessianAffine RootSIFT 0
271.5 307.462 748.151 227.966 0.795152 0.893647 HessianAffine RootSIFT 0
214.981 527.459 362.793 195.706 0.79517 0.92907 HessianAffine RootSIFT 0
276.363 430.523 489.19 242.152 0.795181 0.978727 HessianAffine RootSIFT 0
200.194 623.017 631.281 226.112 0.795504 0.846996 HessianAffine RootSIFT 0
287.965 145.219 662.707 214.851 0.795906 0.943649 HessianAffine RootSIFT 0
216.197 724.1 379.759 182.343 0.79597 0.89783 HessianAffine RootSIFT 0
269.834 693.597 391.524 167.574 0.795977 0.795977 HessianAffine RootSIFT 0
184.889 688.382 270.626 211.792 0.795993 0.82076 HessianAffine RootSIFT 0
210.607 678.717 391.639 215.084 0.796494 0.948461 HessianAffine RootSIFT 0
261.988 597.596 652.355 199.747 0.796962 0.90376 HessianAffine RootSIFT 0
257.325 690.089 628.167 179.731 0.797105 0.979368 HessianAffine RootSIFT 0
232.854 488.513 485.009 190.212 0.797303 0.996657 MSER RootSIFT 0
208.901 773.08 645.607 228.273 0.79737 0.946287 HessianAffine RootSIFT 0
215.349 506.848 439.845 327.613 0.797399 0.797399 HessianAffine RootSIFT 0
15.4746 768.142 504.807 416.912 0.797559 0.958793 HessianAffine RootSIFT 0
15.7861 768.577 499.51 416.845 0.797569 0.999297 HessianAffine RootSIFT 0
259.714 602.343 437.838 220.839 0.797587 0.797587 MSER RootSIFT 0
263.549 466.669 667.131 180.912 0.797738 0.797738 HessianAffine RootSIFT 0
264.861 694.2 309.4 227.61 0.797747 0.879055 HessianAffine RootSIFT 0
238.048 705.88 536.561 218.645 0.797813 0.861432 HessianAffine RootSIFT 1
258.651 530.864 599.92 181.785 0.797959 0.873654 HessianAffine RootSIFT 0
247.957 718.249 782.435 230.146 0.797989 0.835365 HessianAffine RootSIFT 0
268.283 632.724 347.21 233.244 0.798115 0.994869 HessianAffine RootSIFT 0
257.898 625.701 352.978 192.401 0.798212 0.978016 HessianAffine RootSIFT 0
257.155 570.415 615.914 196.781 0.798261 0.798261 HessianAffine RootSIFT 0
198.188 686.962 306.463 215.639 0.798539 0.944198 HessianAffine RootSIFT 0
210.322 464.547 361.563 179.094 0.798777 0.967788 HessianAffine RootSIFT 0
205.834 317.71 47.8418 282.921 0.798928 0.906042 HessianAffine RootSIFT 0
213.406 485.227 734.168 375.981 0.798964 0.942402 HessianAffine RootSIFT 0
237.858 725.831 655.527 207.6 0.79899 0.858217 HessianAffine RootSIFT 0
226.836 763.565 473.481 232.458 0.799217 0.919725 HessianAffine RootSIFT 0
238.64 448.491 423.367 224.105 0.79938 0.926982 HessianAffine RootSIFT 0
258.81 542.855 363.637 214.539 0.799424 0.930294 HessianAffine RootSIFT 0
218.233 361.4 97.9967 168.534 0.799559 0.988872 HessianAffine RootSIFT 0
203.275 350.864 466.872 234.608 0.799642 0.882813 HessianAffine RootSIFT 0
215.024 722.948 411.05 224.108 0.799803 0.88676 HessianAffine RootSIFT 0
37.6096 77.3047 249.928 159.861 0.799946 0.988964 HessianAffine RootSIFT 0
240.116 675.221 485.672 224.516 0.801718 0.963618 MSER RootSIFT 0
39.75 125.65 892.842 295.386 0.803937 0.803937 MSER RootSIFT 0
234.417 681.61 630.378 204.105 0.8126 0.912092 MSER RootSIFT 0
211.701 535.021 433.885 222.831 0.817259 0.978862 MSER RootSIFT 0
232.441 672.961 630.378 204.105 0.820537 0.92954 MSER RootSIFT 0
221.012 529.491 342.429 211.765 0.836023 0.955286 MSER RootSIFT 0
230.827 666.783 630.378 204.105 0.840174 0.921086 MSER RootSIFT 0
