401.694 272.649 294.447 323.178 0.472702 0.472702 MSER RootSIFT 1
467.7 318.56 324.451 370.153 0.486596 0.486596 MSER RootSIFT 1
695.638 206.095 302.331 55.0914 0.491536 0.491536 HessianAffine RootSIFT 0
618.21 547.629 264.362 937.734 0.50816 0.50816 MSER RootSIFT 0
221.083 200.076 200.055 332.476 0.562696 0.998568 HessianAffine RootSIFT 0
257.901 452.967 463.805 242.619 0.56482 0.909769 HessianAffine RootSIFT 0
436.026 37.0257 302.331 55.0914 0.56811 0.56811 HessianAffine RootSIFT 0
232.669 192.767 217.134 310.516 0.590984 0.590984 HessianAffine RootSIFT 0
228.303 200.745 209.986 328.304 0.591293 0.956603 HessianAffine RootSIFT 0
468.273 288.491 336.183 289.866 0.603285 0.603285 MSER RootSIFT 1
343.875 214.585 431.07 837.068 0.607317 0.607317 HessianAffine RootSIFT 0
199.695 303.027 123.287 691.229 0.610858 0.610858 HessianAffine RootSIFT 0
676.792 198.692 307.551 62.3183 0.649847 0.803645 HessianAffine RootSIFT 0
224.208 196.942 203.921 326.444 0.654012 0.925343 HessianAffine RootSIFT 0
521.076 383.484 260.229 635.968 0.660065 0.660065 HessianAffine RootSIFT 0
400.069 547.108 295.962 924.576 0.660871 0.660871 MSER RootSIFT 0
325.886 264.376 250.067 376.16 0.662443 0.662443 HessianAffine RootSIFT 1
429.737 227.452 454.167 396.829 0.662498 0.662498 HessianAffine RootSIFT 0
338.23 272.627 256.12 380.908 0.665408 0.665408 MSER RootSIFT 1
899.53 420.306 441.9 511.722 0.665586 0.665586 HessianAffine RootSIFT 0
324.277 310.876 422.052 408.666 0.670428 0.670428 HessianAffine RootSIFT 0
436.085 274.353 316.92 292.848 0.670484 0.670484 HessianAffine RootSIFT 1
669.046 440.351 479.057 523.055 0.671446 0.671446 HessianAffine RootSIFT 0
113.877 521.915 257.307 766.646 0.675165 0.675165 MSER RootSIFT 0
482.578 358.031 320.464 457.973 0.675718 0.961226 MSER RootSIFT 1
346.602 342.702 237.431 524.795 0.677147 0.677147 HessianAffine RootSIFT 0
432.589 182.368 270.076 659.836 0.678712 0.678712 HessianAffine RootSIFT 0
449.381 286.912 324.823 308.416 0.679564 0.679564 HessianAffine RootSIFT 0
518.708 470.655 303.147 736.805 0.68069 0.68069 MSER RootSIFT 0
371.798 476.652 203.946 822.167 0.683294 0.993243 MSER RootSIFT 0
516.041 189.113 270.076 659.836 0.68443 0.68443 HessianAffine RootSIFT 0
377.002 309.152 267.682 427.032 0.692337 0.692337 HessianAffine RootSIFT 0
253.523 132.103 385.014 822.393 0.69332 0.69332 HessianAffine RootSIFT 0
520.621 179.195 271.956 646.567 0.69341 0.69341 HessianAffine RootSIFT 0
263.438 148.808 45.2383 955.627 0.696093 0.696093 HessianAffine RootSIFT 0
443.13 271.682 322.219 279.943 0.696451 0.696451 HessianAffine RootSIFT 1
224.336 190.851 205.716 316.324 0.697139 0.940279 HessianAffine RootSIFT 0
343.918 112.33 33.2281 484.622 0.697462 0.837456 HessianAffine RootSIFT 0
672.33 180.482 302.331 55.0914 0.701414 0.701414 HessianAffine RootSIFT 0
306.243 370.756 567.205 308.863 0.701969 0.701969 HessianAffine RootSIFT 0
476.958 231.538 454.167 396.829 0.702434 0.702434 HessianAffine RootSIFT 0
696.153 197.44 198.579 145.489 0.702937 0.702937 HessianAffine RootSIFT 0
222.875 484.208 118.615 884.649 0.703138 0.703138 MSER RootSIFT 0
194.398 432.364 136.267 634.035 0.703321 0.703321 MSER RootSIFT 0
591.634 687.879 84.873 545.222 0.703346 0.703346 HessianAffine RootSIFT 0
134.403 95.371 157.583 921.21 0.705631 0.705631 MSER RootSIFT 0
499.706 646.755 509.307 351.705 0.707111 0.707111 MSER RootSIFT 0
434.288 400.099 465.482 140.047 0.707755 0.707755 HessianAffine RootSIFT 0
313.369 253.013 564.618 517.939 0.708071 0.819302 HessianAffine RootSIFT 0
493.951 232.479 284.116 625.003 0.712884 0.712884 HessianAffine RootSIFT 0
318.123 341.493 222.31 537.238 0.713889 0.713889 HessianAffine RootSIFT 0
317.921 566.665 559.067 557.067 0.714366 0.917273 HessianAffine RootSIFT 0
300.708 392.417 209.056 740.667 0.714935 0.714935 MSER RootSIFT 0
600.778 496.082 437.342 510.962 0.718508 0.865719 HessianAffine RootSIFT 0
679 386.5 202.935 848.016 0.718965 0.718965 MSER RootSIFT 0
452.919 279.258 324.392 285.229 0.719152 0.719152 HessianAffine RootSIFT 0
467.023 496.023 195.505 806.332 0.719842 0.939378 MSER RootSIFT 0
195.885 536.259 562.697 400.096 0.719883 0.719883 HessianAffine RootSIFT 0
417.343 488.421 652.656 425.237 0.720146 0.720146 HessianAffine RootSIFT 0
543.147 309.703 503.091 112.821 0.72133 0.72133 HessianAffine RootSIFT 0
336.901 648.814 29.2052 801.794 0.721815 0.721815 HessianAffine RootSIFT 0
584.199 239.718 284.116 625.003 0.722416 0.722416 HessianAffine RootSIFT 0
345.189 379.39 276.536 628.57 0.722668 0.722668 HessianAffine RootSIFT 0
404.936 300.117 297.021 371.942 0.723104 0.723104 MSER RootSIFT 0
292.783 535.159 617.97 908.19 0.723885 0.723885 HessianAffine RootSIFT 0
164.733 254.104 396.882 623.733 0.723924 0.723924 HessianAffine RootSIFT 0
649.744 367.588 343.002 542.876 0.724978 0.724978 HessianAffine RootSIFT 0
422.64 355.234 279.975 500.158 0.725901 0.725901 HessianAffine RootSIFT 1
534.032 648.625 611.601 918.97 0.726777 0.802362 HessianAffine RootSIFT 0
669.205 445.208 478.592 535.63 0.727593 0.727593 HessianAffine RootSIFT 1
445.133 289.663 318.047 329.349 0.72761 0.72761 MSER RootSIFT 0
619.26 508.484 101.212 642.499 0.728572 0.728572 HessianAffine RootSIFT 0
523.022 234.971 454.167 396.829 0.729446 0.729446 HessianAffine RootSIFT 0
617.077 194.663 550.344 560.539 0.73097 0.95954 HessianAffine RootSIFT 0
869.376 491.58 131.196 533.98 0.731123 0.731123 HessianAffine RootSIFT 0
361.356 260.473 264.435 347.339 0.731188 0.731188 MSER RootSIFT 0
904.128 124.988 302.331 55.0914 0.732656 0.877669 HessianAffine RootSIFT 0
770.787 302.785 164.104 678 0.733231 0.733231 MSER RootSIFT 0
707.561 373.072 244.995 921.146 0.733284 0.917472 HessianAffine RootSIFT 0
419.579 300.891 297.021 371.942 0.734292 0.734292 MSER RootSIFT 1
569.266 633.804 401.981 450.287 0.73498 0.73498 HessianAffine RootSIFT 0
303.315 54.6885 302.331 55.0914 0.735343 0.735343 HessianAffine RootSIFT 0
422.86 346.988 282.624 476.904 0.735963 0.948209 MSER RootSIFT 0
794.229 575.32 501.067 324.787 0.736335 0.865597 HessianAffine RootSIFT 0
530.922 403.246 465.482 140.047 0.736469 0.736469 HessianAffine RootSIFT 0
880.051 185.055 228.513 141.593 0.737494 0.921864 HessianAffine RootSIFT 0
283.895 111.214 407.266 931.04 0.73975 0.73975 HessianAffine RootSIFT 0
362.815 502.258 465.434 633.474 0.739997 0.953783 HessianAffine RootSIFT 0
564.401 477.57 342.652 729.44 0.742954 0.898391 MSER RootSIFT 1
98.625 49.25 352.941 927.706 0.744201 0.907959 MSER RootSIFT 0
413.972 414.321 106.389 799.833 0.744505 0.744505 MSER RootSIFT 0
195.484 506.44 424.295 931.98 0.745572 0.745572 HessianAffine RootSIFT 0
444.471 254.678 372.28 507.632 0.745727 0.745727 HessianAffine RootSIFT 0
379.971 324.461 263.5 460.375 0.745785 0.745785 MSER RootSIFT 1
339.68 198.138 420.191 313.061 0.746213 0.746213 HessianAffine RootSIFT 0
635.933 244.414 443.46 408.32 0.747586 0.747586 HessianAffine RootSIFT 0
184.878 554.72 273.82 637.318 0.747725 0.869474 MSER RootSIFT 0
450.8 327.374 308.143 413.56 0.747917 0.747917 HessianAffine RootSIFT 0
175.681 529.864 208.532 811.13 0.747974 0.747974 HessianAffine RootSIFT 0
441.811 279.139 321.411 301.831 0.748673 0.900374 MSER RootSIFT 0
94.8974 601.846 125.7 936.736 0.748702 0.748702 MSER RootSIFT 0
430.648 206.792 52.572 686.123 0.750029 0.750029 HessianAffine RootSIFT 0
292.137 65.0978 372.112 895.06 0.750184 0.750184 HessianAffine RootSIFT 0
49.4533 107.886 329.857 785.281 0.750185 0.750185 HessianAffine RootSIFT 0
295.368 644.067 456.492 654.099 0.750316 0.750316 HessianAffine RootSIFT 0
328.587 466.065 293.7 941.12 0.750923 0.750923 MSER RootSIFT 0
352.602 259.139 331.695 253.966 0.751436 0.936318 HessianAffine RootSIFT 0
638.102 459.521 239.571 345.476 0.751495 0.751495 HessianAffine RootSIFT 0
528.073 213.869 420.191 313.061 0.751784 0.751784 HessianAffine RootSIFT 0
486.905 164.216 301.614 277.205 0.753369 0.753369 HessianAffine RootSIFT 0
319.53 388.062 194.086 276.543 0.753383 0.9066 HessianAffine RootSIFT 0
373.185 351.901 248.28 527.079 0.75346 0.75346 HessianAffine RootSIFT 0
752.333 595.231 221.248 250.158 0.753662 0.753662 HessianAffine RootSIFT 0
171.042 603.241 211.84 402.054 0.753671 0.753671 HessianAffine RootSIFT 0
299.434 179.863 189.86 736.682 0.75393 0.75393 HessianAffine RootSIFT 0
307.259 322.518 559.118 378.602 0.753994 0.753994 HessianAffine RootSIFT 0
860.515 338.85 89.8942 651.775 0.754511 0.754511 HessianAffine RootSIFT 0
177.955 533.474 622.748 907.201 0.754727 0.754727 HessianAffine RootSIFT 0
336.382 390.974 215.848 640.841 0.754829 0.901584 HessianAffine RootSIFT 1
193.661 172.068 387.128 308.709 0.754939 0.96514 MSER RootSIFT 0
515.262 306.381 297.021 371.942 0.755245 0.755245 MSER RootSIFT 0
451.895 305.763 317.232 353.985 0.755368 0.755368 MSER RootSIFT 1
328.459 396.071 471.673 131.367 0.755513 0.918267 MSER RootSIFT 0
361.758 527.681 465.434 633.474 0.7556 0.969715 HessianAffine RootSIFT 0
338.437 303.22 215.848 640.841 0.755752 0.985956 HessianAffine RootSIFT 0
511.057 239.289 316.28 660.987 0.756517 0.756517 HessianAffine RootSIFT 0
438.018 286.286 314.66 323.691 0.756532 0.756532 HessianAffine RootSIFT 0
324.903 643.173 614.81 938.867 0.756561 0.756561 HessianAffine RootSIFT 0
531.111 271.347 325.362 263.339 0.756585 0.993651 MSER RootSIFT 0
84.9998 379.449 76.165 747.058 0.756664 0.756664 HessianAffine RootSIFT 0
404.576 398.495 465.482 140.047 0.756683 0.756683 HessianAffine RootSIFT 0
34.6977 293.859 423.349 836.698 0.757447 0.757447 HessianAffine RootSIFT 0
869.773 681.304 379.246 500.117 0.757617 0.757617 HessianAffine RootSIFT 0
449.684 481.144 476.507 668.84 0.757773 0.757773 HessianAffine RootSIFT 0
70.9482 701.335 402.672 633.849 0.758169 0.886795 HessianAffine RootSIFT 0
409.61 284.28 295.689 344.173 0.758541 0.983834 MSER RootSIFT 1
420.831 341.541 357.648 406.904 0.758923 0.758923 HessianAffine RootSIFT 0
599.929 407.805 328.532 480.824 0.759292 0.759292 HessianAffine RootSIFT 0
176.24 223.648 88.7837 661.31 0.759341 0.865194 HessianAffine RootSIFT 0
906.307 520.956 271.056 632.841 0.759703 0.759703 HessianAffine RootSIFT 0
502.591 402.098 465.482 140.047 0.760204 0.833271 HessianAffine RootSIFT 0
611.415 292.626 263.313 656.662 0.760713 0.760713 HessianAffine RootSIFT 0
441.221 393.322 486.45 119.91 0.76099 0.76099 HessianAffine RootSIFT 0
534.893 235.957 443.46 408.32 0.761362 0.800295 HessianAffine RootSIFT 0
658.642 694.419 260.801 665.236 0.762085 0.916792 HessianAffine RootSIFT 0
714.995 267.822 300.296 302.508 0.762232 0.762232 HessianAffine RootSIFT 0
328.186 382.75 297.021 371.942 0.762612 0.762612 MSER RootSIFT 0
827.578 509.103 223.342 752.301 0.76267 0.917297 HessianAffine RootSIFT 0
788.725 677.633 301.614 277.205 0.763068 0.763068 HessianAffine RootSIFT 0
136.121 445.815 166.112 826.031 0.763679 0.763679 HessianAffine RootSIFT 0
227.831 545.884 571.9 381.442 0.763866 0.763866 HessianAffine RootSIFT 0
192.067 654.163 564.888 516.989 0.764194 0.764194 HessianAffine RootSIFT 0
778.935 508.335 280.665 140.774 0.765077 0.765077 HessianAffine RootSIFT 0
522.294 270.581 435.098 316.954 0.765484 0.765484 HessianAffine RootSIFT 0
934.61 494.921 588.77 942.525 0.765663 0.886918 HessianAffine RootSIFT 0
188.003 196.874 443.46 408.32 0.765969 0.765969 HessianAffine RootSIFT 0
29.3097 175.493 172.106 242.666 0.766085 0.766085 HessianAffine RootSIFT 0
48.6667 460.548 330.017 737.492 0.766361 0.918797 MSER RootSIFT 0
909.69 616.193 393.028 956.072 0.766655 0.766655 HessianAffine RootSIFT 0
424.139 216.276 194.086 276.543 0.766918 0.992722 HessianAffine RootSIFT 0
545.142 536.141 263.027 869.2 0.767305 0.767305 HessianAffine RootSIFT 0
421.375 315.95 454.762 324.837 0.767922 0.767922 MSER RootSIFT 0
427.398 308.603 215.848 640.841 0.768012 0.768012 HessianAffine RootSIFT 0
283.5 520.5 171.827 613.104 0.76828 0.76828 MSER RootSIFT 0
113.883 46.0932 612.71 97.3957 0.768391 0.768391 HessianAffine RootSIFT 0
422.197 690.878 602.888 226.146 0.768717 0.955269 HessianAffine RootSIFT 0
183.91 254.803 396.882 623.733 0.768744 0.768744 HessianAffine RootSIFT 0
564.829 610.083 231.729 492.418 0.768774 0.768774 HessianAffine RootSIFT 0
965.96 392.581 289.856 619.965 0.768796 0.768796 HessianAffine RootSIFT 0
361.764 162.199 406.963 629.272 0.76887 0.76887 HessianAffine RootSIFT 0
425.077 347.176 287.976 469.157 0.76917 0.861243 HessianAffine RootSIFT 0
419.294 308.416 215.848 640.841 0.769587 0.819638 HessianAffine RootSIFT 0
694.586 440.405 502.657 31.5667 0.769816 0.769816 HessianAffine RootSIFT 0
322.89 401.958 423.838 409.258 0.770622 0.962853 HessianAffine RootSIFT 0
257.964 258.746 431.718 425.97 0.770788 0.923116 MSER RootSIFT 0
306.809 336.43 559.118 378.602 0.770839 0.770839 HessianAffine RootSIFT 0
599.03 409.652 189.104 754.295 0.770892 0.88862 HessianAffine RootSIFT 0
478.024 428.897 455.464 491.156 0.771178 0.771178 MSER RootSIFT 0
292.051 559.191 258.742 862.88 0.771782 0.771782 HessianAffine RootSIFT 0
792.961 533.185 50.3323 789.452 0.771849 0.771849 HessianAffine RootSIFT 0
760.564 423.903 319.769 313.056 0.771892 0.771892 HessianAffine RootSIFT 0
418.559 315.431 285.242 422.131 0.772063 0.957624 MSER RootSIFT 0
817.931 312.643 213.348 759.5 0.772323 0.94508 MSER RootSIFT 0
413.475 583.813 220.635 258.161 0.772368 0.857934 HessianAffine RootSIFT 0
452.352 517.626 58.916 530.511 0.772775 0.772775 HessianAffine RootSIFT 0
196.521 379.611 123.287 691.229 0.772991 0.772991 HessianAffine RootSIFT 0
418.631 468.062 258.519 766.221 0.773246 0.944265 MSER RootSIFT 0
205.17 215.622 178.4 376.315 0.773293 0.845876 HessianAffine RootSIFT 0
323.678 669.35 345.717 434.299 0.773676 0.773676 HessianAffine RootSIFT 0
292.095 545.87 356.941 442.42 0.77387 0.976321 HessianAffine RootSIFT 0
442.835 228.374 443.46 408.32 0.774133 0.774133 HessianAffine RootSIFT 0
66.0224 682.555 60.5432 961.97 0.774626 0.774626 HessianAffine RootSIFT 0
46.2354 436.34 319.769 313.056 0.77475 0.77475 HessianAffine RootSIFT 0
92.9323 271.734 443.46 408.32 0.775451 0.775451 HessianAffine RootSIFT 0
477.125 366.181 313.7 484.511 0.775453 0.775453 HessianAffine RootSIFT 1
858.322 593.553 254.554 603.472 0.775457 0.775457 MSER RootSIFT 0
508.951 177.49 616.659 919.152 0.775619 0.775619 MSER RootSIFT 0
422.564 318.179 408.995 299.386 0.775767 0.775767 HessianAffine RootSIFT 0
98.5169 254.192 88.7837 661.31 0.776074 0.776074 HessianAffine RootSIFT 0
320.014 266.134 506.881 285.185 0.776198 0.932111 HessianAffine RootSIFT 0
485.344 488.614 305.525 593.475 0.776344 0.776344 HessianAffine RootSIFT 0
375.796 486.604 197.402 856.094 0.77659 0.77659 HessianAffine RootSIFT 0
133.149 555.412 261.414 597.282 0.77679 0.77679 HessianAffine RootSIFT 0
674.083 442.843 489.474 516.054 0.776797 0.776797 HessianAffine RootSIFT 0
196.166 212.835 303.099 266.11 0.7771 0.7771 HessianAffine RootSIFT 0
163.133 686.462 273.825 874.365 0.777454 0.777454 HessianAffine RootSIFT 0
777.077 580.195 286.691 343.456 0.777757 0.8181 HessianAffine RootSIFT 0
381.028 223.911 454.167 396.829 0.778 0.778 HessianAffine RootSIFT 0
620.083 446.169 413.289 346.738 0.778419 0.778419 HessianAffine RootSIFT 0
259.345 281.725 443.46 408.32 0.778687 0.778687 HessianAffine RootSIFT 0
942.073 393.508 107.611 767.561 0.778776 0.778776 HessianAffine RootSIFT 0
476.109 267.114 350.09 229.508 0.778999 0.778999 HessianAffine RootSIFT 1
168.965 386.615 112.795 711.506 0.779019 0.779019 HessianAffine RootSIFT 0
326.97 399.151 465.602 155.702 0.779038 0.779038 HessianAffine RootSIFT 0
419.276 306.266 294.188 388.373 0.779547 0.779547 HessianAffine RootSIFT 1
583.961 656.173 252.417 507.518 0.77972 0.77972 HessianAffine RootSIFT 0
636.438 304.671 456.428 393.927 0.779915 0.779915 HessianAffine RootSIFT 0
947.387 269.378 213.895 247.889 0.780383 0.780383 HessianAffine RootSIFT 0
566.825 483.946 337.871 751.289 0.780468 0.993878 MSER RootSIFT 0
153.903 614.434 170.7 689.844 0.781171 0.781171 HessianAffine RootSIFT 0
482.083 42.139 228.6 140.509 0.781234 0.781234 HessianAffine RootSIFT 0
171.795 501.345 269.382 758.467 0.781342 0.990835 HessianAffine RootSIFT 0
905.021 471.077 280.643 417.097 0.781364 0.781364 HessianAffine RootSIFT 0
375.531 309.693 271.04 556.65 0.781419 0.995847 HessianAffine RootSIFT 0
468.202 358.929 309.45 477.428 0.781454 0.781454 HessianAffine RootSIFT 0
75.9347 285.914 443.553 428.698 0.782364 0.782364 HessianAffine RootSIFT 0
249.388 168.842 310.562 828.808 0.78238 0.78238 HessianAffine RootSIFT 0
391.771 170.357 404.469 956.629 0.782498 0.782498 HessianAffine RootSIFT 0
904.218 463.279 445.393 115.822 0.782526 0.782526 HessianAffine RootSIFT 0
184.904 188.536 447.345 119.492 0.78273 0.78273 HessianAffine RootSIFT 0
329.781 350.294 327.099 487.54 0.78299 0.78299 HessianAffine RootSIFT 0
101.155 479.799 621.794 918.348 0.783164 0.819939 HessianAffine RootSIFT 0
436.648 295.404 448.756 404.822 0.783539 0.936369 HessianAffine RootSIFT 0
845.69 649.39 251.451 602.025 0.783618 0.783618 HessianAffine RootSIFT 0
596.856 334.818 553.834 549.45 0.783712 0.845781 HessianAffine RootSIFT 0
177.444 195.314 187.867 917.495 0.783865 0.838718 HessianAffine RootSIFT 0
185.905 408.59 252.417 507.518 0.783995 0.783995 HessianAffine RootSIFT 0
446.13 625.048 411.015 299.011 0.78414 0.78414 HessianAffine RootSIFT 0
670.867 317.265 168.083 240.501 0.784196 0.784196 HessianAffine RootSIFT 0
420.214 337.357 274.261 631.908 0.784958 0.784958 MSER RootSIFT 0
900.729 696.959 212.102 726.674 0.785072 0.785072 HessianAffine RootSIFT 0
671.392 237.235 593.453 203.31 0.785158 0.785158 HessianAffine RootSIFT 0
294.261 151.484 362.04 195.031 0.785231 0.785231 HessianAffine RootSIFT 0
654.549 624.354 379.909 453.951 0.785343 0.944455 MSER RootSIFT 0
865.38 503.885 217.879 756.161 0.785371 0.91828 HessianAffine RootSIFT 0
784.044 391.995 479.125 98.303 0.785731 0.875171 MSER RootSIFT 0
658.133 258.58 575.754 436.898 0.785863 0.785863 HessianAffine RootSIFT 0
591.923 469.103 237.553 285.791 0.786 0.874692 HessianAffine RootSIFT 0
805.617 333.761 249.39 963.994 0.786288 0.786288 HessianAffine RootSIFT 0
502.975 414.765 460.394 193.232 0.786907 0.855482 MSER RootSIFT 0
145.222 211.41 354.377 521.729 0.786942 0.786942 HessianAffine RootSIFT 0
824.013 587.01 429.922 425.548 0.787019 0.986201 HessianAffine RootSIFT 0
375.069 178.829 156.314 867.31 0.787117 0.787117 HessianAffine RootSIFT 0
531.095 235.732 458.903 123.777 0.787138 0.787138 HessianAffine RootSIFT 0
482.799 315.039 217.014 500.643 0.787165 0.787165 HessianAffine RootSIFT 0
604.564 405.215 205.998 741.396 0.787242 0.787242 HessianAffine RootSIFT 0
737.703 592.294 193.39 750.227 0.787667 0.787667 HessianAffine RootSIFT 0
530.244 413.192 378.293 446.393 0.787677 0.996022 MSER RootSIFT 0
372.777 483.343 201.779 827.845 0.787904 0.787904 HessianAffine RootSIFT 0
786.563 647.268 562.697 400.096 0.788061 0.897382 HessianAffine RootSIFT 0
302.786 309.357 209.056 740.667 0.78811 0.78811 MSER RootSIFT 0
208.234 652.815 571.003 528.447 0.788275 0.978156 HessianAffine RootSIFT 0
631.031 531.949 627.086 103.382 0.788336 0.788336 HessianAffine RootSIFT 0
259.666 144.993 269.849 874.124 0.788401 0.788401 HessianAffine RootSIFT 0
318.731 535.268 547.782 534.854 0.788823 0.985473 HessianAffine RootSIFT 0
308.845 243.289 548.069 468.78 0.789294 0.957128 HessianAffine RootSIFT 0
489.862 232.981 443.46 408.32 0.789495 0.789495 HessianAffine RootSIFT 0
453.314 355.997 302.405 475.342 0.789505 0.789505 HessianAffine RootSIFT 0
327.553 219.763 457.055 397.227 0.789513 0.789513 HessianAffine RootSIFT 0
328.009 379.954 276.536 628.57 0.789748 0.789748 HessianAffine RootSIFT 0
539.444 236.221 284.116 625.003 0.790014 0.790014 HessianAffine RootSIFT 0
582.546 447.589 425.397 376.711 0.790082 0.996092 HessianAffine RootSIFT 0
921.754 496.422 568.121 938.425 0.790338 0.91124 HessianAffine RootSIFT 0
670.361 422.956 485.231 486.77 0.790355 0.790355 HessianAffine RootSIFT 0
351.867 289.859 447.372 404.419 0.790429 0.790429 HessianAffine RootSIFT 0
79.6663 479.855 207.895 246.516 0.790458 0.840795 HessianAffine RootSIFT 0
425.089 240.771 287.458 630.439 0.790491 0.822496 HessianAffine RootSIFT 0
625.758 144.467 209.652 154.098 0.790512 0.840574 HessianAffine RootSIFT 0
192.6 182.35 288.818 939.828 0.790573 0.790573 HessianAffine RootSIFT 0
199.349 616.126 283.801 950.034 0.790817 0.790817 HessianAffine RootSIFT 0
581.079 191.876 421.969 374.067 0.790954 0.996282 HessianAffine RootSIFT 0
611.5 510.959 428.753 448.377 0.791027 0.992824 MSER RootSIFT 0
299.491 147.413 296.119 327.419 0.791485 0.853287 MSER RootSIFT 0
552.984 259.57 303.099 266.11 0.791721 0.791721 HessianAffine RootSIFT 0
217.286 547.332 112.916 905.073 0.791948 0.791948 HessianAffine RootSIFT 0
359.336 268.75 268.164 358.293 0.791987 0.791987 MSER RootSIFT 0
439.766 394.096 452.59 407.936 0.792049 0.792049 HessianAffine RootSIFT 0
597.306 527.452 195.186 736.046 0.792093 0.792093 HessianAffine RootSIFT 0
674.862 439.982 488.466 510.733 0.792123 0.792123 HessianAffine RootSIFT 1
391.436 615.987 49.6913 530.856 0.792457 0.792457 HessianAffine RootSIFT 0
453.259 696.576 602.888 226.146 0.792458 0.915749 HessianAffine RootSIFT 0
742.411 495.566 436.462 189.565 0.792583 0.792583 HessianAffine RootSIFT 0
290.008 678.046 214.31 695.185 0.792837 0.792837 HessianAffine RootSIFT 0
171.15 535.631 560.79 422.905 0.793012 0.958135 HessianAffine RootSIFT 0
620.514 638.392 157.892 605.394 0.793145 0.793145 MSER RootSIFT 0
225.533 78.4301 537.008 776.902 0.793391 0.912324 HessianAffine RootSIFT 0
592.222 164.007 350.538 109.883 0.793523 0.793523 HessianAffine RootSIFT 0
974.995 411.194 463.805 242.619 0.793563 0.922582 HessianAffine RootSIFT 0
678.305 420.544 500.843 433.803 0.793678 0.793678 HessianAffine RootSIFT 1
327.291 349.075 221.435 909.496 0.793802 0.998083 HessianAffine RootSIFT 0
983.311 606.291 169.301 933.853 0.793856 0.979936 HessianAffine RootSIFT 0
158.14 373.638 111.08 694.789 0.794046 0.94467 HessianAffine RootSIFT 0
582.161 495.166 515.377 39.8711 0.794062 0.794062 HessianAffine RootSIFT 0
337.155 489.031 103 621 0.794081 0.992115 MSER RootSIFT 0
204.699 659.309 571.003 528.447 0.794397 0.859505 HessianAffine RootSIFT 0
305.533 605.101 363.16 312.444 0.794441 0.794441 HessianAffine RootSIFT 0
364.73 440.216 224.253 639.722 0.794605 0.794605 HessianAffine RootSIFT 0
933.55 620.902 301.614 277.205 0.795097 0.795097 HessianAffine RootSIFT 0
163.745 292.929 199.079 577.658 0.795132 0.91142 MSER RootSIFT 0
88.0146 308.888 109.217 592.167 0.795186 0.944898 MSER RootSIFT 0
668.163 376.123 506.881 285.185 0.795448 0.935062 HessianAffine RootSIFT 0
313.042 450.949 185.78 780.367 0.795537 0.871379 MSER RootSIFT 1
262.274 637.897 207.895 246.516 0.795545 0.970208 HessianAffine RootSIFT 0
305.596 419.578 548.069 468.78 0.795824 0.987183 HessianAffine RootSIFT 0
119.906 628.297 311.01 638.715 0.795897 0.951046 HessianAffine RootSIFT 0
87.3338 425.729 260.315 597.108 0.795934 0.830089 HessianAffine RootSIFT 0
134.284 178.416 203.799 302.306 0.795938 0.795938 HessianAffine RootSIFT 0
434.293 301.603 297.021 371.942 0.796304 0.796304 MSER RootSIFT 0
951.014 500.014 171.827 613.104 0.796418 0.796418 MSER RootSIFT 0
83.5826 379.835 93.1507 729.737 0.796441 0.796441 HessianAffine RootSIFT 0
180.459 666.071 292.076 621.063 0.796571 0.796571 HessianAffine RootSIFT 0
362.095 519.115 465.434 633.474 0.796773 0.958241 HessianAffine RootSIFT 0
267.528 647.785 447.738 525.923 0.796901 0.796901 HessianAffine RootSIFT 0
353.39 199.845 301.194 853.169 0.796913 0.88513 HessianAffine RootSIFT 0
392.021 628.563 460.132 271.964 0.796966 0.796966 HessianAffine RootSIFT 0
207.696 503.661 28.7541 965.226 0.797003 0.797003 HessianAffine RootSIFT 0
365.247 351.457 245.833 532.783 0.79706 0.79706 HessianAffine RootSIFT 1
643.686 390.078 123.447 598.118 0.797227 0.797227 HessianAffine RootSIFT 0
699.98 351.041 441.048 267.283 0.797228 0.821231 HessianAffine RootSIFT 0
655.047 474.525 425.715 666.767 0.797347 0.963007 HessianAffine RootSIFT 0
209.791 287.751 143.966 636.917 0.797641 0.797641 HessianAffine RootSIFT 0
594.035 258.944 632.166 420.562 0.797671 0.797671 HessianAffine RootSIFT 0
152.172 210.958 402.672 633.849 0.7977 0.7977 HessianAffine RootSIFT 0
537.833 281.611 268.164 358.293 0.797906 0.858281 MSER RootSIFT 0
928.46 640.397 556.287 446.857 0.797925 0.934607 HessianAffine RootSIFT 0
765.629 492.635 344.007 382.909 0.798069 0.798069 HessianAffine RootSIFT 0
411.532 690.177 602.888 226.146 0.798078 0.977162 HessianAffine RootSIFT 0
156.572 588.056 182.198 905.007 0.798152 0.960764 HessianAffine RootSIFT 0
499.446 606.922 448.848 421.149 0.798206 0.947069 HessianAffine RootSIFT 0
878.351 530.588 213.895 247.889 0.798308 0.903848 HessianAffine RootSIFT 0
735.013 363.969 244.995 921.146 0.798459 0.798459 HessianAffine RootSIFT 0
301.866 411.594 538.168 488.832 0.798651 0.798651 HessianAffine RootSIFT 0
582.837 535.447 287.976 469.157 0.798841 0.819937 HessianAffine RootSIFT 0
496.413 102.602 537.343 857.311 0.798845 0.873649 HessianAffine RootSIFT 0
899.424 357.797 375.425 864.433 0.798927 0.798927 HessianAffine RootSIFT 0
298.931 106.268 194.101 261.913 0.799019 0.953544 HessianAffine RootSIFT 0
530.914 231.979 253.106 645.177 0.799027 0.799027 HessianAffine RootSIFT 0
913.776 500.877 303.389 842.508 0.79903 0.79903 MSER RootSIFT 0
171.209 322.428 120.679 530.331 0.799055 0.80986 HessianAffine RootSIFT 0
366.778 407.194 227.679 660.09 0.79929 0.79929 MSER RootSIFT 1
463.377 475.212 262.826 777.083 0.799516 0.854596 MSER RootSIFT 1
168.198 517.251 261.327 778.885 0.799618 0.96168 MSER RootSIFT 0
174.65 180.805 421.776 922.253 0.7998 0.7998 HessianAffine RootSIFT 0
663.959 520.963 424.553 883.692 0.799982 0.799982 HessianAffine RootSIFT 0
354.839 403.361 449.933 461.476 0.800005 0.890246 MSER RootSIFT 0
189.711 100.711 157.583 921.21 0.800451 0.800451 MSER RootSIFT 0
443.724 324.053 285.565 417.182 0.801923 0.999025 MSER RootSIFT 0
258.46 258.971 305.925 216.45 0.80236 0.80236 MSER RootSIFT 0
941.288 157.692 374.5 842.635 0.803001 0.803001 MSER RootSIFT 0
377.957 323.413 91.8384 884.365 0.803092 0.803092 MSER RootSIFT 0
793.697 495.828 281.085 475.822 0.803463 0.803463 MSER RootSIFT 0
594.145 489.21 183.656 849.805 0.803565 0.899713 MSER RootSIFT 0
542.154 525.513 261.587 304.435 0.803938 0.97944 MSER RootSIFT 0
565.093 409.024 454.762 324.837 0.804452 0.804452 MSER RootSIFT 0
522.22 588.061 470.407 197.454 0.80499 0.80499 MSER RootSIFT 0
592.768 405.868 199.922 325.522 0.805861 0.805861 MSER RootSIFT 0
611.394 505.223 428.753 448.377 0.806219 0.98243 MSER RootSIFT 0
255.138 332.79 431.718 425.97 0.806259 0.93643 MSER RootSIFT 0
426.26 454.204 242.538 741.346 0.807414 0.886913 MSER RootSIFT 0
572.263 462.892 164.104 678 0.80757 0.80757 MSER RootSIFT 0
636.842 654.605 618.035 919.198 0.808393 0.939443 MSER RootSIFT 0
300.592 419.539 209.056 740.667 0.808724 0.808724 MSER RootSIFT 0
82.8059 361.112 395.579 168.104 0.808832 0.808832 MSER RootSIFT 0
530.35 333.043 460.394 193.232 0.809429 0.809429 MSER RootSIFT 0
567.342 544.571 318.74 607.86 0.809537 0.809537 MSER RootSIFT 0
605.833 390.391 87.0294 638.186 0.812216 0.812216 MSER RootSIFT 0
502.5 305.5 298.26 370.38 0.81231 0.81231 MSER RootSIFT 0
379.158 354.744 256.376 603.833 0.812425 0.866812 MSER RootSIFT 0
654.362 330.189 509.085 164.416 0.815023 0.908876 MSER RootSIFT 0
87.5455 290.727 103 621 0.815034 0.815034 MSER RootSIFT 0
477.557 496.329 334.167 795.532 0.815041 0.925794 MSER RootSIFT 0
168.45 650.71 511.485 162.737 0.815117 0.888688 MSER RootSIFT 0
838.741 422.545 283.865 417.912 0.815478 0.884604 MSER RootSIFT 0
179.746 374.054 291.76 411.213 0.816986 0.816986 MSER RootSIFT 0
460.06 235.996 301.442 610.006 0.817017 0.932148 MSER RootSIFT 0
906.031 644.418 171.865 950.865 0.818216 0.818216 MSER RootSIFT 0
434.74 300.5 276.512 631.401 0.818315 0.818315 MSER RootSIFT 0
481.548 488.952 201.782 845.829 0.819416 0.819416 MSER RootSIFT 0
456.079 475.316 127.651 915.674 0.820151 0.927119 MSER RootSIFT 0
699.803 261.41 147.667 258.759 0.820586 0.820586 MSER RootSIFT 0
179.269 584.525 202.935 848.016 0.820595 0.820595 MSER RootSIFT 0
778.523 276.659 591.009 381.627 0.820734 0.820734 MSER RootSIFT 0
508.745 616.355 446.77 109.149 0.820755 0.820755 MSER RootSIFT 0
872.551 644.91 244.425 759.401 0.820852 0.973911 MSER RootSIFT 0
176.817 410.391 495.15 147.769 0.821119 0.821119 MSER RootSIFT 0
108.628 648.995 125.7 936.736 0.821438 0.821438 MSER RootSIFT 0
177 441.5 105.7 810.3 0.821588 0.821588 MSER RootSIFT 0
415.814 468.081 241.237 741.263 0.821984 0.947535 MSER RootSIFT 0
785.789 336.193 272.86 473.02 0.82267 0.987618 MSER RootSIFT 0
403.9 411.3 460.394 193.232 0.822778 0.822778 MSER RootSIFT 0
454.5 241.5 482.476 81.7894 0.822968 0.822968 MSER RootSIFT 0
348.396 319.032 273.82 637.318 0.82297 0.82297 MSER RootSIFT 0
673.836 328.089 401.223 925.814 0.823076 0.823076 MSER RootSIFT 0
308.062 493.688 162.028 901.858 0.823099 0.948172 MSER RootSIFT 0
108.97 552.227 98.2334 601.965 0.823134 0.895818 MSER RootSIFT 0
624.386 300.129 388.437 375.165 0.823215 0.823215 MSER RootSIFT 0
337.5 409.5 292.5 274 0.823807 0.823807 MSER RootSIFT 0
133.091 520.575 207.15 814.283 0.82432 0.82432 MSER RootSIFT 0
428.779 405.591 299.54 619.14 0.824334 0.824334 MSER RootSIFT 0
536.906 415.125 401.508 433.849 0.824562 0.951087 MSER RootSIFT 0
779.128 688.105 211.474 667.421 0.824773 0.824773 MSER RootSIFT 0
813.055 599.296 401.223 925.814 0.824777 0.824777 MSER RootSIFT 0
368.427 167.373 192.641 793.301 0.825204 0.825204 MSER RootSIFT 0
307.568 117.844 556.856 543.456 0.825474 0.825474 MSER RootSIFT 0
327.622 403.622 391.105 821.474 0.825526 0.987477 MSER RootSIFT 0
678.078 425.565 142.175 875.72 0.825972 0.825972 MSER RootSIFT 0
432.733 634.593 275.447 472.649 0.826346 0.915971 MSER RootSIFT 0
412.286 588.607 284.56 686.06 0.826606 0.826606 MSER RootSIFT 0
635.309 182.927 569.143 394.286 0.826989 0.826989 MSER RootSIFT 0
395.069 652.121 184.511 853.583 0.827224 0.857651 MSER RootSIFT 0
245.426 610.685 604.762 376.746 0.827243 0.827243 MSER RootSIFT 0
612.011 503.258 207.985 300.756 0.827681 0.827681 MSER RootSIFT 0
109.47 656.53 337.053 504.711 0.82781 0.851374 MSER RootSIFT 0
385.601 473.885 257.81 766.013 0.827853 0.827853 MSER RootSIFT 0
523.441 501.082 509.495 156.346 0.827951 0.827951 MSER RootSIFT 0
585.694 320.765 451.541 457.318 0.82816 0.82816 MSER RootSIFT 0
454 172.5 616.659 919.152 0.828423 0.828423 MSER RootSIFT 0
887.655 617.026 481.375 78.3333 0.828506 0.828506 MSER RootSIFT 0
531.417 405.222 104.446 895.319 0.828575 0.828575 MSER RootSIFT 0
650.347 299.2 508.769 164.896 0.829213 0.906855 MSER RootSIFT 0
838.792 488.521 266.385 464.562 0.829478 0.829478 MSER RootSIFT 0
178.708 198.337 453.268 266.964 0.830064 0.830064 MSER RootSIFT 0
223.368 654.765 214.387 737.862 0.830317 0.865935 MSER RootSIFT 0
554.13 445.943 262.408 964.9 0.830999 0.830999 MSER RootSIFT 0
882.939 644.524 248.026 757.372 0.831044 0.923005 MSER RootSIFT 0
896.442 474.477 279.121 430.064 0.831384 0.831384 MSER RootSIFT 0
460.908 240.649 273.82 637.318 0.831722 0.995855 MSER RootSIFT 0
502.561 389.866 254.463 648.997 0.832071 0.851122 MSER RootSIFT 0
480.268 153.021 285.952 419.786 0.832263 0.982851 MSER RootSIFT 0
643 407.694 449.933 461.476 0.832388 0.925357 MSER RootSIFT 0
842.669 427.62 428.741 452.662 0.832465 0.965044 MSER RootSIFT 0
413.842 236.115 291.594 414.666 0.832683 0.935441 MSER RootSIFT 0
338.765 382.676 479.125 98.303 0.833376 0.944603 MSER RootSIFT 0
799.429 258 299.016 343.713 0.833505 0.899634 MSER RootSIFT 0
574.142 531.109 255.357 602.57 0.833692 0.891714 MSER RootSIFT 0
372.775 140.8 374.134 414.782 0.833794 0.833794 MSER RootSIFT 0
501.857 414.643 378.293 446.393 0.833822 0.833822 MSER RootSIFT 0
256.675 281.953 283.865 417.912 0.834145 0.864325 MSER RootSIFT 0
405.027 385.823 297.021 371.942 0.834375 0.834375 MSER RootSIFT 0
928.545 643.409 171.488 863.278 0.834424 0.834424 MSER RootSIFT 0
101.1 522.386 329.901 738.743 0.834667 0.921088 MSER RootSIFT 0
172.435 431.113 263.529 639.502 0.834911 0.834911 MSER RootSIFT 0
475.086 58.4138 511.902 159.25 0.835013 0.875507 MSER RootSIFT 0
315.349 653.651 253.198 601.155 0.835106 0.835106 MSER RootSIFT 0
220.174 207.63 197.862 348.531 0.83545 0.863079 MSER RootSIFT 0
359.269 137.808 505.778 771.581 0.835474 0.835474 MSER RootSIFT 0
952.316 87.2368 419.777 273.079 0.835654 0.835654 MSER RootSIFT 0
337.566 310.024 354.447 167.885 0.835801 0.835801 MSER RootSIFT 0
132 123.206 236.349 875.494 0.836044 0.836044 MSER RootSIFT 0
21.6777 268.269 209.056 740.667 0.836117 0.836117 MSER RootSIFT 0
391.562 229.49 283.865 417.912 0.83633 0.907254 MSER RootSIFT 0
976.107 469.079 428.741 452.662 0.836455 0.836455 MSER RootSIFT 0
795.144 657.341 285.565 417.182 0.837222 0.851821 MSER RootSIFT 0
186.009 167.668 172.524 305.451 0.837433 0.837433 MSER RootSIFT 0
923.599 469.176 334.065 499.745 0.837559 0.870522 MSER RootSIFT 0
854.266 552.008 319.608 605.747 0.837584 0.837584 MSER RootSIFT 0
363.429 231.495 273.82 637.318 0.838383 0.838383 MSER RootSIFT 0
529.386 307.285 297.021 371.942 0.838676 0.838676 MSER RootSIFT 0
406.414 300.157 479.125 98.303 0.839014 0.961979 MSER RootSIFT 0
932.227 519.136 301.442 610.006 0.839094 0.898391 MSER RootSIFT 0
404.221 413.333 247.731 892.092 0.839325 0.839325 MSER RootSIFT 0
585.927 527.589 288.966 422.982 0.839541 0.991533 MSER RootSIFT 0
949.577 276.833 355.5 575.435 0.839981 0.839981 MSER RootSIFT 0
266.826 316.182 208.498 529.645 0.840063 0.840063 MSER RootSIFT 0
807.947 580.105 37.3462 794.808 0.840165 0.840165 MSER RootSIFT 0
884.616 355.64 127.651 915.674 0.840497 0.840497 MSER RootSIFT 0
186.068 250.75 299.016 343.713 0.840651 0.923891 MSER RootSIFT 0
405.027 385.823 254.463 648.997 0.84129 0.882191 MSER RootSIFT 0
460.389 488.278 616.659 919.152 0.841345 0.855387 MSER RootSIFT 0
101.691 516.511 621.929 918.619 0.841403 0.841403 MSER RootSIFT 0
503.487 244.981 300.859 876.469 0.841418 0.841418 MSER RootSIFT 0
684 404.435 127.95 313.25 0.841547 0.841547 MSER RootSIFT 0
673.5 509.5 203.73 821.716 0.841604 0.949241 MSER RootSIFT 0
522.346 559.365 221.272 249.991 0.841619 0.841619 MSER RootSIFT 0
479.386 463.043 244.425 759.401 0.841744 0.979279 MSER RootSIFT 0
338.696 343.294 234.968 529.032 0.841761 0.94225 MSER RootSIFT 0
848.559 649.466 295.379 411.136 0.841763 0.864926 MSER RootSIFT 0
519.158 461.458 261.034 346.5 0.841778 0.841778 MSER RootSIFT 0
254.302 500.849 509.085 164.416 0.841993 0.936319 MSER RootSIFT 0
365.287 148.691 264.223 651.649 0.842094 0.890849 MSER RootSIFT 0
833.513 647.151 230.074 910.351 0.842224 0.842224 MSER RootSIFT 0
612 170.5 449.933 461.476 0.842659 0.917247 MSER RootSIFT 0
737.825 399.175 281.085 475.822 0.84283 0.84283 MSER RootSIFT 0
331.423 311.846 291.76 411.213 0.842926 0.842926 MSER RootSIFT 0
658.427 423.18 432.822 427.222 0.84341 0.84341 MSER RootSIFT 0
912.375 193.573 620.896 34.4792 0.843582 0.843582 MSER RootSIFT 0
903.386 348.786 283.865 417.912 0.843755 0.918031 MSER RootSIFT 0
369.937 502.908 257.912 833.931 0.843869 0.843869 MSER RootSIFT 0
503.032 412.786 428.753 448.377 0.843972 0.942417 MSER RootSIFT 0
531.575 415.49 460.394 193.232 0.844096 0.844096 MSER RootSIFT 0
441.592 408.165 449.026 460.738 0.844225 0.982753 MSER RootSIFT 0
134.707 622.172 636.441 64.9118 0.844303 0.844303 MSER RootSIFT 0
549.413 477.488 127.651 915.674 0.844309 0.844309 MSER RootSIFT 0
375.318 476.5 203.266 808.219 0.844362 0.844362 MSER RootSIFT 0
338.553 312.276 327.774 594.548 0.844641 0.844641 MSER RootSIFT 0
481.47 152.534 291.594 414.666 0.844644 0.989662 MSER RootSIFT 0
736.909 505.318 295.962 924.576 0.844797 0.916274 MSER RootSIFT 0
159.858 523.887 320.464 457.973 0.844864 0.844864 MSER RootSIFT 0
224.735 131.765 391.105 821.474 0.844993 0.910118 MSER RootSIFT 0
345.225 410.462 429.628 449.479 0.845109 0.966286 MSER RootSIFT 0
347.292 382.802 223.671 618.252 0.845272 0.845272 MSER RootSIFT 1
614.794 308.617 427.657 244.873 0.845625 0.845625 MSER RootSIFT 0
393.395 545.693 336.701 500.194 0.845703 0.845703 MSER RootSIFT 0
329.98 451.153 293.7 941.12 0.845814 0.845814 MSER RootSIFT 0
409.291 435.593 429.159 426.115 0.845998 0.903908 MSER RootSIFT 0
438.611 232.285 254.858 642.142 0.846551 0.846551 MSER RootSIFT 0
827.368 579.028 398.957 936.557 0.846855 0.846855 MSER RootSIFT 0
95.0571 61.2857 343.214 926.357 0.847038 0.847038 MSER RootSIFT 0
789.55 439.217 281.085 475.822 0.847051 0.847051 MSER RootSIFT 0
129.204 98.9198 136.267 634.035 0.847079 0.847079 MSER RootSIFT 0
268.456 293.069 308.231 846.979 0.847106 0.916375 MSER RootSIFT 0
833.955 428.318 266.385 464.562 0.847323 0.847323 MSER RootSIFT 0
285.896 112.667 377.357 889.471 0.847353 0.96913 MSER RootSIFT 0
102.516 522.172 209.318 269.718 0.847375 0.847375 MSER RootSIFT 0
525.028 443.943 331.889 845.111 0.847449 0.847449 MSER RootSIFT 0
628.5 261.5 296.119 327.419 0.847785 0.847785 MSER RootSIFT 0
785.564 386.351 430.466 447.417 0.847857 0.987391 MSER RootSIFT 0
379.907 480.11 257.912 833.931 0.84794 0.84794 MSER RootSIFT 0
450.076 36.5303 474.892 98.4868 0.848053 0.930041 MSER RootSIFT 0
279.501 431.987 449.472 645.392 0.848296 0.848296 MSER RootSIFT 0
495.182 319.38 390.287 438.863 0.84843 0.84843 MSER RootSIFT 0
449.449 596.654 291.375 876.583 0.848453 0.920867 MSER RootSIFT 0
80.6429 379.486 305.925 216.45 0.84846 0.84846 MSER RootSIFT 0
530.192 630.192 282.624 476.904 0.84852 0.84852 MSER RootSIFT 0
608.232 503.051 635.394 64.7872 0.848911 0.848911 MSER RootSIFT 0
589.082 401.158 237.807 670.077 0.848979 0.848979 MSER RootSIFT 0
886.789 273.122 443.081 701.984 0.849152 0.889318 MSER RootSIFT 0
732 295 446.645 944.736 0.84929 0.84929 MSER RootSIFT 0
964.094 465.344 136.267 634.035 0.849329 0.849329 MSER RootSIFT 0
478.623 154.326 137.131 492.531 0.849481 0.849481 MSER RootSIFT 0
502.561 389.866 297.021 371.942 0.849656 0.849656 MSER RootSIFT 0
120.436 51.6915 343.214 926.357 0.849713 0.849713 MSER RootSIFT 0
451.125 57.925 183.315 654.476 0.849835 0.849835 MSER RootSIFT 0
