432.609 318.979 799.223 229.341 0.372417 0.372417 HessianAffine RootSIFT 0
422.637 380.646 797.126 257.984 0.440909 0.440909 HessianAffine RootSIFT 0
693.057 418.506 817.403 283.798 0.450734 0.99263 HessianAffine RootSIFT 0
493.534 434.061 801.716 289.193 0.453399 0.453399 HessianAffine RootSIFT 0
351.679 372.244 793.21 253.425 0.464155 0.464155 HessianAffine RootSIFT 1
546.11 440.187 805.506 290.384 0.473371 0.473371 HessianAffine RootSIFT 0
487.767 453.881 800.149 297.608 0.477382 0.477382 HessianAffine RootSIFT 0
322.46 407.933 790.256 270.947 0.47884 0.47884 MSER RootSIFT 0
296.942 387.57 789.61 260.417 0.480924 0.480924 HessianAffine RootSIFT 0
325.07 431.524 790.857 283.106 0.484833 0.484833 MSER RootSIFT 1
452.92 455.63 800.149 297.608 0.485564 0.485564 HessianAffine RootSIFT 0
457.056 651.373 799.293 393.978 0.49208 0.49208 HessianAffine RootSIFT 0
473.151 436.401 801.191 289.13 0.492796 0.492796 HessianAffine RootSIFT 1
827.589 629.51 825.649 389.55 0.493097 0.493097 HessianAffine RootSIFT 0
430.514 443.169 797.643 292.033 0.494267 0.494267 HessianAffine RootSIFT 0
639.552 358.356 813.901 253.371 0.495351 0.999066 HessianAffine RootSIFT 0
763.579 405.763 821.981 278.189 0.49886 0.49886 HessianAffine RootSIFT 0
587.896 670.258 808.951 405.578 0.503175 0.503175 HessianAffine RootSIFT 0
369.103 571.475 793.959 351.272 0.505449 0.934494 HessianAffine RootSIFT 0
609.642 104.821 812.268 128.011 0.507916 0.507916 HessianAffine RootSIFT 1
416.639 380.064 797.126 257.984 0.511829 0.511829 HessianAffine RootSIFT 0
448.171 650.108 799.293 393.978 0.514374 0.514374 HessianAffine RootSIFT 0
338.904 356.301 792.368 245.639 0.519699 0.843453 HessianAffine RootSIFT 1
497.421 639.598 803.487 390.073 0.520045 0.520045 HessianAffine RootSIFT 0
635.737 484.565 813.001 315.125 0.524932 0.524932 HessianAffine RootSIFT 0
448.402 474.717 798.298 305.926 0.526144 0.526144 HessianAffine RootSIFT 0
669.747 106.361 816.224 129.207 0.535747 0.535747 HessianAffine RootSIFT 0
610.988 433.811 810.387 288.411 0.539276 0.86823 HessianAffine RootSIFT 0
623.332 179.884 811.871 168.292 0.549574 0.549574 MSER RootSIFT 0
615.391 179.168 811.871 168.292 0.552723 0.552723 MSER RootSIFT 0
653.271 628.353 813.509 387.041 0.554982 0.554982 HessianAffine RootSIFT 0
724.687 104.368 820.161 128.869 0.557687 0.557687 HessianAffine RootSIFT 0
338.573 279.511 792.719 211.322 0.566667 0.566667 HessianAffine RootSIFT 0
388.396 610.24 794.653 368.071 0.566741 0.566741 MSER RootSIFT 0
311.311 406.147 790.256 270.947 0.566997 0.566997 MSER RootSIFT 0
599.42 429.989 810.387 288.411 0.567459 0.567459 HessianAffine RootSIFT 1
415.897 577.17 797.579 354.668 0.570925 0.570925 HessianAffine RootSIFT 0
360.058 272.449 794.066 204.717 0.571956 0.571956 HessianAffine RootSIFT 1
650.938 652.435 813.098 397.782 0.580682 0.800274 HessianAffine RootSIFT 0
666.75 84.7136 815.578 120.019 0.588373 0.588373 HessianAffine RootSIFT 0
558.194 495.422 806.261 318.97 0.588639 0.588639 HessianAffine RootSIFT 0
298.23 325.788 789.535 228.274 0.590316 0.590316 MSER RootSIFT 0
717.387 648.587 818.364 397.737 0.595568 0.595568 HessianAffine RootSIFT 0
680.043 497.538 813.001 315.125 0.596366 0.596366 HessianAffine RootSIFT 0
421.333 444.098 797.643 292.033 0.598627 0.598627 HessianAffine RootSIFT 1
281.171 631.287 787.563 378.821 0.59909 0.59909 HessianAffine RootSIFT 0
733.011 105.722 820.161 128.869 0.599471 0.599471 HessianAffine RootSIFT 0
343.687 250.554 792.801 193.05 0.600143 0.988431 HessianAffine RootSIFT 1
526.211 314.945 806.054 230.473 0.600889 0.600889 HessianAffine RootSIFT 0
711.507 220.537 819.486 186.815 0.601818 0.601818 MSER RootSIFT 0
361.036 559.591 793.65 345.413 0.603043 0.603043 HessianAffine RootSIFT 0
620.182 562.47 811.61 353.639 0.605428 0.932862 HessianAffine RootSIFT 0
292.381 323.077 789.535 228.274 0.608931 0.608931 MSER RootSIFT 0
552.09 513.048 806.52 327.623 0.610099 0.610099 HessianAffine RootSIFT 1
535.5 436.832 805.506 290.384 0.611199 0.611199 HessianAffine RootSIFT 1
615.3 559.513 811.61 353.639 0.61231 0.910862 HessianAffine RootSIFT 0
315.288 402.816 790.256 270.947 0.615784 0.615784 MSER RootSIFT 0
759.68 416.519 821.914 282.329 0.616005 0.992073 HessianAffine RootSIFT 0
199.261 546.862 782.811 336.407 0.617084 0.617084 HessianAffine RootSIFT 0
583.244 327.232 809.548 236.669 0.618303 0.949297 HessianAffine RootSIFT 1
730.968 302.145 819.937 227.124 0.61976 0.961952 HessianAffine RootSIFT 0
724.005 353.869 820.471 252.943 0.621807 0.621807 HessianAffine RootSIFT 0
327.059 551.661 791.422 341.14 0.622689 0.622689 HessianAffine RootSIFT 0
873.664 369.27 369 579 0.623482 0.623482 MSER RootSIFT 0
577.84 325.793 809.548 236.669 0.623532 0.982139 HessianAffine RootSIFT 0
653.427 538.812 813.948 343.121 0.623846 0.854954 HessianAffine RootSIFT 0
349.527 246.436 792.801 193.05 0.623971 0.623971 HessianAffine RootSIFT 0
553.051 496.172 806.261 318.97 0.625201 0.625201 HessianAffine RootSIFT 0
745.512 600.785 308.055 484.695 0.625482 0.625482 HessianAffine RootSIFT 0
684.047 444.281 816.656 296.56 0.628687 0.932842 HessianAffine RootSIFT 0
609.277 183.208 811.871 168.292 0.629509 0.629509 MSER RootSIFT 1
629.336 485.258 813.001 315.125 0.630501 0.630501 HessianAffine RootSIFT 0
724.822 105.176 41.4123 383.484 0.634581 0.634581 HessianAffine RootSIFT 0
609.092 290.998 812.324 219.899 0.637678 0.637678 HessianAffine RootSIFT 0
659.004 665.677 813.859 405.111 0.638605 0.638605 HessianAffine RootSIFT 0
586.619 603.414 809.524 374.485 0.639428 0.639428 HessianAffine RootSIFT 0
438.502 393.785 798.864 267.761 0.640849 0.640849 HessianAffine RootSIFT 1
710.072 606.513 817.477 378.515 0.642736 0.642736 HessianAffine RootSIFT 0
602.911 463.827 810.938 304.109 0.643422 0.881163 HessianAffine RootSIFT 0
731.043 362.142 820.431 257.317 0.646624 0.646624 HessianAffine RootSIFT 0
433.714 312.246 798.036 238.017 0.646734 0.909235 HessianAffine RootSIFT 0
659.584 335.965 815.88 243.32 0.647713 0.647713 MSER RootSIFT 0
693.733 289.133 817.779 217.763 0.648646 0.968832 HessianAffine RootSIFT 0
318.1 268.656 650.385 114.627 0.648942 0.984035 HessianAffine RootSIFT 0
644.51 484.843 813.001 315.125 0.64957 0.64957 HessianAffine RootSIFT 1
199.229 622.557 782.652 373.412 0.650101 0.650101 HessianAffine RootSIFT 0
447.094 312.453 799.924 226.91 0.651173 0.651173 HessianAffine RootSIFT 1
309.074 324.333 789.535 228.274 0.651224 0.651224 MSER RootSIFT 0
391.978 534.351 796.453 334.485 0.652809 0.652809 HessianAffine RootSIFT 0
367.705 269.147 794.066 204.717 0.653476 0.845793 HessianAffine RootSIFT 0
392.789 556.194 796.184 345.338 0.654247 0.654247 MSER RootSIFT 0
430.498 481.051 798.298 305.926 0.65512 0.829918 HessianAffine RootSIFT 0
677.674 346.315 817.056 247.788 0.655179 0.655179 HessianAffine RootSIFT 0
544.545 471.391 805.832 307.527 0.65532 0.65532 HessianAffine RootSIFT 1
263.785 207.036 43.0457 374.651 0.659613 0.659613 HessianAffine RootSIFT 0
659.554 540.012 813.948 343.121 0.660658 0.896366 HessianAffine RootSIFT 1
697.027 327.769 279.243 496.134 0.663106 0.663106 HessianAffine RootSIFT 0
262.036 575.045 786.62 351.871 0.664227 0.838204 HessianAffine RootSIFT 0
269.808 229.768 232.434 546.106 0.66473 0.66473 HessianAffine RootSIFT 0
233.141 172.041 44.7006 385.522 0.6709 0.6709 HessianAffine RootSIFT 0
279.98 349.749 788.752 241.91 0.673366 0.673366 HessianAffine RootSIFT 0
628.877 180.067 813.437 167.108 0.674775 0.674775 MSER RootSIFT 1
587.576 396.273 809.503 270.686 0.676361 0.676361 HessianAffine RootSIFT 1
713.593 326.81 111.172 403.816 0.676657 0.676657 HessianAffine RootSIFT 0
637.694 345.708 814.017 246.673 0.676694 0.676694 HessianAffine RootSIFT 0
348.893 457.174 790.851 298.044 0.676784 0.954644 HessianAffine RootSIFT 0
613.9 370.937 811.903 260.326 0.677234 0.981428 HessianAffine RootSIFT 0
218.326 631.145 783.523 378.089 0.678814 0.678814 HessianAffine RootSIFT 0
753.586 570.151 819.831 355.467 0.680923 0.680923 HessianAffine RootSIFT 0
606.446 374.618 811.903 260.326 0.683559 0.948067 HessianAffine RootSIFT 0
659.578 639.742 810.209 391.74 0.683607 0.8772 HessianAffine RootSIFT 0
667.7 638.051 812.107 392.233 0.684333 0.812761 HessianAffine RootSIFT 0
725.811 627.565 818.461 387.549 0.685175 0.685175 HessianAffine RootSIFT 0
832.688 593.554 232.457 511.54 0.685354 0.997693 HessianAffine RootSIFT 0
398.391 557.919 793.65 345.413 0.687781 0.687781 HessianAffine RootSIFT 0
419.669 375.393 797.126 257.984 0.688358 0.688358 HessianAffine RootSIFT 0
699.539 501.138 816.586 324.115 0.68987 0.68987 HessianAffine RootSIFT 0
236.64 288.709 785.909 210.13 0.690986 0.690986 HessianAffine RootSIFT 0
652.266 572.211 813.976 359.083 0.691021 0.928546 MSER RootSIFT 0
109.433 607.522 785.842 142.959 0.693531 0.693531 HessianAffine RootSIFT 0
877.294 296.073 367.215 625.789 0.694031 0.930163 HessianAffine RootSIFT 0
641.692 495.11 812.113 318.057 0.694092 0.694092 HessianAffine RootSIFT 0
520.742 339.924 137.063 432.426 0.695827 0.695827 HessianAffine RootSIFT 0
777.708 257.605 629.941 226.17 0.696109 0.696109 HessianAffine RootSIFT 0
725.146 367.307 819.515 261.746 0.697105 0.697105 MSER RootSIFT 1
639.142 407.728 813.103 279.77 0.697286 0.803785 HessianAffine RootSIFT 1
227.384 465.204 205.37 37.7844 0.697519 0.697519 HessianAffine RootSIFT 0
455.312 676.369 800.024 403.618 0.697787 0.978706 HessianAffine RootSIFT 0
743.734 619.282 819.745 382.92 0.698457 0.698457 HessianAffine RootSIFT 0
370.364 490.395 795.085 314.81 0.703104 0.703104 HessianAffine RootSIFT 0
744.953 567.717 819.831 355.467 0.704474 0.704474 HessianAffine RootSIFT 0
147.102 630.67 333.191 217.5 0.705131 0.705131 MSER RootSIFT 0
258.028 538.903 340.102 141.992 0.705138 0.705138 HessianAffine RootSIFT 0
743.963 358.278 821.069 262.293 0.705661 0.893096 HessianAffine RootSIFT 0
547.903 297.616 153.395 516.689 0.705774 0.847521 HessianAffine RootSIFT 0
213.014 408.047 205.37 37.7844 0.705825 0.705825 HessianAffine RootSIFT 0
728.016 706.031 622.266 322.272 0.705887 0.99856 MSER RootSIFT 0
403.421 649.553 92.1177 635.23 0.706291 0.854343 HessianAffine RootSIFT 0
506.635 559.913 803.133 350.071 0.706343 0.706343 HessianAffine RootSIFT 1
638.351 635.551 812.107 392.233 0.706699 0.821056 HessianAffine RootSIFT 0
392.418 564.057 795.545 346.523 0.707428 0.944621 MSER RootSIFT 0
641.675 304.011 814.01 226.573 0.707441 0.707441 HessianAffine RootSIFT 0
526.118 418.367 218.528 406.919 0.707475 0.707475 HessianAffine RootSIFT 0
668.032 668.754 813.859 405.111 0.707882 0.800691 HessianAffine RootSIFT 1
346.878 584.186 792.707 356.743 0.708173 0.708173 HessianAffine RootSIFT 0
599.095 504.579 232.428 547.447 0.708177 0.934594 HessianAffine RootSIFT 0
807.76 575.26 233.092 543.095 0.708795 0.708795 HessianAffine RootSIFT 0
691.455 481.138 816.493 313.234 0.709498 0.709498 HessianAffine RootSIFT 0
238.655 128.351 786.383 132.125 0.70987 0.814582 HessianAffine RootSIFT 0
907.844 589.558 110.201 545.259 0.710471 0.710471 HessianAffine RootSIFT 0
403.726 513.336 77.9544 644.657 0.710803 0.710803 HessianAffine RootSIFT 0
675.043 582.096 280.663 401.861 0.711022 0.711022 HessianAffine RootSIFT 0
602.006 104.458 812.268 128.011 0.712913 0.712913 HessianAffine RootSIFT 0
714.518 322.514 815.578 120.019 0.713683 0.877891 HessianAffine RootSIFT 0
664.8 67.2782 814.13 112.814 0.714218 0.714218 HessianAffine RootSIFT 0
83.8265 245.978 364.482 510.709 0.715374 0.715374 HessianAffine RootSIFT 0
375.159 362.756 228.885 427.481 0.715488 0.888269 HessianAffine RootSIFT 0
820.375 179.059 153.873 586.067 0.716367 0.716367 HessianAffine RootSIFT 0
292.111 251.559 636.191 210.331 0.716948 0.940433 HessianAffine RootSIFT 0
753.586 570.151 311.894 492.588 0.717774 0.969534 HessianAffine RootSIFT 0
176.813 209.34 557.663 261.967 0.717845 0.832855 HessianAffine RootSIFT 0
676.075 226.069 812.268 128.011 0.718035 0.718035 HessianAffine RootSIFT 0
727.776 302.333 810.605 44.2968 0.719223 0.719223 HessianAffine RootSIFT 0
661.227 86.9649 815.578 120.019 0.721251 0.721251 HessianAffine RootSIFT 0
445.205 393.752 798.864 267.761 0.721259 0.721259 HessianAffine RootSIFT 0
211.915 639.76 283.61 472.035 0.724858 0.724858 HessianAffine RootSIFT 0
33.6753 392.333 356.125 41.9584 0.72493 0.72493 HessianAffine RootSIFT 0
238.132 377.02 630.406 221.288 0.725544 0.725544 HessianAffine RootSIFT 0
595.756 221.154 810.194 189.488 0.727357 0.727357 HessianAffine RootSIFT 0
199.54 525.329 356.761 150.986 0.727996 0.92367 HessianAffine RootSIFT 0
784.227 275.596 622.68 166.058 0.729454 0.939449 HessianAffine RootSIFT 0
367.897 313.462 70.0673 678.625 0.729524 0.950994 HessianAffine RootSIFT 0
591.908 655.874 807.675 396.693 0.729648 0.902548 HessianAffine RootSIFT 0
203.147 141.475 194.203 46.8864 0.729664 0.729664 HessianAffine RootSIFT 0
262.06 171.46 58.0501 422.126 0.729674 0.729674 HessianAffine RootSIFT 0
600.289 183.972 811.871 168.292 0.730148 0.730148 MSER RootSIFT 0
306.221 207.023 218.393 502.723 0.730864 0.730864 HessianAffine RootSIFT 0
227.384 465.204 740.131 536.015 0.731099 0.731099 HessianAffine RootSIFT 0
236.95 397.039 223.601 548.761 0.731105 0.731105 HessianAffine RootSIFT 0
186.899 324.463 194.203 46.8864 0.731537 0.731537 HessianAffine RootSIFT 0
209.419 563.818 254.056 511 0.732085 0.944576 MSER RootSIFT 0
305.784 232.766 39.7037 303.701 0.733526 0.999757 HessianAffine RootSIFT 0
382.311 661.195 794.974 396.891 0.733597 0.733597 HessianAffine RootSIFT 0
279.951 270.023 788.968 203.152 0.733672 0.978942 HessianAffine RootSIFT 0
194.003 546.215 782.811 336.407 0.733683 0.733683 HessianAffine RootSIFT 0
156.902 121.874 730.179 481.506 0.733738 0.733738 HessianAffine RootSIFT 0
475.214 419.849 801.631 280.153 0.734179 0.734179 HessianAffine RootSIFT 1
524.207 422.121 132.479 518.939 0.73433 0.73433 HessianAffine RootSIFT 0
400.575 535.732 796.453 334.485 0.734457 0.734457 HessianAffine RootSIFT 0
652.115 336.403 815.151 242.213 0.734693 0.979748 HessianAffine RootSIFT 0
366.525 663.683 600.517 434.302 0.735925 0.735925 HessianAffine RootSIFT 0
361.351 529.691 276.331 489.976 0.736059 0.736059 HessianAffine RootSIFT 0
581.107 672.664 808.951 405.578 0.736407 0.736407 HessianAffine RootSIFT 0
505.721 319.841 804.346 231.166 0.736437 0.736437 HessianAffine RootSIFT 0
843.307 243.908 351.257 641.146 0.736449 0.736449 MSER RootSIFT 0
253.545 567.226 279.243 496.134 0.736835 0.736835 HessianAffine RootSIFT 0
760.649 483.684 113.409 201.992 0.736894 0.736894 HessianAffine RootSIFT 0
634.514 303.383 814.01 226.573 0.737158 0.857249 HessianAffine RootSIFT 0
507.598 635.478 803.487 390.073 0.737258 0.737258 HessianAffine RootSIFT 0
267.295 257.25 787.777 196.578 0.737543 0.941872 HessianAffine RootSIFT 0
608.697 313.977 811.319 230.677 0.738639 0.738639 HessianAffine RootSIFT 1
415.449 441.032 797.643 292.033 0.738646 0.738646 HessianAffine RootSIFT 0
268.643 576.862 786.62 351.871 0.739278 0.921708 HessianAffine RootSIFT 0
233.141 172.041 43.0457 374.651 0.740107 0.740107 HessianAffine RootSIFT 0
207.333 167.461 812.268 128.011 0.740424 0.740424 HessianAffine RootSIFT 0
779.83 600.071 307.561 510.948 0.741215 0.741215 HessianAffine RootSIFT 0
33.8773 308.591 250.44 28.7134 0.741966 0.741966 HessianAffine RootSIFT 0
325.585 384.597 221.803 449.125 0.742083 0.742083 HessianAffine RootSIFT 0
634.799 651.929 813.098 397.782 0.742989 0.742989 HessianAffine RootSIFT 0
527.235 554.326 102.53 61.845 0.743079 0.743079 HessianAffine RootSIFT 0
743.869 363.431 821.069 262.293 0.743351 0.81434 HessianAffine RootSIFT 0
849.437 497.803 128.25 247.544 0.743514 0.743514 HessianAffine RootSIFT 0
601.924 251.076 235.755 30.2234 0.743531 0.743531 MSER RootSIFT 0
531.755 563.734 102.53 61.845 0.743919 0.743919 HessianAffine RootSIFT 0
322.643 427.043 790.857 283.106 0.744049 0.744049 MSER RootSIFT 0
826.047 591.877 220.194 56.5043 0.744326 0.822523 HessianAffine RootSIFT 0
553.14 471.273 805.832 307.527 0.74438 0.860168 HessianAffine RootSIFT 0
303.458 172.785 339.062 235.421 0.745008 0.745008 MSER RootSIFT 0
882.537 344.798 364.285 481.511 0.745202 0.745202 HessianAffine RootSIFT 0
88.6479 138.288 705.838 250.684 0.745222 0.745222 HessianAffine RootSIFT 0
734.947 660.234 818.663 403.71 0.745261 0.745261 HessianAffine RootSIFT 1
710.12 208.333 819.469 183.217 0.745635 0.745635 HessianAffine RootSIFT 0
739.792 604.026 308.055 484.695 0.74586 0.74586 HessianAffine RootSIFT 0
581.985 696.518 808.768 415.035 0.747123 0.982444 HessianAffine RootSIFT 0
611.676 266.819 298.258 556.454 0.748494 0.748494 HessianAffine RootSIFT 0
732.638 284.271 553.508 176.452 0.749319 0.749319 HessianAffine RootSIFT 0
863.277 224.478 41.4123 383.484 0.749986 0.749986 HessianAffine RootSIFT 0
376.841 340.324 163.637 262.139 0.750077 0.750077 HessianAffine RootSIFT 0
539.871 658.827 807.621 398.446 0.752256 0.955643 HessianAffine RootSIFT 0
468.027 517.352 191.229 296.689 0.753453 0.753453 HessianAffine RootSIFT 0
602.125 340.825 249.143 369.071 0.753814 0.753814 MSER RootSIFT 0
611.606 544.001 410.712 15.4006 0.753832 0.879867 HessianAffine RootSIFT 0
534.512 308.089 806.596 229.928 0.753982 0.753982 HessianAffine RootSIFT 0
707.218 502.218 816.586 324.115 0.754172 0.800743 HessianAffine RootSIFT 0
580.947 500.015 233.092 543.095 0.754389 0.754389 HessianAffine RootSIFT 0
534.732 382.441 805.801 262.63 0.754658 0.754658 HessianAffine RootSIFT 1
587.619 393.595 237.595 198.921 0.754832 0.754832 MSER RootSIFT 0
390.38 478.767 229.086 418.419 0.756029 0.893255 HessianAffine RootSIFT 0
288 270.326 788.968 203.152 0.756134 0.959244 HessianAffine RootSIFT 1
602.765 505.055 810.671 324.204 0.757074 0.757074 HessianAffine RootSIFT 0
514.229 502.884 801.788 324.061 0.757996 0.757996 HessianAffine RootSIFT 0
940.441 490.563 609.502 220.434 0.7582 0.7582 HessianAffine RootSIFT 0
507.905 528.845 157.005 523.156 0.758238 0.758238 HessianAffine RootSIFT 0
52.0018 488.021 317.912 140.491 0.758565 0.758565 HessianAffine RootSIFT 0
517.697 660.021 163.637 262.139 0.758586 0.758586 HessianAffine RootSIFT 0
279.422 207.359 629.531 217.748 0.759512 0.830357 HessianAffine RootSIFT 0
206.469 467.931 240.006 597.221 0.759616 0.759616 HessianAffine RootSIFT 0
800.122 205.733 330.04 515.801 0.759731 0.759731 HessianAffine RootSIFT 0
400.821 665.621 795.515 396.618 0.760035 0.760035 MSER RootSIFT 0
199.634 320.704 934.488 202.799 0.76078 0.76078 HessianAffine RootSIFT 0
200.846 261.372 249.12 325.24 0.761248 0.984474 MSER RootSIFT 0
231.161 146.426 815.578 120.019 0.76149 0.899954 HessianAffine RootSIFT 0
608.243 319.045 112.618 47.6887 0.761846 0.761846 HessianAffine RootSIFT 0
628.272 319.493 810.745 232.837 0.762065 0.762065 MSER RootSIFT 0
298.896 226.271 646.158 249.161 0.76248 0.76248 HessianAffine RootSIFT 0
526.052 529.392 239.234 491.962 0.762993 0.762993 HessianAffine RootSIFT 0
696.933 283.576 817.779 217.763 0.763572 0.97566 HessianAffine RootSIFT 1
543.927 429.151 311.507 336.12 0.763897 0.825331 HessianAffine RootSIFT 0
805.143 613.897 232.457 511.54 0.764195 0.991817 HessianAffine RootSIFT 0
311.726 641.857 789.773 384.478 0.764876 0.764876 HessianAffine RootSIFT 0
543.752 529.746 325.605 686.106 0.765002 0.765002 HessianAffine RootSIFT 0
606.338 566.484 154.716 608.404 0.765188 0.981696 HessianAffine RootSIFT 0
720.917 191.044 819.829 176.5 0.765653 0.765653 HessianAffine RootSIFT 0
658.716 619.91 814.321 383.75 0.765815 0.916794 MSER RootSIFT 0
305.784 232.766 598.918 465.582 0.765864 0.765864 HessianAffine RootSIFT 0
450.866 482.117 665.895 279.998 0.766325 0.766325 HessianAffine RootSIFT 0
738.256 625.719 819.177 389.099 0.766822 0.875395 HessianAffine RootSIFT 0
603.864 453.133 806.261 318.97 0.766909 0.766909 HessianAffine RootSIFT 0
526.732 420.141 774.91 260.913 0.767286 0.990331 HessianAffine RootSIFT 0
902.317 583.554 110.665 550.292 0.767631 0.767631 HessianAffine RootSIFT 0
713.065 325.321 691.469 188.403 0.767684 0.984794 HessianAffine RootSIFT 0
874.197 243.259 820.161 128.869 0.767737 0.973093 HessianAffine RootSIFT 0
200.919 447.157 378.031 602.481 0.76798 0.76798 HessianAffine RootSIFT 0
223.948 441.955 368.4 612.55 0.767987 0.767987 MSER RootSIFT 0
205.129 497.925 250.44 28.7134 0.768505 0.768505 HessianAffine RootSIFT 0
284.93 279.872 788.71 206.9 0.768579 0.970522 MSER RootSIFT 1
362.866 611.319 316.511 339.521 0.768629 0.768629 HessianAffine RootSIFT 0
476.399 299.811 250.44 28.7134 0.768641 0.768641 HessianAffine RootSIFT 0
592.92 535.446 707.287 639.792 0.76898 0.76898 HessianAffine RootSIFT 0
475.51 564.81 655.688 251.218 0.769233 0.769233 HessianAffine RootSIFT 0
446.666 627.738 644.679 121.87 0.769404 0.906596 HessianAffine RootSIFT 0
120.975 706.912 387.397 28.2024 0.769701 0.769701 HessianAffine RootSIFT 0
882.963 534.84 127.794 89.9061 0.76972 0.977556 HessianAffine RootSIFT 0
296.305 556.779 81.1398 669.655 0.769902 0.769902 HessianAffine RootSIFT 0
225.648 598.264 115.111 42.7941 0.770113 0.770113 HessianAffine RootSIFT 0
543.258 652.157 807.675 396.693 0.770657 0.926542 HessianAffine RootSIFT 0
278.746 349.712 60.8588 639.771 0.770818 0.770818 HessianAffine RootSIFT 0
632.489 506.862 651.221 218.094 0.770964 0.863775 HessianAffine RootSIFT 0
263.892 536.26 786.169 331.895 0.771377 0.901158 HessianAffine RootSIFT 1
165.246 193.886 194.203 46.8864 0.772131 0.885525 HessianAffine RootSIFT 0
680.779 472.284 368.4 612.55 0.772686 0.772686 MSER RootSIFT 0
615.547 463.675 810.198 302.576 0.772817 0.860753 HessianAffine RootSIFT 0
788.778 652.452 149.178 417.881 0.773034 0.872408 HessianAffine RootSIFT 0
282.044 367.535 787.985 250.436 0.773244 0.773244 HessianAffine RootSIFT 1
112.368 256.253 220.194 56.5043 0.773398 0.773398 HessianAffine RootSIFT 0
441.762 312.887 799.924 226.91 0.773911 0.773911 HessianAffine RootSIFT 0
555.844 379.652 678.193 362.327 0.774459 0.774459 HessianAffine RootSIFT 0
563.655 634.827 271.31 37.2959 0.774637 0.774637 HessianAffine RootSIFT 0
439.586 620.162 556.659 442.221 0.774762 0.889948 HessianAffine RootSIFT 0
335.962 366.23 788.111 250.908 0.774786 0.774786 HessianAffine RootSIFT 0
662.675 598.738 378.031 602.481 0.774934 0.774934 HessianAffine RootSIFT 0
222.567 155.037 682.562 43.9716 0.774942 0.774942 HessianAffine RootSIFT 0
392.943 665.368 795.515 396.618 0.775125 0.775125 MSER RootSIFT 0
817.348 632.464 825.649 389.55 0.775323 0.775323 HessianAffine RootSIFT 0
157.919 305.343 194.203 46.8864 0.77618 0.77618 HessianAffine RootSIFT 0
435.067 654.658 799.293 393.978 0.776569 0.776569 HessianAffine RootSIFT 0
230.35 631.074 111.984 51.5602 0.777014 0.777014 HessianAffine RootSIFT 0
208.483 636.619 334.577 281.859 0.777078 0.777078 MSER RootSIFT 0
852.222 234.918 298.256 629.962 0.777143 0.777143 MSER RootSIFT 0
370.445 700.782 770.21 376.739 0.777266 0.951173 HessianAffine RootSIFT 0
366.265 269.984 113.36 627.965 0.778082 0.778082 HessianAffine RootSIFT 0
292.635 260.415 636.191 210.331 0.778094 0.993974 HessianAffine RootSIFT 0
404.595 22.2619 937.052 221.733 0.778146 0.778146 MSER RootSIFT 0
426.034 461.803 100.595 671.708 0.7783 0.7783 HessianAffine RootSIFT 0
852.385 701.404 30.1833 532.717 0.778315 0.906217 MSER RootSIFT 0
770.572 608.107 307.561 510.948 0.778445 0.81203 HessianAffine RootSIFT 0
346.486 637.014 112.48 267.41 0.77845 0.909733 MSER RootSIFT 0
734.077 303.174 926.723 212.447 0.778822 0.778822 HessianAffine RootSIFT 0
319.76 94.0406 810.169 271.419 0.778875 0.943756 HessianAffine RootSIFT 0
461.842 696.319 387.559 410.426 0.778921 0.778921 HessianAffine RootSIFT 0
509.524 613.012 142.016 576.094 0.778956 0.982915 MSER RootSIFT 0
122.187 287.255 198.294 172.439 0.779124 0.779124 HessianAffine RootSIFT 0
854.54 515.371 313.224 446.901 0.779277 0.779277 HessianAffine RootSIFT 0
428.343 629.811 202.781 79.5202 0.779389 0.779389 HessianAffine RootSIFT 0
499.014 599.23 142.016 576.094 0.779438 0.779438 MSER RootSIFT 0
905.631 548.866 98.2661 531.98 0.77953 0.77953 HessianAffine RootSIFT 0
522.464 320.179 809.309 306.661 0.779587 0.779587 MSER RootSIFT 0
262.028 450.435 670.931 46.5622 0.780246 0.780246 HessianAffine RootSIFT 0
442.508 650.292 346.832 230.383 0.780476 0.780476 HessianAffine RootSIFT 0
653.141 346.542 268.045 410.45 0.780763 0.780763 HessianAffine RootSIFT 0
412.549 420.248 797.214 279.006 0.781552 0.781552 HessianAffine RootSIFT 1
701.346 446.122 816.656 296.56 0.781759 0.98509 HessianAffine RootSIFT 0
580.947 500.015 39.2399 383.546 0.781858 0.781858 HessianAffine RootSIFT 0
639.216 616.64 647.567 293.209 0.781894 0.781894 MSER RootSIFT 0
734.804 499.342 605.683 576.647 0.781928 0.844131 HessianAffine RootSIFT 0
205.431 521.187 659.42 178.229 0.781988 0.99882 HessianAffine RootSIFT 0
312.15 671.442 878.679 176.41 0.782395 0.782395 HessianAffine RootSIFT 0
808.058 162.25 816.224 129.207 0.782603 0.782603 HessianAffine RootSIFT 0
455.925 620.035 870.104 134.517 0.782808 0.782808 HessianAffine RootSIFT 0
64.0584 691.542 782.087 410.559 0.782828 0.997363 HessianAffine RootSIFT 0
227.042 493.591 813.859 405.111 0.783182 0.808512 HessianAffine RootSIFT 0
647.207 614.386 304.573 398.188 0.783285 0.925076 MSER RootSIFT 0
587.651 569.538 718.098 465.897 0.783821 0.783821 HessianAffine RootSIFT 0
283.68 662.932 655.916 467.9 0.784394 0.996368 MSER RootSIFT 0
354.373 231.361 794.631 186.626 0.784711 0.784711 HessianAffine RootSIFT 0
265.218 524.586 329.878 688.046 0.784716 0.784716 HessianAffine RootSIFT 0
497.237 656.473 804.427 398.418 0.78483 0.969137 HessianAffine RootSIFT 0
138.054 630.254 334.577 281.859 0.785024 0.785024 MSER RootSIFT 0
712.29 427.276 45.6466 411.074 0.785285 0.785285 HessianAffine RootSIFT 0
785.361 141.121 233.863 557.887 0.785301 0.937221 HessianAffine RootSIFT 0
205.755 489.436 214.362 289.134 0.785346 0.898659 MSER RootSIFT 0
718.409 617.947 945.156 194.511 0.785542 0.923809 HessianAffine RootSIFT 0
722.469 646.621 818.364 397.737 0.785578 0.785578 HessianAffine RootSIFT 0
719.732 319.379 813.554 123.673 0.78594 0.970441 HessianAffine RootSIFT 0
374.199 315.116 279.243 496.134 0.786425 0.786425 HessianAffine RootSIFT 0
858.974 327.852 298.256 629.962 0.786576 0.786576 MSER RootSIFT 0
259.59 242.945 70.2496 666.836 0.78714 0.78714 HessianAffine RootSIFT 0
539.524 556.544 364.285 481.511 0.787158 0.787158 HessianAffine RootSIFT 0
435.332 434.375 252.908 70.3583 0.78726 0.78726 HessianAffine RootSIFT 0
886.423 249.722 38.5251 400.042 0.787379 0.787379 HessianAffine RootSIFT 0
424.691 414.735 93.9568 674.747 0.787706 0.942439 HessianAffine RootSIFT 0
91.4691 379.568 921.037 525.84 0.787722 0.982013 HessianAffine RootSIFT 0
623.898 571.95 127.375 73.2362 0.787763 0.787763 HessianAffine RootSIFT 0
343.311 527.593 276.331 489.976 0.787784 0.787784 HessianAffine RootSIFT 0
319.76 94.0406 321.762 470.096 0.78787 0.78787 HessianAffine RootSIFT 0
170.705 533.473 387.397 28.2024 0.788363 0.788363 HessianAffine RootSIFT 0
490.357 294.958 460.031 28.8141 0.788621 0.788621 HessianAffine RootSIFT 0
428.306 51.8978 695.39 465.294 0.788746 0.788746 HessianAffine RootSIFT 0
712.741 389.45 817.978 262.607 0.788957 0.996441 HessianAffine RootSIFT 0
359.853 515.029 123.647 388.474 0.789004 0.789004 HessianAffine RootSIFT 0
192.283 507.388 733.055 221.806 0.789522 0.789522 HessianAffine RootSIFT 0
877.823 603.653 781.849 35.1071 0.78972 0.78972 HessianAffine RootSIFT 0
140.373 347.695 286.508 594.787 0.789722 0.789722 HessianAffine RootSIFT 0
135.595 282.104 222.107 401.676 0.790021 0.790021 HessianAffine RootSIFT 0
392.627 473.426 709.942 646.604 0.790142 0.790142 HessianAffine RootSIFT 0
561.696 579.475 654.003 324.189 0.790761 0.902891 HessianAffine RootSIFT 0
742.818 618.317 92.1177 635.23 0.791018 0.949194 HessianAffine RootSIFT 0
28.937 364.986 115.111 42.7941 0.791108 0.791108 HessianAffine RootSIFT 0
266.79 264.807 209.525 409.682 0.791217 0.918134 HessianAffine RootSIFT 0
620.025 588.762 275.408 311.627 0.791408 0.791408 HessianAffine RootSIFT 0
594.921 451.729 806.261 318.97 0.791441 0.791441 HessianAffine RootSIFT 0
233.843 392.423 93.5222 625.427 0.791497 0.791497 HessianAffine RootSIFT 0
412.047 98.4376 722.33 506.747 0.791659 0.791659 HessianAffine RootSIFT 0
695.982 462.399 357.881 174.353 0.79192 0.964253 HessianAffine RootSIFT 0
520.55 313.656 245.714 274.465 0.792023 0.877983 HessianAffine RootSIFT 0
564.891 581.745 220.511 507.947 0.792267 0.792267 HessianAffine RootSIFT 0
477.934 299.992 793.959 351.272 0.792602 0.956666 HessianAffine RootSIFT 0
502.354 644.017 803.487 390.073 0.792606 0.792606 HessianAffine RootSIFT 0
176.259 588.535 755.63 263.125 0.79313 0.929107 HessianAffine RootSIFT 0
315.521 710.222 806.135 464.77 0.793144 0.984155 HessianAffine RootSIFT 0
527.668 571.61 646.567 195.107 0.79325 0.79325 HessianAffine RootSIFT 0
558.978 421.446 771.422 543.091 0.793834 0.793834 HessianAffine RootSIFT 0
715.01 233.442 816.224 129.207 0.793841 0.793841 HessianAffine RootSIFT 0
913.662 586.585 110.379 541.416 0.793886 0.793886 HessianAffine RootSIFT 0
367.944 317.394 629.941 226.17 0.793996 0.793996 HessianAffine RootSIFT 0
956.679 145.732 654.195 471.548 0.794231 0.975321 MSER RootSIFT 0
578.175 594.814 290.052 575.055 0.794257 0.794257 HessianAffine RootSIFT 0
37.4426 487.04 276.331 489.976 0.79435 0.79435 HessianAffine RootSIFT 0
776.914 458.263 646.401 70.2069 0.794376 0.794376 HessianAffine RootSIFT 0
642.034 389.828 272.352 107.205 0.794385 0.794385 HessianAffine RootSIFT 0
599.432 542.173 709.942 646.604 0.794467 0.923939 HessianAffine RootSIFT 0
225.1 441.722 334.596 255.283 0.794608 0.794608 MSER RootSIFT 0
604.621 626.787 308.055 484.695 0.794991 0.794991 HessianAffine RootSIFT 0
230.19 369.98 218.302 520.736 0.79502 0.79502 HessianAffine RootSIFT 0
405.446 691.167 707.287 639.792 0.795246 0.795246 HessianAffine RootSIFT 0
401.274 161.105 702.984 562.756 0.795248 0.795248 HessianAffine RootSIFT 0
694.662 561.278 157.005 523.156 0.795377 0.795377 HessianAffine RootSIFT 0
632.015 144.182 285.521 155.192 0.795405 0.795405 HessianAffine RootSIFT 0
95.361 596.606 68.9981 476.283 0.795458 0.795458 HessianAffine RootSIFT 0
647.833 154.879 609.502 220.434 0.795506 0.795506 HessianAffine RootSIFT 0
317.168 530.668 136.241 606.627 0.795729 0.965847 MSER RootSIFT 0
527.862 537.195 264.771 136.098 0.795772 0.795772 HessianAffine RootSIFT 0
222.577 213.855 285.521 155.192 0.795977 0.795977 HessianAffine RootSIFT 0
293.728 465.211 102.53 61.845 0.795981 0.795981 HessianAffine RootSIFT 0
524.972 458.241 803.443 299.543 0.79606 0.79606 HessianAffine RootSIFT 0
550.116 404.458 285.536 548.212 0.796099 0.999333 HessianAffine RootSIFT 0
216.439 382.393 414.034 587.317 0.79614 0.79614 HessianAffine RootSIFT 0
254.853 165.01 820.161 128.869 0.796262 0.796262 HessianAffine RootSIFT 0
244.955 482.149 387.559 410.426 0.796278 0.796278 HessianAffine RootSIFT 0
777.342 619.306 244.481 550.452 0.796354 0.930909 HessianAffine RootSIFT 0
366.265 269.984 66.592 642.726 0.796464 0.796464 HessianAffine RootSIFT 0
613.179 244.698 235.755 30.2234 0.796603 0.796603 MSER RootSIFT 0
603.177 71.5473 814.13 112.814 0.79678 0.805774 HessianAffine RootSIFT 0
442.69 49.6604 321.762 470.096 0.797005 0.797005 HessianAffine RootSIFT 0
980.683 495.373 681.742 339.225 0.797139 0.797139 HessianAffine RootSIFT 0
672.288 482.15 308.769 140.581 0.797186 0.853639 HessianAffine RootSIFT 0
291.857 397.108 789.61 260.417 0.797273 0.943137 HessianAffine RootSIFT 0
207.814 418.274 221.78 516.513 0.797304 0.797304 HessianAffine RootSIFT 0
233.21 494.066 229.381 514.521 0.797322 0.797322 HessianAffine RootSIFT 0
188.779 507.551 812.268 128.011 0.797692 0.797692 HessianAffine RootSIFT 0
509.055 503.807 801.788 324.061 0.797707 0.797707 HessianAffine RootSIFT 0
299.647 601.773 45.6466 411.074 0.797857 0.797857 HessianAffine RootSIFT 0
588.179 382.473 343.979 517.765 0.798017 0.821468 HessianAffine RootSIFT 0
374.005 310.116 41.4123 383.484 0.798147 0.798147 HessianAffine RootSIFT 0
660.959 593.071 326.883 342.756 0.798194 0.798194 HessianAffine RootSIFT 0
336.674 587.814 313.78 211.305 0.798419 0.834165 HessianAffine RootSIFT 0
894.391 179.398 714.815 344.87 0.798556 0.798556 HessianAffine RootSIFT 0
344.189 32.4482 647.15 438.472 0.798616 0.798616 HessianAffine RootSIFT 0
160.454 446.772 674.696 200.941 0.798851 0.798851 HessianAffine RootSIFT 0
442.962 82.5033 663.392 222.827 0.799194 0.799194 HessianAffine RootSIFT 0
277.656 235.855 156.733 619.296 0.799435 0.936049 HessianAffine RootSIFT 0
656.856 133.711 240.006 597.221 0.799566 0.799566 HessianAffine RootSIFT 0
972.398 398.087 793.65 345.413 0.799657 0.893441 HessianAffine RootSIFT 0
544.39 551.989 629.843 109.843 0.799699 0.799699 MSER RootSIFT 0
122.969 274.658 421.04 555.187 0.799725 0.799725 HessianAffine RootSIFT 0
505.983 718.209 337.402 149.95 0.799993 0.799993 HessianAffine RootSIFT 0
859.5 299.456 317.038 286.885 0.800557 0.903992 MSER RootSIFT 0
806.623 623.179 253.295 153.727 0.80072 0.80072 MSER RootSIFT 0
191.457 474.372 317.038 286.885 0.802728 0.802728 MSER RootSIFT 0
647.053 441.362 807.924 312.431 0.805007 0.805007 MSER RootSIFT 0
858.311 320.953 354.388 637.949 0.805397 0.999082 MSER RootSIFT 0
776.338 436.353 230.071 50.6224 0.80601 0.80601 MSER RootSIFT 0
859.5 299.456 284.608 649.338 0.806516 0.806516 MSER RootSIFT 0
120.69 558.548 783.517 336.224 0.806644 0.957318 MSER RootSIFT 0
768.714 114.44 142.016 576.094 0.807287 0.850385 MSER RootSIFT 0
406.147 125.108 634.527 301.216 0.808889 0.808889 MSER RootSIFT 0
230.915 153.148 817.195 126.076 0.809025 0.997781 MSER RootSIFT 0
703.889 36.4259 658.876 467.631 0.809434 0.971007 MSER RootSIFT 0
680.409 546.374 249.12 325.24 0.809789 0.93965 MSER RootSIFT 0
706.267 222.926 819.486 186.815 0.811157 0.811157 MSER RootSIFT 0
275.874 275.5 788.71 206.9 0.813263 0.813263 MSER RootSIFT 0
381.408 610.702 794.653 368.071 0.815177 0.815177 MSER RootSIFT 0
709.108 689.117 30.1833 532.717 0.815327 0.815327 MSER RootSIFT 0
867.203 373.25 86.5338 168.932 0.815986 0.909324 MSER RootSIFT 0
934.265 37.0412 30.1833 532.717 0.816938 0.816938 MSER RootSIFT 0
456.654 295.859 150.822 285.416 0.816975 0.816975 MSER RootSIFT 0
653.331 289.88 339.062 235.421 0.819713 0.819713 MSER RootSIFT 0
85.68 525.46 198.478 415.13 0.819811 0.819811 MSER RootSIFT 0
697.012 423.337 586.826 331.616 0.82049 0.82049 MSER RootSIFT 0
618.733 689.663 787.27 306.023 0.821174 0.900282 MSER RootSIFT 0
504.57 73.0351 697.916 436.725 0.822291 0.822291 MSER RootSIFT 0
755.884 24.7329 654.195 471.548 0.822932 0.934196 MSER RootSIFT 0
93.8462 200.712 532.557 571.989 0.823039 0.823039 MSER RootSIFT 0
303.3 425.258 658.876 467.631 0.823254 0.823254 MSER RootSIFT 0
913.425 335.689 655.401 471.252 0.823302 0.988226 MSER RootSIFT 0
240.277 163.455 817.195 126.076 0.82353 0.82353 MSER RootSIFT 0
225.366 569.43 205.976 84.0122 0.823544 0.860978 MSER RootSIFT 0
301.419 109.138 674.103 119.983 0.8242 0.8242 MSER RootSIFT 0
327.096 735.64 556.577 410.077 0.824795 0.824795 MSER RootSIFT 0
168.065 397.391 198.376 258.439 0.825461 0.96894 MSER RootSIFT 0
850.849 42.4841 656.351 468.275 0.82549 0.940151 MSER RootSIFT 0
846.255 371.142 785.739 548 0.82568 0.82568 MSER RootSIFT 0
777.447 407.763 652.112 468.595 0.825806 0.982329 MSER RootSIFT 0
713.365 249.851 604.841 305.586 0.825827 0.967665 MSER RootSIFT 0
764.175 279.725 317.038 286.885 0.825958 0.985593 MSER RootSIFT 0
64.3286 347.221 276.384 407.532 0.826921 0.826921 MSER RootSIFT 0
783.789 449.039 139.235 698.103 0.82704 0.82704 MSER RootSIFT 0
251.689 455.821 652.112 468.595 0.827138 0.827138 MSER RootSIFT 0
452.819 433.723 290.887 446.358 0.828302 0.828302 MSER RootSIFT 0
325.532 518.597 189.608 273.261 0.828629 0.8889 MSER RootSIFT 0
307.74 456.054 30.1833 532.717 0.828713 0.828713 MSER RootSIFT 0
671.112 624.452 205.72 82.4634 0.828809 0.872981 MSER RootSIFT 0
934.889 449.574 656.351 468.275 0.82977 0.978367 MSER RootSIFT 0
345.667 39.2333 661.445 488.674 0.829832 0.9082 MSER RootSIFT 0
522.352 103.763 785.739 548 0.829852 0.829852 MSER RootSIFT 0
392.322 504.654 204.231 82.0588 0.830321 0.930142 MSER RootSIFT 0
475.097 599.559 663.619 438.231 0.830548 0.830548 MSER RootSIFT 0
44.3387 258.677 198.376 258.439 0.83055 0.954306 MSER RootSIFT 0
107.26 366.993 763.008 280.615 0.830683 0.830683 MSER RootSIFT 0
801.808 295.064 720.618 541.343 0.831211 0.884017 MSER RootSIFT 0
265.049 437.01 677.541 207.112 0.83214 0.962489 MSER RootSIFT 0
345.327 637.966 203.99 230.113 0.832238 0.832238 MSER RootSIFT 0
399.556 303.153 249.143 369.071 0.832394 0.832394 MSER RootSIFT 0
936.686 427.337 604.841 305.586 0.832455 0.937424 MSER RootSIFT 0
633.722 458.472 334.577 281.859 0.833338 0.833338 MSER RootSIFT 0
615.305 180.572 240.98 343.48 0.833588 0.833588 MSER RootSIFT 0
880.7 55.0143 655.916 467.9 0.833833 0.833833 MSER RootSIFT 0
831.637 390.829 654.195 471.548 0.834307 0.912511 MSER RootSIFT 0
392.322 504.654 208.174 217.848 0.834497 0.834497 MSER RootSIFT 0
746.611 669.417 783 336.552 0.835053 0.835053 MSER RootSIFT 0
284.669 610.856 239.323 256.661 0.835204 0.835204 MSER RootSIFT 0
469.229 555.16 693.086 106.429 0.835526 0.835526 MSER RootSIFT 0
454.17 293.754 874.625 202.881 0.83568 0.872275 MSER RootSIFT 0
674.254 334.966 207.09 218.187 0.835871 0.85197 MSER RootSIFT 0
810.598 616.365 253.295 153.727 0.835897 0.835897 MSER RootSIFT 0
420.759 626.181 219.57 374.547 0.836982 0.994593 MSER RootSIFT 0
974.963 79.1098 589.969 294.639 0.837116 0.92044 MSER RootSIFT 0
291.225 588.089 63.7211 265.742 0.83795 0.98435 MSER RootSIFT 0
378.833 206.389 677.791 205.506 0.838367 0.964009 MSER RootSIFT 0
440.068 44.3919 701.983 382.937 0.838823 0.954101 MSER RootSIFT 0
447.121 530.643 129.112 360.872 0.838958 0.947911 MSER RootSIFT 0
609.277 183.208 276.473 404.609 0.839334 0.839334 MSER RootSIFT 0
691.789 681.605 782.49 337.024 0.839864 0.949008 MSER RootSIFT 0
132.982 578.219 188.627 277.69 0.840189 0.902219 MSER RootSIFT 0
225.401 234.2 784.457 186.025 0.840234 0.840234 MSER RootSIFT 0
90.5435 732.63 658.876 467.631 0.840258 0.933313 MSER RootSIFT 0
379.75 495.141 711.519 430.896 0.840849 0.90861 MSER RootSIFT 0
72.9444 249.875 205.72 82.4634 0.841332 0.998214 MSER RootSIFT 0
679.992 256.484 658.876 467.631 0.841657 0.982468 MSER RootSIFT 0
298.16 163.564 604.841 305.586 0.841674 0.937012 MSER RootSIFT 0
370.786 599.82 205.72 82.4634 0.841853 0.944504 MSER RootSIFT 0
809.7 187.611 658.876 467.631 0.841865 0.981008 MSER RootSIFT 0
557.414 36.9286 677.541 207.112 0.841882 0.946368 MSER RootSIFT 0
368.629 599.527 240.98 343.48 0.842026 0.842026 MSER RootSIFT 0
128.314 237.481 265.611 448.352 0.842154 0.952419 MSER RootSIFT 0
116.781 607.661 820.434 190.871 0.842207 0.842207 MSER RootSIFT 0
70.3 621.357 652.112 468.595 0.842305 0.842305 MSER RootSIFT 0
377.564 629.926 235.755 30.2234 0.842767 0.842767 MSER RootSIFT 0
574.389 156.593 654.195 471.548 0.842895 0.842895 MSER RootSIFT 0
798.164 293.454 717.038 537.401 0.843111 0.865001 MSER RootSIFT 0
407.079 234.421 673.927 205.319 0.84382 0.84382 MSER RootSIFT 0
72.3696 443.326 655.239 336.936 0.844054 0.844054 MSER RootSIFT 0
529.052 61.2781 629.843 109.843 0.844482 0.970956 MSER RootSIFT 0
811.367 142.487 334.577 281.859 0.844798 0.844798 MSER RootSIFT 0
106.79 686.371 654.195 471.548 0.845129 0.845129 MSER RootSIFT 0
69 447.74 656.351 468.275 0.845408 0.845408 MSER RootSIFT 0
658.914 519.598 820.434 190.871 0.845431 0.982227 MSER RootSIFT 0
100.757 256.514 368.4 612.55 0.845682 0.845682 MSER RootSIFT 0
796.646 295.141 152.304 542.304 0.846207 0.846207 MSER RootSIFT 0
741.212 33.1441 655.916 467.9 0.846344 0.999079 MSER RootSIFT 0
401.426 224.401 655.401 471.252 0.846662 0.986835 MSER RootSIFT 0
272.108 668.409 785.739 548 0.846662 0.846662 MSER RootSIFT 0
276.543 605.4 240.98 343.48 0.847074 0.847074 MSER RootSIFT 0
22.3148 643.463 654.195 471.548 0.847081 0.999238 MSER RootSIFT 0
244.04 660.72 655.916 467.9 0.847388 0.941009 MSER RootSIFT 0
105.25 664.556 198.376 258.439 0.847637 0.990749 MSER RootSIFT 0
651.208 338.043 128.917 336.886 0.848233 0.848233 MSER RootSIFT 0
320.576 530.339 599.698 382.946 0.84859 0.84859 MSER RootSIFT 0
669.311 336.547 809.491 332.95 0.848639 0.848639 MSER RootSIFT 0
646.632 610.429 650.043 291.265 0.849344 0.872028 MSER RootSIFT 0
638.225 229.275 290.625 403.545 0.849512 0.934716 MSER RootSIFT 0
396.15 295.5 189.608 273.261 0.849743 0.913017 MSER RootSIFT 0
