706.909 179.909 371.488 244.702 0.371959 0.371959 MSER RootSIFT 1
313.444 151.444 312.084 285.041 0.38332 0.38332 MSER RootSIFT 0
424.589 267.358 325.26 631.591 0.450757 0.450757 HessianAffine RootSIFT 0
373.386 259.942 318.203 629.051 0.478248 0.478248 HessianAffine RootSIFT 1
449.4 256.517 329.431 599.147 0.491218 0.491218 MSER RootSIFT 0
462.539 268.265 329.559 627.971 0.500404 0.88261 MSER RootSIFT 1
377.531 263.295 319.026 635.526 0.50117 0.50117 MSER RootSIFT 0
393.055 159.05 324.821 285.067 0.515494 0.515494 HessianAffine RootSIFT 0
397.976 153.365 326.272 260.146 0.518753 0.518753 HessianAffine RootSIFT 1
351.784 144.157 318.639 237.824 0.525592 0.525592 HessianAffine RootSIFT 0
430.487 156.283 331.681 265.646 0.538473 0.538473 HessianAffine RootSIFT 0
463.989 268.202 330.548 621.729 0.53997 0.976722 MSER RootSIFT 0
504.083 281.442 335.062 648.35 0.575692 0.91951 HessianAffine RootSIFT 0
467.042 289.796 330.658 673.976 0.597647 0.9824 HessianAffine RootSIFT 0
393.591 149.367 325.602 244.625 0.599173 0.599173 HessianAffine RootSIFT 0
216.743 111.135 296.911 152.857 0.599956 0.932607 HessianAffine RootSIFT 0
513.879 269.208 335.881 611.143 0.603485 0.603485 MSER RootSIFT 1
832.962 397.038 364.456 810.611 0.604924 0.604924 MSER RootSIFT 0
406.711 261.746 322.812 630.127 0.620672 0.620672 HessianAffine RootSIFT 0
427.48 234.967 329.016 549.871 0.624363 0.624363 MSER RootSIFT 0
469.574 279.432 329.972 653.033 0.628509 0.822079 HessianAffine RootSIFT 1
92.5833 85.2167 276.808 94.9231 0.630867 0.630867 MSER RootSIFT 0
780.598 182.798 382.877 239.698 0.636854 0.982346 HessianAffine RootSIFT 0
508.56 284.747 334.961 652.873 0.64043 0.987424 HessianAffine RootSIFT 1
511.603 240.788 339.022 533.596 0.640473 0.640473 MSER RootSIFT 0
143.754 104.783 288.502 157.055 0.650587 0.650587 HessianAffine RootSIFT 0
428.929 118.738 335.742 109.508 0.650667 0.650667 MSER RootSIFT 0
374.685 130.114 324.327 176.656 0.655121 0.655121 HessianAffine RootSIFT 0
433.904 236.048 329.016 549.871 0.661751 0.661751 MSER RootSIFT 0
481.462 281.551 330.682 652.942 0.676902 0.676902 MSER RootSIFT 0
587.001 304.918 340.757 672.392 0.677079 0.677079 HessianAffine RootSIFT 0
509.255 267.469 336.487 604.222 0.677734 0.925709 HessianAffine RootSIFT 0
876.438 419.947 366.828 846.092 0.678164 0.678164 HessianAffine RootSIFT 0
323.511 151.002 313.176 279.888 0.686215 0.686215 HessianAffine RootSIFT 0
186.362 146.28 293.052 320.719 0.694541 0.854268 MSER RootSIFT 1
372.763 134.211 324.046 194.514 0.697114 0.982297 MSER RootSIFT 0
613.035 193.618 396.847 108.651 0.697431 0.892538 HessianAffine RootSIFT 0
136.473 104.284 333.738 410.389 0.698173 0.698173 MSER RootSIFT 0
782.662 192.891 380.953 276.392 0.699438 0.911626 HessianAffine RootSIFT 0
238.459 128.33 300.518 230.943 0.699853 0.699853 HessianAffine RootSIFT 0
430.487 156.283 331.296 256.959 0.702532 0.702532 HessianAffine RootSIFT 0
192.713 110.561 293.041 158.348 0.702821 0.702821 HessianAffine RootSIFT 0
167.735 107.963 288.502 157.055 0.703273 0.703273 HessianAffine RootSIFT 0
605.411 256.934 104.581 965.704 0.706113 0.706113 HessianAffine RootSIFT 0
331.3 146.749 312.963 259.078 0.70873 0.96273 HessianAffine RootSIFT 0
386.994 145.052 324.709 233.291 0.708941 0.708941 HessianAffine RootSIFT 1
19.1234 160.386 337.848 414.649 0.70933 0.887188 HessianAffine RootSIFT 0
325.833 146.292 312.963 259.078 0.709509 0.709509 HessianAffine RootSIFT 0
404.006 247.04 323.396 592.313 0.713836 0.713836 HessianAffine RootSIFT 0
618.048 309.966 340.757 672.392 0.717424 0.815589 HessianAffine RootSIFT 0
359.268 151.969 319.297 259.909 0.719511 0.719511 HessianAffine RootSIFT 0
481.212 235.019 334.179 518.594 0.726268 0.726268 MSER RootSIFT 1
219.563 103.082 298.748 115.39 0.728727 0.728727 HessianAffine RootSIFT 0
619 283.355 348.11 618.025 0.732763 0.732763 MSER RootSIFT 0
180.394 370.779 305.073 515.015 0.732948 0.732948 HessianAffine RootSIFT 0
351.784 144.157 320.044 242.838 0.733211 0.733211 HessianAffine RootSIFT 0
384.349 168.005 324.349 327.654 0.733252 0.733252 HessianAffine RootSIFT 0
330.481 220.843 313.829 519.226 0.735164 0.935663 MSER RootSIFT 0
519.175 223.727 341.079 470.376 0.73588 0.73588 MSER RootSIFT 0
402.346 161.982 327.275 294.993 0.738268 0.960143 MSER RootSIFT 0
327.041 85.4312 122.82 951.229 0.740297 0.740297 HessianAffine RootSIFT 0
626.421 310.092 340.757 672.392 0.740711 0.808693 HessianAffine RootSIFT 0
408.195 281.694 323.037 667.563 0.741417 0.927498 HessianAffine RootSIFT 0
770.223 180.511 382.331 240.437 0.742849 0.742849 HessianAffine RootSIFT 0
515.66 316.609 335.544 720.834 0.744391 0.952194 HessianAffine RootSIFT 0
85.1138 84.654 275.683 97.3321 0.745885 0.947852 MSER RootSIFT 0
708.205 205.11 368.689 330.609 0.746213 0.746213 HessianAffine RootSIFT 0
685.046 191.503 365.754 291.472 0.746798 0.746798 HessianAffine RootSIFT 0
607.404 304.428 345.495 663.812 0.748648 0.939942 HessianAffine RootSIFT 0
590.709 272.829 346.798 600.819 0.750278 0.750278 MSER RootSIFT 0
240.174 140.135 299.829 266.657 0.75071 0.75071 MSER RootSIFT 0
925.556 330.111 296.479 688.089 0.750766 0.750766 HessianAffine RootSIFT 0
545.661 287.523 339.352 652.781 0.752613 0.752613 HessianAffine RootSIFT 0
239.93 112.663 302.524 149.012 0.752771 0.870402 MSER RootSIFT 0
686.424 324.292 350.972 684.221 0.753225 0.934191 HessianAffine RootSIFT 0
67.8717 62.2202 143.643 497.856 0.754198 0.999078 HessianAffine RootSIFT 0
769.991 429.281 208.193 936.985 0.754666 0.754666 HessianAffine RootSIFT 0
19.567 218.331 19.2412 402.822 0.756035 0.98354 HessianAffine RootSIFT 0
748.279 183.464 376.361 239.051 0.757507 0.757507 HessianAffine RootSIFT 0
767.898 157.927 396.847 108.651 0.757596 0.890515 HessianAffine RootSIFT 0
757.485 431.157 361.068 767.879 0.758206 0.758206 HessianAffine RootSIFT 0
81.0306 136.969 276.506 330.575 0.758568 0.758568 MSER RootSIFT 1
161.722 264.236 278.452 381.164 0.758623 0.987358 HessianAffine RootSIFT 0
325.666 127.899 317.019 188.387 0.759056 0.759056 HessianAffine RootSIFT 0
267.492 417.857 102.966 801.728 0.761292 0.957788 HessianAffine RootSIFT 0
702.721 203.975 368.689 330.609 0.761961 0.761961 HessianAffine RootSIFT 0
297.189 426.938 329.506 592.513 0.76226 0.76226 HessianAffine RootSIFT 0
395.865 220.959 324.641 505.486 0.762553 0.762553 HessianAffine RootSIFT 0
843.603 218.201 352.541 676.375 0.763081 0.763081 HessianAffine RootSIFT 0
271.649 215.817 330.576 585.72 0.766469 0.893352 HessianAffine RootSIFT 0
58.4093 57.1252 33.6595 901.511 0.766625 0.766625 HessianAffine RootSIFT 0
94.9864 236.924 313.909 575.461 0.766839 0.935824 HessianAffine RootSIFT 0
429.288 241.989 324.709 233.291 0.767202 0.767202 HessianAffine RootSIFT 0
510.791 210.004 340.085 430.575 0.76823 0.837954 HessianAffine RootSIFT 0
263.822 229.158 303.015 558.803 0.770446 0.92585 HessianAffine RootSIFT 0
505.64 146.703 292.656 476.17 0.770986 0.770986 HessianAffine RootSIFT 0
332.889 226.114 313.829 519.226 0.771336 0.771336 MSER RootSIFT 0
657.213 167.495 364.946 209.802 0.771439 0.771439 HessianAffine RootSIFT 0
97.2195 95.7317 278.061 145.991 0.771882 0.771882 MSER RootSIFT 0
556.327 289.067 340.775 648.794 0.77189 0.970847 MSER RootSIFT 1
211.618 97.3913 333.451 441.482 0.772532 0.772532 HessianAffine RootSIFT 0
413.862 165.886 327.124 301.776 0.773172 0.773172 MSER RootSIFT 0
43.2646 62.647 293.038 367.97 0.773324 0.966486 HessianAffine RootSIFT 0
338.625 222.421 313.829 519.226 0.776687 0.776687 MSER RootSIFT 0
432.954 144.797 339.199 77.0739 0.776905 0.776905 HessianAffine RootSIFT 0
479.48 262.097 203.813 970.006 0.776989 0.820472 HessianAffine RootSIFT 0
195.119 410.453 305.784 394.153 0.777579 0.996754 HessianAffine RootSIFT 0
288.807 420.067 102.966 801.728 0.778102 0.942841 HessianAffine RootSIFT 0
712.348 185.753 371.195 263.474 0.779283 0.779283 MSER RootSIFT 1
343.463 141.736 318.639 237.824 0.779799 0.779799 HessianAffine RootSIFT 1
451.192 259.576 330.05 606.019 0.781026 0.942636 MSER RootSIFT 0
328.031 151.508 298.092 357.75 0.781168 0.781168 HessianAffine RootSIFT 0
531.533 328.021 336.36 753.615 0.781315 0.916982 HessianAffine RootSIFT 0
325.97 270.86 344.209 414.354 0.781466 0.820986 HessianAffine RootSIFT 0
508.783 449.426 334.14 414.446 0.781912 0.781912 HessianAffine RootSIFT 0
623.871 330.905 344.045 718.526 0.782581 0.782581 HessianAffine RootSIFT 0
19.5806 241.346 362.372 146.858 0.783148 0.783148 HessianAffine RootSIFT 0
259.566 428.829 309.178 507.464 0.783257 0.783257 HessianAffine RootSIFT 0
451.126 209.785 340.085 430.575 0.783296 0.99004 HessianAffine RootSIFT 0
892.301 293.903 352.294 778.899 0.783455 0.783455 HessianAffine RootSIFT 0
180.627 222.906 293.257 555.744 0.783526 0.817961 HessianAffine RootSIFT 0
391.445 168.788 324.349 327.654 0.783817 0.783817 HessianAffine RootSIFT 1
335.992 242.516 313.909 575.461 0.784894 0.87539 HessianAffine RootSIFT 0
417.644 163.354 329.506 290.275 0.786351 0.786351 HessianAffine RootSIFT 0
44.1706 118.041 283.5 359.419 0.786589 0.898123 MSER RootSIFT 0
169.126 313.174 279.061 130.058 0.786992 0.786992 HessianAffine RootSIFT 0
102.303 330.655 84.6695 460.602 0.787157 0.787157 MSER RootSIFT 0
818.16 479.186 84.5788 435.456 0.787225 0.876299 HessianAffine RootSIFT 0
597.708 305.08 340.757 672.392 0.788006 0.788006 HessianAffine RootSIFT 0
227.932 233.57 280.802 521.55 0.788142 0.788142 HessianAffine RootSIFT 0
102.03 128.13 276.035 768.645 0.788439 0.788439 HessianAffine RootSIFT 0
639.088 311.532 295.392 949.305 0.788784 0.997855 HessianAffine RootSIFT 0
349.838 355.284 313.994 867.635 0.789167 0.909049 HessianAffine RootSIFT 0
740.972 191.929 306.153 360.398 0.790287 0.790287 MSER RootSIFT 0
103.924 93.0444 518.563 910.654 0.790377 0.848424 HessianAffine RootSIFT 0
327.654 88.9649 394.527 402.332 0.791927 0.791927 HessianAffine RootSIFT 0
442.054 253.195 329.506 592.513 0.792135 0.960221 HessianAffine RootSIFT 0
150.69 176.071 284.938 427.125 0.792417 0.792417 MSER RootSIFT 0
218.032 100.305 341.86 121.392 0.793845 0.896274 HessianAffine RootSIFT 0
543.317 195.989 286.938 463.103 0.793878 0.956432 MSER RootSIFT 0
727.528 255.495 319.023 467.367 0.794018 0.988092 HessianAffine RootSIFT 0
383.051 156.219 324.821 285.067 0.794365 0.950574 HessianAffine RootSIFT 0
405.841 236.305 343.174 493.196 0.794804 0.794804 MSER RootSIFT 0
255.654 186.28 279.797 798.382 0.795059 0.908904 HessianAffine RootSIFT 0
222.179 240.858 329.902 301.363 0.795273 0.795273 HessianAffine RootSIFT 0
444.919 386.36 357.523 334.614 0.795675 0.795675 HessianAffine RootSIFT 0
932.015 310.368 377.359 434.757 0.795701 0.795701 HessianAffine RootSIFT 0
618.873 161.878 275.434 723.101 0.795763 0.795763 HessianAffine RootSIFT 0
500.803 163.767 345.279 287.111 0.795905 0.795905 HessianAffine RootSIFT 0
412.208 345.571 266.377 337.302 0.79591 0.930175 MSER RootSIFT 0
422.904 249.182 325.794 585.407 0.795938 0.795938 HessianAffine RootSIFT 0
230.337 233.625 285.737 514.971 0.796146 0.930979 HessianAffine RootSIFT 0
638.733 297.512 326.081 529.746 0.796695 0.796695 HessianAffine RootSIFT 0
759.607 232.56 277.045 64.8171 0.796789 0.796789 HessianAffine RootSIFT 0
605.237 210.422 221.263 537.435 0.796904 0.978386 HessianAffine RootSIFT 0
504.784 449.798 293.052 320.719 0.797285 0.797285 MSER RootSIFT 0
658.058 464.686 299.685 529.366 0.797307 0.797307 MSER RootSIFT 0
390.101 128.118 275.918 232.386 0.798179 0.863532 HessianAffine RootSIFT 0
629.147 303.94 323.29 665.171 0.798839 0.798839 HessianAffine RootSIFT 0
489.088 240.742 300.607 272.856 0.798962 0.993998 HessianAffine RootSIFT 0
368.423 268.971 316.593 651.244 0.799828 0.799828 MSER RootSIFT 0
258.362 213.862 84.6695 460.602 0.801639 0.801639 MSER RootSIFT 0
337.604 132.362 330.682 652.942 0.80233 0.80233 MSER RootSIFT 0
89.54 134.34 278.325 318.55 0.803356 0.803356 MSER RootSIFT 0
149.282 86.1338 289.2 75.7687 0.80524 0.939663 MSER RootSIFT 0
421.982 112.811 102.972 779.143 0.808094 0.808094 MSER RootSIFT 0
549.36 264.149 275.143 102.214 0.809397 0.868736 MSER RootSIFT 0
186.7 124.544 291.341 224.633 0.811326 0.811326 MSER RootSIFT 0
38.3137 486.569 352.014 492.608 0.813417 0.893651 MSER RootSIFT 0
496.756 223.927 338.566 488.385 0.813937 0.813937 MSER RootSIFT 0
37.38 401.52 84.6695 460.602 0.817571 0.817571 MSER RootSIFT 0
505.013 238.625 339.022 533.596 0.818524 0.818524 MSER RootSIFT 0
710.618 410.245 323.085 198.255 0.819769 0.906524 MSER RootSIFT 0
355.184 131.886 324.313 196.618 0.821604 0.939103 MSER RootSIFT 0
201.701 213.08 329.431 599.147 0.822254 0.822254 MSER RootSIFT 0
148.895 106.184 313.061 383.427 0.822466 0.822466 MSER RootSIFT 0
64.0351 304.895 293.052 320.719 0.824633 0.916894 MSER RootSIFT 0
365.209 199.955 319.14 443 0.824654 0.824654 MSER RootSIFT 0
297.101 90.8868 296.86 519.3 0.825063 0.884988 MSER RootSIFT 0
563.003 371.868 336.749 787.799 0.825072 0.825072 MSER RootSIFT 0
466.853 212.676 283.156 502.531 0.825383 0.946096 MSER RootSIFT 0
873.846 245.676 299.685 529.366 0.829167 0.829167 MSER RootSIFT 0
97.3704 320.883 276.282 741.729 0.830067 0.916462 MSER RootSIFT 0
669.241 248.414 291.774 649.856 0.832076 0.897697 MSER RootSIFT 0
375.276 260.806 333.738 410.389 0.832625 0.857767 MSER RootSIFT 0
54.3315 288.236 326.926 296.818 0.83478 0.958806 MSER RootSIFT 0
623.616 288.489 318.921 629.693 0.834908 0.834908 MSER RootSIFT 0
825.671 291.793 275.707 821.203 0.835599 0.935543 MSER RootSIFT 0
513.14 412.907 269.733 331.363 0.835725 0.920335 MSER RootSIFT 0
309.474 428.658 297.333 536 0.836114 0.86495 MSER RootSIFT 0
360.833 198.211 333.738 410.389 0.836313 0.836313 MSER RootSIFT 0
373.061 264.267 329.431 599.147 0.836447 0.836447 MSER RootSIFT 0
397.26 162.8 327.124 301.776 0.838209 0.921037 MSER RootSIFT 0
142.974 305.395 293.012 637.988 0.840072 0.875667 MSER RootSIFT 0
138.339 329.435 266.164 339.68 0.84078 0.949763 MSER RootSIFT 0
776.678 307.354 276.282 741.729 0.841152 0.867704 MSER RootSIFT 0
667.33 224.872 328.074 605.948 0.841224 0.841224 MSER RootSIFT 0
56.8529 193.324 300.254 532.102 0.841264 0.904908 MSER RootSIFT 0
218.197 86.3839 322.211 132.456 0.842564 0.842564 MSER RootSIFT 0
727.14 296.52 326.196 294.687 0.84346 0.962376 MSER RootSIFT 0
184.746 160.457 284.88 847.514 0.843788 0.843788 MSER RootSIFT 0
660.768 244.401 293.181 634.267 0.844207 0.86155 MSER RootSIFT 0
618.739 281.217 371.161 305.347 0.844941 0.844941 MSER RootSIFT 0
352.103 355.377 267.403 334.694 0.84558 0.904845 MSER RootSIFT 0
840.986 278.814 282.442 419.007 0.846241 0.941493 MSER RootSIFT 0
549.5 236.9 315.16 869.287 0.846548 0.856855 MSER RootSIFT 0
495.325 297.314 325.644 681.981 0.847045 0.990827 MSER RootSIFT 0
249.16 159.557 305.925 360.264 0.847161 0.847161 MSER RootSIFT 0
429.289 150.381 282.621 440.431 0.847324 0.847324 MSER RootSIFT 0
390.788 162.863 327.124 301.776 0.847396 0.954925 MSER RootSIFT 0
451.49 258.819 330.548 621.729 0.847947 0.847947 MSER RootSIFT 0
150.977 130.241 332.893 299.071 0.849011 0.889665 MSER RootSIFT 0
470.529 230.949 299.066 702.679 0.84999 0.951569 MSER RootSIFT 0
