529.452 58.9603 848.369 139.943 0.370501 0.370501 MSER RootSIFT 0
455.45 275.765 844.763 375.737 0.467526 0.467526 MSER RootSIFT 0
388.185 28.3224 830.789 80.5127 0.475476 0.892944 HessianAffine RootSIFT 1
572.725 57.1852 852.326 126.991 0.512456 0.939445 HessianAffine RootSIFT 0
352.639 176.14 837.676 324.271 0.521782 0.852561 HessianAffine RootSIFT 0
473.791 159.329 844.538 303.523 0.52525 0.52525 HessianAffine RootSIFT 0
577.275 279.75 850.009 372.643 0.530402 0.835143 HessianAffine RootSIFT 0
505.154 52.0567 845.108 126.421 0.534097 0.534097 HessianAffine RootSIFT 1
526.07 47.3337 847.322 105.405 0.534467 0.878486 HessianAffine RootSIFT 1
332.548 262.773 839.068 375.7 0.536237 0.536237 HessianAffine RootSIFT 0
336.928 35.6016 826.437 117.614 0.53627 0.53627 HessianAffine RootSIFT 1
256.42 195.585 833.141 343.761 0.537585 0.537585 MSER RootSIFT 1
469.801 33.523 840.539 75.0069 0.538864 0.538864 HessianAffine RootSIFT 1
231.552 34.5065 814.27 130.916 0.54567 0.54567 HessianAffine RootSIFT 0
474.918 42.8811 841.135 109.435 0.54963 0.917607 HessianAffine RootSIFT 0
147.484 125.788 822.314 295.581 0.549776 0.88781 HessianAffine RootSIFT 1
471.49 184.784 844.335 325.032 0.549928 0.549928 HessianAffine RootSIFT 0
617.783 199.134 852.641 323.563 0.550929 0.95623 HessianAffine RootSIFT 1
372.253 201.884 346.031 265.238 0.555995 0.987346 HessianAffine RootSIFT 0
237.195 28.0636 812.895 110.596 0.56388 0.56388 HessianAffine RootSIFT 0
268.948 112.679 829.363 271.222 0.564884 0.564884 HessianAffine RootSIFT 0
517.77 58.475 846.836 142.41 0.570925 0.864368 HessianAffine RootSIFT 0
249.326 37.0964 816.922 134.614 0.571429 0.991314 HessianAffine RootSIFT 0
271.563 59.41 823.025 184.482 0.57146 0.57146 HessianAffine RootSIFT 0
46.5914 174.47 109.885 228.507 0.574788 0.853229 HessianAffine RootSIFT 0
875.152 168.273 102.817 230.623 0.57722 0.57722 HessianAffine RootSIFT 0
482.73 176.14 845.204 315.208 0.578131 0.803258 HessianAffine RootSIFT 0
186.536 25.3945 806.737 113.081 0.584002 0.936984 HessianAffine RootSIFT 0
175.435 75.9639 817.952 229.891 0.599791 0.599791 HessianAffine RootSIFT 0
645.642 411.028 851.152 417.615 0.602124 0.894076 HessianAffine RootSIFT 0
356.089 191.401 344.139 255.102 0.60429 0.81193 HessianAffine RootSIFT 0
653.86 100.81 859.49 200.9 0.605682 0.980231 HessianAffine RootSIFT 0
568.888 279.686 849.856 373.227 0.60609 0.60609 HessianAffine RootSIFT 0
648.787 216.448 854.86 334.503 0.607563 0.85839 HessianAffine RootSIFT 0
382.141 39.5936 831.517 111.949 0.610305 0.610305 HessianAffine RootSIFT 0
342.663 35.5133 826.847 114.779 0.611009 0.874614 HessianAffine RootSIFT 1
449.342 274.622 844.207 376.894 0.613945 0.613945 HessianAffine RootSIFT 0
659.953 103.167 859.49 200.9 0.614138 0.94718 HessianAffine RootSIFT 0
692.105 57.85 868.461 89.1457 0.616938 0.616938 HessianAffine RootSIFT 0
439.007 321.882 843.976 393.694 0.617374 0.617374 HessianAffine RootSIFT 1
508.524 158.35 847.222 300.047 0.621326 0.958073 HessianAffine RootSIFT 0
181.428 116.649 823.66 283.637 0.621445 0.8473 HessianAffine RootSIFT 1
823.338 123.574 873.214 217.819 0.621581 0.621581 HessianAffine RootSIFT 1
594.794 79.1081 856.23 174.091 0.624163 0.624163 HessianAffine RootSIFT 0
470.137 40.1907 841.869 92.871 0.626709 0.977862 HessianAffine RootSIFT 0
799.791 59.2354 882.372 67.7701 0.627464 0.826571 HessianAffine RootSIFT 0
881.959 347.135 299.364 118.649 0.627498 0.983077 HessianAffine RootSIFT 0
213.548 135.113 827.648 299.309 0.628759 0.628759 HessianAffine RootSIFT 0
727.646 51.1145 872.442 65.373 0.629209 0.975284 HessianAffine RootSIFT 0
682.356 51.1431 866.993 76.5739 0.629589 0.629589 HessianAffine RootSIFT 1
254.692 123.034 829.273 285.455 0.631171 0.842377 HessianAffine RootSIFT 0
790.695 58.926 881.019 68.171 0.632773 0.874946 MSER RootSIFT 1
626.006 303.074 851.598 380.778 0.634137 0.884345 HessianAffine RootSIFT 1
442.096 30.1391 837.009 70.3571 0.637484 0.637484 HessianAffine RootSIFT 1
646.037 80.3821 859.407 167.629 0.63758 0.849784 HessianAffine RootSIFT 1
349.218 214.529 838.692 348.038 0.640419 0.640419 MSER RootSIFT 0
237.741 34.5048 814.27 130.916 0.640579 0.640579 HessianAffine RootSIFT 0
282.07 35.8001 821.123 121.761 0.6406 0.6406 HessianAffine RootSIFT 0
539.945 64.7965 850.511 146.397 0.642784 0.642784 HessianAffine RootSIFT 0
399.879 151.12 837.965 299.798 0.6428 0.803261 HessianAffine RootSIFT 0
555.746 277.618 849.66 374.2 0.643772 0.95641 HessianAffine RootSIFT 0
463.602 260.517 844.583 368.302 0.645744 0.645744 HessianAffine RootSIFT 1
697.226 261.848 856.189 357.132 0.646123 0.988004 HessianAffine RootSIFT 0
444.191 276.939 844.207 376.894 0.646458 0.855853 HessianAffine RootSIFT 0
318.894 368.228 859.429 164.85 0.647077 0.981156 HessianAffine RootSIFT 0
42.3882 218.669 298.466 111.76 0.647454 0.647454 HessianAffine RootSIFT 0
747.162 125.086 620.581 435.61 0.648747 0.958539 HessianAffine RootSIFT 0
698.987 51.5949 866.448 79.0421 0.649344 0.649344 HessianAffine RootSIFT 0
667.78 75.9682 862.123 154.919 0.650316 0.650316 HessianAffine RootSIFT 0
139.942 71.767 813.405 224.352 0.650349 0.903235 HessianAffine RootSIFT 0
336.077 161.568 835.634 312.054 0.651076 0.964458 HessianAffine RootSIFT 1
416.015 38.9763 835.054 109.833 0.651704 0.651704 HessianAffine RootSIFT 1
561.404 56.9524 852.204 124.109 0.652325 0.936775 HessianAffine RootSIFT 0
460.931 191.678 843.216 324.589 0.653088 0.920724 HessianAffine RootSIFT 0
552.129 69.8594 852.61 162.253 0.653552 0.876212 HessianAffine RootSIFT 0
898.209 437.194 356.609 144.614 0.655068 0.655068 HessianAffine RootSIFT 0
668.311 235.691 854.671 341.933 0.655888 0.655888 MSER RootSIFT 0
139.011 56.3287 461.984 383.534 0.656985 0.656985 HessianAffine RootSIFT 0
540.465 174.815 848.045 311.065 0.657663 0.860075 HessianAffine RootSIFT 0
211.426 318.637 929.596 460.593 0.657792 0.657792 HessianAffine RootSIFT 0
277.948 154.986 923.15 79.7243 0.657989 0.657989 HessianAffine RootSIFT 0
650.516 77.6227 859.632 162.637 0.659126 0.659126 HessianAffine RootSIFT 0
603.08 435.388 850.899 422.724 0.660344 0.950074 HessianAffine RootSIFT 0
363.292 144.395 837.965 299.798 0.662019 0.662019 HessianAffine RootSIFT 0
867.884 539.578 156.758 140.943 0.662057 0.662057 HessianAffine RootSIFT 0
480.429 46.6739 842.439 111.67 0.662544 0.662544 HessianAffine RootSIFT 0
563.577 576.506 101.585 687.747 0.662732 0.98557 HessianAffine RootSIFT 0
665.737 383.191 851.16 405.925 0.663742 0.663742 HessianAffine RootSIFT 0
845.618 126.383 572.023 638.804 0.6642 0.929815 HessianAffine RootSIFT 0
584.391 67.6525 854.22 155.484 0.665054 0.665054 HessianAffine RootSIFT 0
662.91 235.25 854.671 341.933 0.665363 0.665363 MSER RootSIFT 0
686.714 88.1438 862.986 178.012 0.666245 0.666245 HessianAffine RootSIFT 0
344.019 190.882 837.688 335.825 0.668384 0.668384 HessianAffine RootSIFT 0
359.863 28.8973 890.302 424.558 0.668908 0.668908 MSER RootSIFT 0
588.954 173.117 851.873 306.737 0.669229 0.669229 HessianAffine RootSIFT 0
856.357 475.819 296.888 434.007 0.672529 0.672529 HessianAffine RootSIFT 0
476.808 33.3752 841.507 74.203 0.672812 0.849998 HessianAffine RootSIFT 1
808.258 267.339 494.296 147.4 0.673256 0.673256 HessianAffine RootSIFT 0
247.048 195.056 833.141 343.761 0.673983 0.673983 MSER RootSIFT 0
212.582 114.087 825.213 277.892 0.675087 0.965257 HessianAffine RootSIFT 1
510.198 412.738 762.521 279.354 0.67723 0.67723 MSER RootSIFT 0
856.446 136.014 455.266 486.712 0.677528 0.86535 HessianAffine RootSIFT 0
876.567 559.565 369.715 131.135 0.677756 0.677756 HessianAffine RootSIFT 0
242.52 341.644 116.3 217.483 0.677859 0.677859 HessianAffine RootSIFT 0
645.137 54.0765 861.931 93.0536 0.679555 0.679555 HessianAffine RootSIFT 1
483.443 39.0679 841.869 92.871 0.679627 0.679627 HessianAffine RootSIFT 0
501.436 64.3945 844.958 162.04 0.679776 0.679776 HessianAffine RootSIFT 0
674.855 73.2765 862.482 151.924 0.679988 0.887854 HessianAffine RootSIFT 0
574.112 171.655 346.031 265.238 0.681074 0.958749 HessianAffine RootSIFT 0
682.079 284.628 177.237 503.408 0.681108 0.965836 HessianAffine RootSIFT 0
704.066 54.7516 868.505 79.6812 0.681743 0.681743 HessianAffine RootSIFT 0
332.07 207.419 837.753 347.398 0.682052 0.682052 HessianAffine RootSIFT 0
766.453 395.878 120.583 226.628 0.682459 0.682459 HessianAffine RootSIFT 0
591.903 428.74 720.362 466.916 0.682761 0.877135 HessianAffine RootSIFT 0
426.866 536.506 844.638 442.543 0.68365 0.68365 HessianAffine RootSIFT 0
748.773 442.232 62.7623 585.348 0.684966 0.892349 HessianAffine RootSIFT 0
874.117 522.933 89.6448 354.374 0.685354 0.685354 HessianAffine RootSIFT 0
738.173 447.444 89.6448 354.374 0.686347 0.686347 HessianAffine RootSIFT 0
136.95 134.742 821.823 310.06 0.689089 0.689089 HessianAffine RootSIFT 0
533.72 472.362 720.362 466.916 0.689848 0.97816 HessianAffine RootSIFT 0
777.065 287.182 371.977 167.17 0.691043 0.894893 HessianAffine RootSIFT 0
758.458 385.995 321.174 93.3069 0.691315 0.962201 HessianAffine RootSIFT 0
404.564 167.531 840.3 311.175 0.691954 0.691954 HessianAffine RootSIFT 0
288.285 145.717 832.147 303.057 0.692014 0.852534 HessianAffine RootSIFT 1
815.442 269.59 496.1 155.116 0.693287 0.693287 HessianAffine RootSIFT 0
697.38 463.235 140.673 634.264 0.69338 0.69338 HessianAffine RootSIFT 0
637.682 272.002 852.444 364.058 0.693487 0.941341 HessianAffine RootSIFT 0
514.421 50.3815 846.428 124.034 0.693981 0.890639 HessianAffine RootSIFT 0
745.047 397.791 644.342 317.47 0.693993 0.977273 HessianAffine RootSIFT 0
874.556 443.785 747.285 195.976 0.694544 0.694544 HessianAffine RootSIFT 0
149.423 330.031 276.554 375.418 0.695262 0.806675 HessianAffine RootSIFT 0
250.045 152.863 627.839 422.609 0.696149 0.972271 HessianAffine RootSIFT 0
930.938 178.373 455.266 486.712 0.696456 0.900841 HessianAffine RootSIFT 0
813.115 398.742 116.3 217.483 0.696693 0.864202 HessianAffine RootSIFT 0
494.276 179.363 846.236 319.775 0.698092 0.698092 HessianAffine RootSIFT 0
937.801 177.886 455.266 486.712 0.698746 0.804777 HessianAffine RootSIFT 0
849.324 434.929 111.75 494.246 0.69956 0.69956 HessianAffine RootSIFT 0
870.582 424.197 812.085 192.572 0.700087 0.700087 HessianAffine RootSIFT 0
407.485 212.788 842.154 339.631 0.701336 0.701336 HessianAffine RootSIFT 0
773.024 292.695 371.876 161.444 0.701415 0.936238 HessianAffine RootSIFT 0
382.382 204.438 395.284 530.885 0.701985 0.966962 HessianAffine RootSIFT 0
336.705 432.398 300.97 340.677 0.702156 0.836051 HessianAffine RootSIFT 0
812.308 265.065 498.39 151.301 0.702576 0.842962 HessianAffine RootSIFT 0
81.823 288.076 385.831 553.101 0.704451 0.704451 HessianAffine RootSIFT 0
747.505 381.184 102.85 222.525 0.705132 0.974686 HessianAffine RootSIFT 0
575.196 191.14 851.4 320.883 0.705871 0.976744 HessianAffine RootSIFT 0
875.951 500.153 391.006 602.481 0.706337 0.960272 HessianAffine RootSIFT 0
846 527.115 130.932 199.075 0.707776 0.842541 HessianAffine RootSIFT 0
673.893 383.537 851.16 405.925 0.709009 0.709009 HessianAffine RootSIFT 0
188.604 77.8981 817.952 229.891 0.709101 0.850929 HessianAffine RootSIFT 0
94.127 87.3505 812.705 254.2 0.709388 0.82063 HessianAffine RootSIFT 0
242.058 182.684 125.839 234.388 0.710162 0.710162 HessianAffine RootSIFT 0
299.095 159.253 834.085 314.524 0.710998 0.710998 HessianAffine RootSIFT 0
166.211 76.1375 817.833 229.143 0.711405 0.898882 HessianAffine RootSIFT 0
848.47 703.06 246.583 318.137 0.711857 0.864562 HessianAffine RootSIFT 0
747.103 439.162 461.958 260.165 0.712248 0.88605 HessianAffine RootSIFT 0
413.398 210.283 842.154 339.631 0.712977 0.855212 HessianAffine RootSIFT 0
751.11 446.252 93.8323 365.815 0.713247 0.9046 HessianAffine RootSIFT 0
625.309 77.4442 948.981 193.005 0.713387 0.895757 HessianAffine RootSIFT 0
261.895 196.611 833.141 343.761 0.713768 0.713768 MSER RootSIFT 0
277.442 79.601 827.216 221.237 0.713957 0.979381 HessianAffine RootSIFT 0
771.145 282.259 102.958 688.343 0.714082 0.995237 HessianAffine RootSIFT 0
887.035 685.568 564.091 563.359 0.71422 0.998692 HessianAffine RootSIFT 0
605.733 196.675 852.602 322.912 0.714233 0.714233 HessianAffine RootSIFT 0
824.791 341.897 717.828 202.905 0.714337 0.888265 HessianAffine RootSIFT 0
860.396 136.099 613.873 389.505 0.714468 0.99225 HessianAffine RootSIFT 0
854.6 322.739 775.576 280.311 0.715516 0.969475 HessianAffine RootSIFT 0
645.211 282.256 332.267 562.576 0.715947 0.902147 HessianAffine RootSIFT 0
167.592 82.2038 852.524 688.039 0.715954 0.882388 HessianAffine RootSIFT 0
189.41 187.871 310.149 66.044 0.716162 0.833601 HessianAffine RootSIFT 0
228.558 206.302 789.676 253.085 0.716264 0.970007 HessianAffine RootSIFT 0
443.734 284.503 408.458 495.701 0.716327 0.993158 HessianAffine RootSIFT 0
741.379 113.205 643.72 157.769 0.716414 0.716414 HessianAffine RootSIFT 0
774.153 287.224 60.5889 592.199 0.717427 0.717427 HessianAffine RootSIFT 0
334.291 119.733 229.226 404.739 0.717604 0.824799 HessianAffine RootSIFT 0
415.832 261.918 686.34 616.067 0.718162 0.994726 HessianAffine RootSIFT 0
608.154 240.578 851.52 349.042 0.718391 0.718391 HessianAffine RootSIFT 0
760.297 265.332 408.458 495.701 0.718478 0.718478 HessianAffine RootSIFT 0
241.524 191.618 831.669 341.837 0.718957 0.915913 HessianAffine RootSIFT 0
197.189 397.732 382.232 157.199 0.719334 0.719334 HessianAffine RootSIFT 0
559.795 191.454 850.665 323.297 0.719345 0.865038 HessianAffine RootSIFT 0
908.134 688.096 229.838 663.23 0.719976 0.968414 HessianAffine RootSIFT 0
734.734 517.074 116.23 534.574 0.720113 0.720113 HessianAffine RootSIFT 0
158.087 28.6401 801.849 119.566 0.720121 0.803072 HessianAffine RootSIFT 0
726.731 408.054 69.3645 665.398 0.720462 0.986104 HessianAffine RootSIFT 0
460.931 191.678 844.122 331.58 0.720646 0.720646 HessianAffine RootSIFT 0
608.271 711.423 832.431 621.346 0.721536 0.993416 HessianAffine RootSIFT 0
642.856 672.446 531.681 693.064 0.721707 0.989768 HessianAffine RootSIFT 0
854.18 437.102 111.75 494.246 0.721719 0.721719 HessianAffine RootSIFT 0
382.486 535.102 844.638 442.543 0.721981 0.721981 HessianAffine RootSIFT 0
679.926 497.757 455.266 486.712 0.722114 0.722114 HessianAffine RootSIFT 0
62.8458 154.502 388.939 193.303 0.723901 0.97573 HessianAffine RootSIFT 0
704.16 474.238 48.5634 538.302 0.724629 0.724629 HessianAffine RootSIFT 0
227.875 347.971 106.69 221.392 0.7248 0.82158 HessianAffine RootSIFT 0
87.8606 199.899 364.324 204.415 0.725001 0.959948 HessianAffine RootSIFT 0
275.297 232.231 835.893 362.45 0.725108 0.725108 HessianAffine RootSIFT 0
554.427 447.68 720.362 466.916 0.725332 0.911087 HessianAffine RootSIFT 0
863.614 519.035 136.243 629.742 0.726066 0.849402 HessianAffine RootSIFT 0
58.4892 164.507 489.731 696.634 0.726503 0.726503 HessianAffine RootSIFT 0
573.877 438.722 432.547 543.242 0.727302 0.727302 HessianAffine RootSIFT 0
928.08 159.953 310.391 681.466 0.72735 0.8617 HessianAffine RootSIFT 0
728.282 449.334 299.758 338.793 0.727476 0.727476 HessianAffine RootSIFT 0
317.934 241.901 591.238 635.903 0.727646 0.727646 HessianAffine RootSIFT 0
627.136 19.8114 489.632 169.732 0.727914 0.99943 HessianAffine RootSIFT 0
532.595 440.605 434.095 561.331 0.727916 0.727916 HessianAffine RootSIFT 0
374.058 323.096 101.816 687.832 0.728658 0.975021 HessianAffine RootSIFT 0
730.359 406.531 62.923 669.875 0.72896 0.855227 HessianAffine RootSIFT 0
442.585 274.549 39.5629 560.804 0.729482 0.729482 HessianAffine RootSIFT 0
667.012 309.742 688.268 622.493 0.730718 0.916313 HessianAffine RootSIFT 0
867.02 520.148 771.75 398.104 0.730917 0.821204 HessianAffine RootSIFT 0
216.041 84.6493 822.153 234.15 0.731242 0.731242 HessianAffine RootSIFT 0
653.681 443.678 851.339 421.497 0.731307 0.731307 HessianAffine RootSIFT 0
697.551 322.077 461.113 482.108 0.73181 0.872147 HessianAffine RootSIFT 0
910.513 126.389 674.871 186.736 0.73208 0.913953 HessianAffine RootSIFT 0
276.004 176.691 408.441 499.643 0.73223 0.880508 HessianAffine RootSIFT 0
176.591 182.597 314.476 57.4685 0.732638 0.980177 HessianAffine RootSIFT 0
242.139 343.384 456.93 247.751 0.733172 0.733172 HessianAffine RootSIFT 0
599.677 697.656 596.326 653.027 0.733276 0.860991 HessianAffine RootSIFT 0
157.827 56.8461 45.6999 233.012 0.733311 0.937331 HessianAffine RootSIFT 0
269.941 360.153 90.6908 363.577 0.733396 0.733396 HessianAffine RootSIFT 0
437.895 264.195 828.515 409.876 0.733574 0.822917 HessianAffine RootSIFT 0
381.786 458.536 861.945 539.873 0.733972 0.800271 HessianAffine RootSIFT 0
768.481 345.448 410.024 242.501 0.734021 0.84196 HessianAffine RootSIFT 0
699.873 470.506 48.4943 536.817 0.734416 0.969358 HessianAffine RootSIFT 0
107.145 320.898 204.626 376.853 0.734575 0.818588 HessianAffine RootSIFT 0
803.669 672.47 724.435 210.243 0.734581 0.734581 HessianAffine RootSIFT 0
570.298 567.534 102.608 686.192 0.734609 0.971037 HessianAffine RootSIFT 0
685.238 286.621 468.802 430.713 0.73463 0.73463 HessianAffine RootSIFT 0
811.037 288.02 93.9297 305.419 0.735003 0.735003 HessianAffine RootSIFT 0
64.5208 322.778 571.918 639.049 0.735447 0.999001 HessianAffine RootSIFT 0
786.471 116.202 812.019 191.902 0.735544 0.879668 HessianAffine RootSIFT 0
359.035 435.014 606.688 628.114 0.735636 0.856076 HessianAffine RootSIFT 0
444.094 201.272 614.94 206.045 0.735806 0.818126 HessianAffine RootSIFT 0
925.865 176.372 455.266 486.712 0.736128 0.919322 HessianAffine RootSIFT 0
252.67 224.11 435.524 528.81 0.736447 0.736447 HessianAffine RootSIFT 0
870.205 467.215 192.914 142.573 0.736719 0.902335 HessianAffine RootSIFT 0
362.404 360.217 577.506 289.897 0.737134 0.939293 HessianAffine RootSIFT 0
891.682 301.422 78.6753 558.916 0.737412 0.737412 HessianAffine RootSIFT 0
825.519 285.817 238.805 514.228 0.737518 0.992436 HessianAffine RootSIFT 0
685.954 691.803 664.128 611.995 0.737604 0.737604 HessianAffine RootSIFT 0
486.774 527.613 145.22 711.186 0.738067 0.738067 HessianAffine RootSIFT 0
187.437 281.563 787.297 402.267 0.73812 0.909567 HessianAffine RootSIFT 0
381.975 29.9223 829.001 90.9971 0.738126 0.738126 HessianAffine RootSIFT 0
678.097 249.619 854.671 341.933 0.738141 0.738141 MSER RootSIFT 0
252.091 68.0737 525.529 188.881 0.738173 0.947415 HessianAffine RootSIFT 0
443.603 535.233 844.638 442.543 0.738277 0.738277 HessianAffine RootSIFT 0
555.077 632.332 842.078 422.135 0.738419 0.738419 HessianAffine RootSIFT 0
178.357 115.929 626.059 214.304 0.738723 0.904489 HessianAffine RootSIFT 0
717.922 117.245 599.955 380.027 0.738955 0.931379 HessianAffine RootSIFT 0
722.348 408.151 330.508 579.606 0.739656 0.84765 HessianAffine RootSIFT 0
236.167 307.562 44.173 541.977 0.73975 0.863038 HessianAffine RootSIFT 0
557.494 373.495 849.053 403.836 0.739808 0.739808 HessianAffine RootSIFT 0
346.985 244.012 938.674 418.246 0.73985 0.73985 HessianAffine RootSIFT 0
688.49 317.335 672.462 328.672 0.739861 0.739861 HessianAffine RootSIFT 0
882.985 348.16 223.886 138.311 0.739935 0.866645 HessianAffine RootSIFT 0
207.496 370.6 789.816 209.333 0.740586 0.941217 HessianAffine RootSIFT 0
796.003 121.557 489.831 162.254 0.740901 0.740901 HessianAffine RootSIFT 0
772.483 111.609 816.976 191.74 0.740927 0.979365 HessianAffine RootSIFT 0
436.746 362.892 891.782 397.305 0.741102 0.741102 HessianAffine RootSIFT 0
670.358 274.97 464.777 448.387 0.741342 0.838966 HessianAffine RootSIFT 0
549.496 604.058 60.5889 592.199 0.741923 0.979569 HessianAffine RootSIFT 0
447.153 175.366 219.248 262.53 0.742328 0.742328 HessianAffine RootSIFT 0
302.019 147.759 406.344 107.655 0.742576 0.742576 HessianAffine RootSIFT 0
917.998 329.128 862.691 88.7159 0.742817 0.952396 HessianAffine RootSIFT 0
608.453 180.906 391.574 504.543 0.743478 0.929147 HessianAffine RootSIFT 0
685.903 123.288 384.975 87.1406 0.743561 0.743561 HessianAffine RootSIFT 0
839.492 323.438 115.383 159.886 0.743722 0.743722 HessianAffine RootSIFT 0
370.708 35.9282 828.966 109.115 0.744227 0.744227 HessianAffine RootSIFT 0
556.306 580.909 101.292 686.876 0.744308 0.962116 HessianAffine RootSIFT 0
938.187 532.391 181.307 148.823 0.74455 0.74455 HessianAffine RootSIFT 0
246.474 64.7283 819.82 196.378 0.744639 0.744639 HessianAffine RootSIFT 0
686.251 485.891 444.868 492.011 0.744721 0.744721 HessianAffine RootSIFT 0
885.558 568.72 760.265 191.489 0.745124 0.913377 HessianAffine RootSIFT 0
765.517 265.751 48.4535 379.732 0.745142 0.897952 HessianAffine RootSIFT 0
648.191 87.8319 239.949 645.043 0.745332 0.745332 HessianAffine RootSIFT 0
64.5843 305.695 39.9431 536.919 0.745397 0.969078 HessianAffine RootSIFT 0
689.34 290.24 468.802 430.713 0.745755 0.745755 HessianAffine RootSIFT 0
464.944 538.94 589.771 588.104 0.7463 0.7463 MSER RootSIFT 0
277.568 71.2146 531.978 120.543 0.746327 0.890274 MSER RootSIFT 0
896.352 342.957 112.587 519.842 0.7464 0.932287 HessianAffine RootSIFT 0
169.186 28.2469 804.891 122.386 0.747049 0.971278 HessianAffine RootSIFT 0
870.669 660.469 700.177 535.376 0.74711 0.74711 HessianAffine RootSIFT 0
744.024 534.921 97.3322 256.207 0.747155 0.747155 HessianAffine RootSIFT 0
454.052 291.847 577.172 375.24 0.747392 0.906388 HessianAffine RootSIFT 0
51.4763 75.0341 154.307 531.096 0.747608 0.81472 HessianAffine RootSIFT 0
624.871 436.442 850.899 422.724 0.747703 0.939388 HessianAffine RootSIFT 0
570.088 192.668 850.665 323.297 0.747872 0.747872 HessianAffine RootSIFT 0
139.046 265.477 602.619 574.593 0.74822 0.74822 HessianAffine RootSIFT 0
679.505 76.1503 861.792 156.075 0.748683 0.891161 HessianAffine RootSIFT 0
366.952 428.379 161.045 600.521 0.748723 0.931896 HessianAffine RootSIFT 0
510.963 580.064 267.355 686.96 0.748937 0.976221 HessianAffine RootSIFT 0
756.97 573.11 174.816 262.66 0.749168 0.862623 HessianAffine RootSIFT 0
217.524 297.537 481.064 277.898 0.750161 0.875014 HessianAffine RootSIFT 0
654.19 88.5878 862.289 75.0526 0.750215 0.750215 HessianAffine RootSIFT 0
552.382 598.142 282.177 683.517 0.750246 0.750246 HessianAffine RootSIFT 0
229.05 190.872 831.797 342.445 0.750369 0.960993 HessianAffine RootSIFT 0
206.878 109.936 824.126 272.197 0.75069 0.803599 HessianAffine RootSIFT 0
102.66 87.4819 89.1577 305.49 0.750729 0.909681 HessianAffine RootSIFT 0
950.467 163.67 455.266 486.712 0.750791 0.820128 HessianAffine RootSIFT 0
608.821 235.467 410.516 474.271 0.751332 0.985299 HessianAffine RootSIFT 0
209.579 311.615 445.927 273.891 0.751434 0.974774 HessianAffine RootSIFT 0
452.979 292.513 304.074 340.099 0.751672 0.947186 HessianAffine RootSIFT 0
700.089 333.906 51.5798 531.956 0.752393 0.934045 HessianAffine RootSIFT 0
582.982 456.902 140.673 634.264 0.75271 0.75271 HessianAffine RootSIFT 0
561.201 441.956 379.876 668.027 0.753011 0.753011 HessianAffine RootSIFT 0
705.452 264.664 856.268 356.91 0.75328 0.926104 HessianAffine RootSIFT 0
936.786 501.554 188.635 678.213 0.753458 0.906603 HessianAffine RootSIFT 0
590.242 189.422 851.4 320.883 0.753608 0.753608 HessianAffine RootSIFT 0
140.459 120.207 821.707 291.387 0.753833 0.969781 HessianAffine RootSIFT 1
234.998 371.023 692.933 273.5 0.753951 0.929291 HessianAffine RootSIFT 0
856.141 431.474 114.688 493.143 0.754529 0.754529 HessianAffine RootSIFT 0
234.557 138.709 837.787 412.132 0.754848 0.89102 HessianAffine RootSIFT 0
789.564 121.568 484.083 134.145 0.754924 0.916988 HessianAffine RootSIFT 0
678.974 690.332 664.128 611.995 0.7552 0.7552 HessianAffine RootSIFT 0
173.463 45.6138 638.145 175.281 0.755403 0.802176 HessianAffine RootSIFT 0
890.303 301.727 226.611 524.012 0.755451 0.755451 HessianAffine RootSIFT 0
796.166 294.047 319.288 521.474 0.755479 0.755479 HessianAffine RootSIFT 0
181.51 343.576 615.847 395.961 0.755534 0.755534 HessianAffine RootSIFT 0
721.187 409.251 64.7744 678.003 0.755659 0.961598 HessianAffine RootSIFT 0
746.318 455.243 152.737 155.427 0.755688 0.755688 HessianAffine RootSIFT 0
42.3923 213.293 298.466 111.76 0.755693 0.755693 HessianAffine RootSIFT 0
688.594 273.086 406.642 191.955 0.7561 0.990881 HessianAffine RootSIFT 0
189.908 64.8289 816.184 206.47 0.756121 0.756121 HessianAffine RootSIFT 0
359.539 371.697 706.587 544.601 0.756404 0.92792 HessianAffine RootSIFT 0
696.503 482.403 67.3026 657.293 0.756464 0.943026 HessianAffine RootSIFT 0
440.854 216.517 844.556 330.741 0.756588 0.756588 MSER RootSIFT 0
683.097 244.644 855.352 348.811 0.75673 0.947473 HessianAffine RootSIFT 1
522.94 58.1605 847.254 141.458 0.756817 0.756817 HessianAffine RootSIFT 0
725.971 470.191 123.988 542.117 0.757269 0.757269 HessianAffine RootSIFT 0
864.273 551.036 377.938 121.142 0.757275 0.757275 HessianAffine RootSIFT 0
562.99 715.603 773.65 521.9 0.75757 0.75757 HessianAffine RootSIFT 0
757.593 52.0933 877.641 53.4926 0.757769 0.757769 HessianAffine RootSIFT 1
742.277 118.454 204.191 382.597 0.757932 0.757932 HessianAffine RootSIFT 0
583.266 172.518 51.0831 507.207 0.75873 0.807729 HessianAffine RootSIFT 0
540.983 208.453 827.512 408.922 0.758788 0.758788 HessianAffine RootSIFT 0
497.663 52.0169 844.633 126.754 0.759109 0.759109 HessianAffine RootSIFT 1
262.186 121.196 829.833 285.938 0.759213 0.895477 HessianAffine RootSIFT 0
419.48 166.721 840.3 311.175 0.759245 0.759245 HessianAffine RootSIFT 0
688.026 501.258 852.758 432.052 0.759546 0.818721 HessianAffine RootSIFT 0
585.867 193.696 145.256 527.446 0.759745 0.993596 HessianAffine RootSIFT 0
515.668 413.61 761.913 279.175 0.759884 0.967728 MSER RootSIFT 0
397.657 186.363 234.983 717.06 0.760397 0.91977 HessianAffine RootSIFT 0
934.622 335.415 117.796 496.124 0.76057 0.76057 HessianAffine RootSIFT 0
812.852 61.4838 883.59 70.1208 0.760644 0.760644 HessianAffine RootSIFT 1
926.171 494.784 122.502 231.924 0.760651 0.760651 HessianAffine RootSIFT 0
803.677 130.649 40.723 353.922 0.760677 0.760677 HessianAffine RootSIFT 0
687.489 491.25 97.7053 703.01 0.76102 0.76102 HessianAffine RootSIFT 0
501.447 173.306 846.539 311.289 0.761202 0.761202 HessianAffine RootSIFT 0
507.796 403.71 668.796 631.01 0.761212 0.839426 HessianAffine RootSIFT 0
878.493 303.331 418.11 249.823 0.761407 0.96717 HessianAffine RootSIFT 0
942.996 161.316 613.873 389.505 0.761411 0.994147 HessianAffine RootSIFT 0
522.306 159.437 847.251 300.694 0.761516 0.998667 HessianAffine RootSIFT 0
729.774 426.946 110.44 647.184 0.761648 0.920797 HessianAffine RootSIFT 0
842.391 695.529 54.3903 321.214 0.76175 0.76175 HessianAffine RootSIFT 0
388.356 206.39 350.803 265.197 0.761793 0.999546 HessianAffine RootSIFT 0
525.31 617.133 511.731 685.767 0.761838 0.952306 HessianAffine RootSIFT 0
676.901 240.977 854.984 348.138 0.761941 0.761941 HessianAffine RootSIFT 1
485.872 416.288 788.195 403.943 0.762685 0.762685 HessianAffine RootSIFT 0
700.933 429.594 438.307 269.277 0.7627 0.812757 HessianAffine RootSIFT 0
851.675 271.544 290.875 111.392 0.762925 0.946291 HessianAffine RootSIFT 0
497.858 286.614 141.132 644.738 0.763014 0.877713 HessianAffine RootSIFT 0
429.262 502.187 861.945 539.873 0.763037 0.986413 HessianAffine RootSIFT 0
167.509 80.6578 568.393 202.711 0.763129 0.93658 HessianAffine RootSIFT 0
747.621 447.851 136.024 630.994 0.763307 0.9167 HessianAffine RootSIFT 0
79.2912 329.652 400.064 532.973 0.763336 0.961356 HessianAffine RootSIFT 0
723.389 342.948 467.706 430.019 0.763441 0.763441 HessianAffine RootSIFT 0
498.066 285.564 140.389 638.976 0.763635 0.835127 HessianAffine RootSIFT 0
889.002 442.198 891.85 386.282 0.763703 0.879799 HessianAffine RootSIFT 0
43.8403 74.3139 159.915 530.473 0.763705 0.875703 HessianAffine RootSIFT 0
846.502 133.393 455.266 486.712 0.763755 0.763755 HessianAffine RootSIFT 0
431.01 267.123 533.287 693.104 0.763851 0.856789 HessianAffine RootSIFT 0
721.734 408.56 476.769 259.623 0.763878 0.864632 HessianAffine RootSIFT 0
251.795 73.6118 626.906 212.314 0.763985 0.763985 HessianAffine RootSIFT 0
383.7 188.821 838.278 330.944 0.764146 0.764146 HessianAffine RootSIFT 0
472.491 299.609 791.395 405.781 0.764192 0.896498 HessianAffine RootSIFT 0
569.63 207.043 666.754 214.457 0.764203 0.955309 HessianAffine RootSIFT 0
765.593 615.958 601.249 253.529 0.764205 0.764205 HessianAffine RootSIFT 0
458.984 480.247 599.458 560.522 0.764217 0.764217 HessianAffine RootSIFT 0
169.209 114.113 632.231 216.281 0.764582 0.764582 HessianAffine RootSIFT 0
391.262 196.869 113.45 348.776 0.764701 0.986045 HessianAffine RootSIFT 0
803.075 494.806 721.374 457.736 0.764724 0.960401 HessianAffine RootSIFT 0
297.201 178.064 89.3698 371.738 0.764847 0.764847 HessianAffine RootSIFT 0
777.846 267.581 530.545 108.179 0.764866 0.853853 HessianAffine RootSIFT 0
609.989 70.8593 503.688 142.395 0.764878 0.764878 HessianAffine RootSIFT 0
125.753 235.56 321.501 715.146 0.764972 0.764972 HessianAffine RootSIFT 0
378.8 345.883 552.131 682.95 0.765054 0.765054 HessianAffine RootSIFT 0
740.519 390.277 741.181 250.232 0.765066 0.765066 HessianAffine RootSIFT 0
674.303 698.938 141.159 522.803 0.765236 0.98051 HessianAffine RootSIFT 0
183.258 117.394 808.44 144.383 0.765307 0.923767 HessianAffine RootSIFT 0
81.4418 291.511 51.7197 532.113 0.765456 0.989859 HessianAffine RootSIFT 0
600.313 698.126 536.128 697.045 0.765808 0.971769 HessianAffine RootSIFT 0
684.021 291.858 394.215 231.05 0.766035 0.99662 HessianAffine RootSIFT 0
696.736 489.56 456.164 489.39 0.766232 0.924753 HessianAffine RootSIFT 0
332.813 299.543 860.272 262.768 0.766241 0.766241 HessianAffine RootSIFT 0
830.119 569.091 253.092 420.927 0.766376 0.857552 HessianAffine RootSIFT 0
636.825 444.143 850.899 422.724 0.766494 0.903322 HessianAffine RootSIFT 1
219.139 359.146 422.211 617.127 0.766618 0.990455 MSER RootSIFT 0
102.111 334.367 623.623 547.535 0.766654 0.766654 HessianAffine RootSIFT 0
422.349 32.9804 835.914 89.9959 0.766861 0.951921 HessianAffine RootSIFT 0
188.435 134.65 257.779 228.969 0.766864 0.766864 HessianAffine RootSIFT 0
62.0796 169.312 375.928 489.929 0.767036 0.846762 HessianAffine RootSIFT 0
832.067 281.563 106.907 160.989 0.767172 0.804188 HessianAffine RootSIFT 0
725.777 325.302 388.21 645.478 0.767256 0.767256 HessianAffine RootSIFT 0
121.202 408.368 529.236 476.664 0.767308 0.963162 HessianAffine RootSIFT 0
591.778 173.839 52.1367 506.386 0.76736 0.9629 HessianAffine RootSIFT 0
857.27 128.804 571.918 639.049 0.767462 0.989319 HessianAffine RootSIFT 0
540.707 417.647 432.547 543.242 0.767479 0.767479 HessianAffine RootSIFT 0
744.343 331.427 671.55 629.284 0.767684 0.935865 HessianAffine RootSIFT 0
352.367 361.088 577.123 282.958 0.767706 0.925655 HessianAffine RootSIFT 0
382.364 218.615 902.43 96.9363 0.767754 0.767754 HessianAffine RootSIFT 0
872.864 337.143 198.213 148.93 0.767959 0.89339 HessianAffine RootSIFT 0
476.952 166.859 358.66 256.196 0.768022 0.884494 HessianAffine RootSIFT 0
212.958 141.613 129.474 707.225 0.768025 0.957722 HessianAffine RootSIFT 0
936.158 332.318 127.231 366.04 0.76824 0.76824 HessianAffine RootSIFT 0
827.786 126.039 873.214 217.819 0.768305 0.883372 HessianAffine RootSIFT 0
316.621 238.09 701.963 482.272 0.768361 0.84743 HessianAffine RootSIFT 0
859.914 660.147 581.348 361.043 0.76844 0.956841 HessianAffine RootSIFT 0
357.055 240.87 166.553 207.164 0.768457 0.768457 HessianAffine RootSIFT 0
736.424 713.25 593.46 333.735 0.768761 0.768761 HessianAffine RootSIFT 0
262.503 698.603 491.535 334.228 0.768815 0.768815 HessianAffine RootSIFT 0
97.0852 294.4 158.36 141.428 0.76884 0.76884 HessianAffine RootSIFT 0
885.115 547.687 180.623 151.256 0.769039 0.876377 HessianAffine RootSIFT 0
190.201 59.1953 813.977 194.515 0.769094 0.769094 HessianAffine RootSIFT 0
735.175 291.602 166.553 207.164 0.769154 0.901294 HessianAffine RootSIFT 0
141.765 125.433 822.074 294.893 0.769414 0.769414 MSER RootSIFT 1
682.049 477.822 263.695 375.862 0.769416 0.941589 HessianAffine RootSIFT 0
757.593 52.0933 420.089 162.629 0.769518 0.931739 HessianAffine RootSIFT 0
631.808 262.452 852.444 364.058 0.769563 0.965698 HessianAffine RootSIFT 0
509.799 452.04 653.666 641.418 0.769741 0.769741 HessianAffine RootSIFT 0
587.309 464.753 863.601 539.42 0.769819 0.913791 HessianAffine RootSIFT 0
649.429 265.144 487.281 657.138 0.769869 0.909802 HessianAffine RootSIFT 0
795.409 650.044 821.192 723.572 0.770092 0.85034 HessianAffine RootSIFT 0
533.379 472.26 379.611 670.016 0.77022 0.983005 HessianAffine RootSIFT 0
883.47 697.135 248.638 415.713 0.77024 0.956652 HessianAffine RootSIFT 0
904.8 445.488 122.87 294.075 0.77028 0.828188 HessianAffine RootSIFT 0
569.131 73.8066 851.064 165.784 0.770556 0.883785 HessianAffine RootSIFT 0
671.372 246.851 854.671 341.933 0.770669 0.770669 MSER RootSIFT 0
590.176 433.346 861.732 542.312 0.770685 0.944392 HessianAffine RootSIFT 0
873.871 285.026 114.533 509.85 0.770737 0.918589 HessianAffine RootSIFT 0
491.81 620.909 850.243 404.865 0.771069 0.771069 HessianAffine RootSIFT 0
839.777 56.8404 890.063 42.5593 0.771438 0.909276 MSER RootSIFT 0
816.752 291.886 888.102 86.5434 0.771562 0.771562 HessianAffine RootSIFT 0
143.211 62.8925 531.427 134.692 0.771589 0.771589 HessianAffine RootSIFT 0
418.085 460.097 774.053 521.978 0.771605 0.771605 HessianAffine RootSIFT 0
907.482 688.15 121.925 375.422 0.77161 0.77161 HessianAffine RootSIFT 0
803.909 497.301 277.641 694.667 0.771628 0.771628 HessianAffine RootSIFT 0
334.095 369.174 862.176 153.35 0.771631 0.992595 HessianAffine RootSIFT 0
163.257 323.605 823.999 637.105 0.771827 0.771827 HessianAffine RootSIFT 0
551.143 462.248 382.938 552.154 0.771858 0.771858 HessianAffine RootSIFT 0
332.43 344.459 567.784 652.554 0.771873 0.771873 MSER RootSIFT 0
392.225 195.733 109.864 354.98 0.772026 0.95054 HessianAffine RootSIFT 0
727.465 295.771 244.329 708.432 0.772089 0.981523 HessianAffine RootSIFT 0
340.597 370.106 865.425 142.403 0.772136 0.88158 HessianAffine RootSIFT 0
242.988 224.396 125.999 563.275 0.772176 0.872696 HessianAffine RootSIFT 0
763.687 392.023 326.714 100.012 0.772243 0.772243 HessianAffine RootSIFT 0
687.249 324.883 264.928 708.884 0.77231 0.77231 HessianAffine RootSIFT 0
460.129 440.472 947.836 508.539 0.772399 0.772399 HessianAffine RootSIFT 0
392.815 331.293 406.515 191.495 0.772456 0.772456 HessianAffine RootSIFT 0
284.81 153.58 415.015 120.033 0.772555 0.772555 HessianAffine RootSIFT 0
197.706 108.572 824.645 267.132 0.772559 0.929747 HessianAffine RootSIFT 0
379.422 351.584 552.131 682.95 0.772575 0.890265 HessianAffine RootSIFT 0
261.869 110.158 829.363 271.222 0.772577 0.880298 HessianAffine RootSIFT 0
648.085 653.89 612.588 514.839 0.772661 0.834437 HessianAffine RootSIFT 0
553.848 589.74 101.292 686.876 0.772667 0.956748 HessianAffine RootSIFT 0
315.066 214.957 289.536 290.357 0.772727 0.974676 HessianAffine RootSIFT 0
492.937 173.295 845.951 312.872 0.77283 0.840683 HessianAffine RootSIFT 0
142.854 56.4118 626.167 414.912 0.772836 0.772836 HessianAffine RootSIFT 0
894.436 323.717 168.564 140.871 0.772857 0.934868 HessianAffine RootSIFT 0
846.508 321.258 489.515 558.811 0.772973 0.979655 HessianAffine RootSIFT 0
235.81 164.592 641.134 35.3698 0.772999 0.772999 HessianAffine RootSIFT 0
359.687 176.983 838.344 324.67 0.773209 0.773209 HessianAffine RootSIFT 0
535.815 442.807 430.875 595.837 0.773234 0.803222 HessianAffine RootSIFT 0
937.773 144.062 699.702 491.288 0.773256 0.773256 HessianAffine RootSIFT 0
348.713 143.746 835.293 295.474 0.773286 0.773286 HessianAffine RootSIFT 0
543.648 597.73 657.225 456.652 0.77333 0.77333 HessianAffine RootSIFT 0
147.802 52.4647 626.167 414.912 0.773463 0.773463 HessianAffine RootSIFT 0
301.651 139.876 263.758 221.274 0.773484 0.935211 HessianAffine RootSIFT 0
377.827 262.409 946.705 492.008 0.77355 0.77355 HessianAffine RootSIFT 0
932.337 486.485 598.344 189.926 0.77361 0.848636 HessianAffine RootSIFT 0
436.855 178.839 40.9232 398.269 0.773717 0.841554 HessianAffine RootSIFT 0
820.375 618.513 477.799 250.225 0.774112 0.774112 HessianAffine RootSIFT 0
418.923 443.782 632.618 522.176 0.774167 0.774167 MSER RootSIFT 0
836.625 132.228 56.7635 137.603 0.774236 0.905346 HessianAffine RootSIFT 0
519.811 589.919 759.717 203.052 0.774254 0.774254 HessianAffine RootSIFT 0
691.756 292.444 855.549 371.256 0.774341 0.868648 MSER RootSIFT 0
468.943 264.872 844.865 370.924 0.774459 0.774459 MSER RootSIFT 1
491.81 620.909 850.704 420.702 0.774511 0.774511 HessianAffine RootSIFT 0
469.714 581.189 766.906 497.629 0.77455 0.994269 HessianAffine RootSIFT 0
210.777 319.474 279.564 420.989 0.774733 0.774733 HessianAffine RootSIFT 0
732.039 225.484 119.177 372.767 0.774744 0.964129 HessianAffine RootSIFT 0
534.374 207.248 272.875 702.161 0.774776 0.774776 MSER RootSIFT 0
661.176 67.2118 73.5452 298.766 0.774803 0.981119 HessianAffine RootSIFT 0
800.432 446.884 407.817 129.806 0.77496 0.998052 HessianAffine RootSIFT 0
507.303 701.088 767.594 489.982 0.774967 0.894713 HessianAffine RootSIFT 0
555.694 598.135 61.9158 592.151 0.775098 0.977306 HessianAffine RootSIFT 0
491.46 65.3574 845.062 159.439 0.775106 0.775106 HessianAffine RootSIFT 0
736.172 96.3829 675.526 500.623 0.775123 0.924134 HessianAffine RootSIFT 0
287.219 336.781 378.512 173.011 0.775214 0.775214 HessianAffine RootSIFT 0
148.679 103.286 645.914 120.498 0.77536 0.859813 HessianAffine RootSIFT 0
895.136 304.917 71.2135 650.802 0.775543 0.941712 HessianAffine RootSIFT 0
362.027 436.832 163.9 609.52 0.775551 0.818416 HessianAffine RootSIFT 0
245.601 227.037 488.537 594.748 0.775678 0.775678 HessianAffine RootSIFT 0
804.987 636.873 651.673 650.936 0.775778 0.775778 HessianAffine RootSIFT 0
575.555 417.219 721.968 457.623 0.775806 0.775806 HessianAffine RootSIFT 0
202.091 393.005 382.232 157.199 0.775821 0.775821 HessianAffine RootSIFT 0
522.94 58.1605 612.071 405.066 0.775909 0.865409 HessianAffine RootSIFT 0
846.734 305.678 772.821 531.611 0.776195 0.953651 HessianAffine RootSIFT 0
551.586 403.852 412.898 490.985 0.77628 0.972999 HessianAffine RootSIFT 0
564.949 597.653 100.713 688.046 0.776308 0.978513 HessianAffine RootSIFT 0
749.019 287.092 453.426 275.756 0.776613 0.947965 HessianAffine RootSIFT 0
735.227 533.713 289.315 389.994 0.776628 0.776628 HessianAffine RootSIFT 0
269.552 125.643 829.482 286.521 0.776746 0.938718 HessianAffine RootSIFT 0
423.415 453.662 789.074 404.1 0.776945 0.981582 HessianAffine RootSIFT 0
733.875 515.139 80.7863 257.429 0.777031 0.777031 HessianAffine RootSIFT 0
583.712 463.548 140.673 634.264 0.777102 0.866245 HessianAffine RootSIFT 0
679.595 62.7206 738.137 230.042 0.777153 0.995961 HessianAffine RootSIFT 0
774.105 284.675 715.882 434.859 0.777253 0.907028 HessianAffine RootSIFT 0
138.49 299.286 669.702 544.282 0.777268 0.854347 HessianAffine RootSIFT 0
657.486 309.126 301.886 338.098 0.777601 0.984083 HessianAffine RootSIFT 0
849.877 693.402 56.6548 298.116 0.777666 0.902322 HessianAffine RootSIFT 0
740.678 427.931 430.734 522.045 0.777807 0.954967 HessianAffine RootSIFT 0
194.418 197.495 829.799 348.219 0.777873 0.777873 HessianAffine RootSIFT 0
545.635 602.593 64.2042 676.45 0.777926 0.963948 HessianAffine RootSIFT 0
320.394 303.616 556.109 633.614 0.778101 0.927544 HessianAffine RootSIFT 0
529.033 190.333 655.741 213.48 0.778117 0.969017 HessianAffine RootSIFT 0
69.469 285.39 177.207 143.266 0.778139 0.988624 HessianAffine RootSIFT 0
240.359 354.73 727.123 231.453 0.778142 0.837481 HessianAffine RootSIFT 0
165.536 127.412 241.04 583.744 0.778263 0.870684 HessianAffine RootSIFT 0
697.552 453.102 302.592 331.758 0.778388 0.778388 HessianAffine RootSIFT 0
337.366 134.404 428.084 120.246 0.778396 0.778396 HessianAffine RootSIFT 0
332.086 133.395 601.09 180.592 0.778442 0.934131 HessianAffine RootSIFT 0
579.532 133.012 532.293 133.719 0.778524 0.953507 HessianAffine RootSIFT 0
879.665 544.228 688.268 622.493 0.778525 0.886047 HessianAffine RootSIFT 0
857.318 698.595 159.543 490.91 0.778673 0.879005 HessianAffine RootSIFT 0
581.046 557.112 62.923 669.875 0.778843 0.778843 HessianAffine RootSIFT 0
644.837 263.069 486.956 654.743 0.778973 0.949493 HessianAffine RootSIFT 0
362.677 446.522 775.021 408.562 0.779044 0.97404 HessianAffine RootSIFT 0
256.455 186.858 831.404 339.144 0.779107 0.779107 HessianAffine RootSIFT 0
190.485 99.0199 822.811 259.089 0.779117 0.990961 HessianAffine RootSIFT 0
269.015 407.275 78.1224 661.149 0.77934 0.947137 HessianAffine RootSIFT 0
223.129 383.471 145.19 622.006 0.779359 0.779359 HessianAffine RootSIFT 0
656.304 52.5503 862.452 89.8171 0.779362 0.885425 HessianAffine RootSIFT 0
511.536 58.0691 211.682 164.102 0.779402 0.918143 HessianAffine RootSIFT 0
226.659 110.688 847.47 300.848 0.779446 0.980907 HessianAffine RootSIFT 0
803.88 397.983 116.3 217.483 0.779647 0.965816 HessianAffine RootSIFT 0
411.25 37.6982 834.383 104.436 0.779764 0.973679 HessianAffine RootSIFT 1
203.292 273.543 396.871 610.07 0.779799 0.855958 HessianAffine RootSIFT 0
889.533 109.873 864.479 637.02 0.779802 0.964034 HessianAffine RootSIFT 0
175.98 90.2461 273.434 226.243 0.779823 0.863808 HessianAffine RootSIFT 0
729.941 345.302 61.9158 592.151 0.779826 0.958969 HessianAffine RootSIFT 0
623.891 662.769 545.804 687.866 0.780235 0.780235 HessianAffine RootSIFT 0
717.793 364.997 515.868 652.913 0.780244 0.997926 HessianAffine RootSIFT 0
479.243 585.94 775.312 313.502 0.780284 0.889244 HessianAffine RootSIFT 0
479.843 27.6092 647.105 403.883 0.780394 0.928051 HessianAffine RootSIFT 0
168.177 194.114 683.969 211.255 0.780398 0.999066 HessianAffine RootSIFT 0
610.836 613.264 212.484 490.45 0.780779 0.780779 HessianAffine RootSIFT 0
217.29 101.547 810.097 118.918 0.780783 0.827901 HessianAffine RootSIFT 0
443.216 285.664 388.939 193.303 0.780819 0.923061 HessianAffine RootSIFT 0
890.158 458.018 744.764 207.857 0.780836 0.821856 HessianAffine RootSIFT 0
561.457 467.196 162.814 611.785 0.780845 0.938399 HessianAffine RootSIFT 0
245.866 67.0195 823.526 204.249 0.780864 0.987501 HessianAffine RootSIFT 0
888.064 492.091 679.273 627.215 0.781027 0.843202 HessianAffine RootSIFT 0
844.563 273.435 606.085 301.412 0.781103 0.781103 HessianAffine RootSIFT 0
302.744 132.319 294.443 261.563 0.781162 0.998235 HessianAffine RootSIFT 0
869.207 334.889 365.323 188.604 0.781248 0.856691 HessianAffine RootSIFT 0
361.53 468.048 812.49 416.947 0.781269 0.894752 HessianAffine RootSIFT 0
302.362 303.819 826.358 112.305 0.781292 0.924311 HessianAffine RootSIFT 0
705.177 333.015 49.2506 540.612 0.781401 0.781401 HessianAffine RootSIFT 0
491.417 420.293 144.279 185.004 0.781439 0.97557 HessianAffine RootSIFT 0
522.131 205.192 686.985 491.582 0.781486 0.781486 HessianAffine RootSIFT 0
109.177 202.349 492.281 204.374 0.781519 0.781519 MSER RootSIFT 0
162.618 194.851 683.969 211.255 0.781529 0.781529 HessianAffine RootSIFT 0
391.733 321.443 862.936 149.299 0.781627 0.912769 HessianAffine RootSIFT 0
380.645 263.283 305.032 473.79 0.781654 0.882155 HessianAffine RootSIFT 0
500.945 605.095 766.561 490.396 0.781726 0.781726 HessianAffine RootSIFT 0
230.46 292.091 265.832 264.416 0.781749 0.970352 HessianAffine RootSIFT 0
346.523 129.838 787.407 244.846 0.782078 0.941361 HessianAffine RootSIFT 0
561.183 584.364 102.608 686.192 0.782177 0.928839 HessianAffine RootSIFT 0
862.997 700.429 155.286 486.448 0.782228 0.833952 HessianAffine RootSIFT 0
897.059 693.904 602.388 255.827 0.782353 0.782353 HessianAffine RootSIFT 0
169.632 197.416 666.444 333.684 0.782484 0.782484 HessianAffine RootSIFT 0
169.244 190.322 304.724 56.9063 0.782593 0.827546 HessianAffine RootSIFT 0
521.295 686.295 765.436 493.703 0.782723 0.782723 MSER RootSIFT 0
221.596 405.509 378.046 156.733 0.782735 0.942281 HessianAffine RootSIFT 0
543.99 412.988 752.2 498.399 0.782841 0.782841 HessianAffine RootSIFT 0
588.97 460.813 162.468 631.989 0.782927 0.782927 HessianAffine RootSIFT 0
290.73 231.316 490.844 325.956 0.783104 0.783104 HessianAffine RootSIFT 0
247.448 674.063 399.463 599.964 0.783157 0.896233 HessianAffine RootSIFT 0
209.669 376.271 686.388 602.875 0.783176 0.783176 HessianAffine RootSIFT 0
597.301 182.844 438.207 486.189 0.783302 0.783302 HessianAffine RootSIFT 0
232.002 328.43 628.289 593.795 0.78339 0.931321 HessianAffine RootSIFT 0
372.458 467.441 409.089 680.791 0.78345 0.974293 HessianAffine RootSIFT 0
865.187 338.479 363.364 150.932 0.783493 0.912175 HessianAffine RootSIFT 0
198.41 179.592 38.8321 347.781 0.7835 0.935023 HessianAffine RootSIFT 0
303.741 141.471 403.922 117.863 0.783604 0.783604 HessianAffine RootSIFT 0
240.271 242.214 344.13 266.103 0.783604 0.85763 HessianAffine RootSIFT 0
303.119 205.066 197.103 178.064 0.783619 0.878094 HessianAffine RootSIFT 0
778.34 110.821 452.202 517.912 0.783624 0.990729 HessianAffine RootSIFT 0
860.927 128.289 609.576 393.651 0.783676 0.833745 HessianAffine RootSIFT 0
178.121 344.14 173.998 592.018 0.783858 0.982999 HessianAffine RootSIFT 0
506.636 62.458 843.969 151.182 0.783965 0.843186 HessianAffine RootSIFT 0
608.583 214.664 530.313 134.62 0.784061 0.92602 HessianAffine RootSIFT 0
588.352 132.899 530.63 130.138 0.784146 0.854871 HessianAffine RootSIFT 0
328.697 221.195 936.055 480.065 0.784318 0.82603 HessianAffine RootSIFT 0
557.011 618.113 777.685 696.71 0.784399 0.972181 HessianAffine RootSIFT 0
430.65 253.127 551.413 681.9 0.784585 0.865338 HessianAffine RootSIFT 0
730.7 291.168 289.743 65.0166 0.784592 0.876051 HessianAffine RootSIFT 0
709.618 458.763 301.886 338.098 0.784602 0.968543 HessianAffine RootSIFT 0
715.093 485.024 120.752 533.481 0.784607 0.784607 HessianAffine RootSIFT 0
78.7057 139.782 415.323 494.71 0.784613 0.951584 HessianAffine RootSIFT 0
458.708 292.415 302.015 341.583 0.784736 0.897582 HessianAffine RootSIFT 0
176.645 174.202 244.8 397.345 0.784831 0.784831 HessianAffine RootSIFT 0
894.115 694.268 214.941 458.923 0.784836 0.806758 HessianAffine RootSIFT 0
140.729 364.625 720.981 468.523 0.784933 0.784933 HessianAffine RootSIFT 0
598.221 197.475 406.515 191.495 0.785008 0.920497 HessianAffine RootSIFT 0
569.878 415.438 767.863 505.372 0.785044 0.98365 HessianAffine RootSIFT 0
824.643 522.056 283.774 281.8 0.785114 0.96037 HessianAffine RootSIFT 0
686.161 457.622 124.399 530.443 0.785114 0.785114 HessianAffine RootSIFT 0
310.045 129.381 172.302 95.2064 0.78519 0.933211 HessianAffine RootSIFT 0
296.614 200.665 186.887 179.899 0.785219 0.785219 HessianAffine RootSIFT 0
734.647 325.187 267.857 694.899 0.785307 0.937438 HessianAffine RootSIFT 0
940.34 148.714 660.109 459.643 0.785437 0.993203 HessianAffine RootSIFT 0
592.229 425.37 56.2107 668.139 0.785484 0.785484 HessianAffine RootSIFT 0
216.012 679.093 806.574 695.63 0.785519 0.991015 HessianAffine RootSIFT 0
558.309 583.132 62.923 669.875 0.785617 0.785617 HessianAffine RootSIFT 0
926.227 493.019 79.914 544.218 0.785745 0.785745 HessianAffine RootSIFT 0
907.731 432.745 752.064 184.242 0.785795 0.926241 HessianAffine RootSIFT 0
562.277 640.741 269.294 693.758 0.785801 0.884638 HessianAffine RootSIFT 0
299.615 369.878 396.383 181.062 0.786044 0.786044 HessianAffine RootSIFT 0
275.304 111.86 829.518 270.345 0.786067 0.786067 HessianAffine RootSIFT 1
584.111 417.209 778.957 402.976 0.786088 0.982313 HessianAffine RootSIFT 0
243.485 72.6839 531.427 134.692 0.786109 0.786109 HessianAffine RootSIFT 0
604.142 624.073 251.075 482.579 0.786208 0.786208 HessianAffine RootSIFT 0
747.505 381.184 83.6878 298.872 0.786253 0.786253 HessianAffine RootSIFT 0
207.92 84.3769 822.153 234.15 0.786263 0.786263 HessianAffine RootSIFT 0
592.016 68.9452 815.508 192.456 0.786265 0.786265 HessianAffine RootSIFT 0
577.754 437.236 378.359 595.499 0.786307 0.786307 HessianAffine RootSIFT 0
704.749 343.983 603.213 662.941 0.786345 0.786345 HessianAffine RootSIFT 0
658.142 274.976 134.788 593.371 0.786421 0.786421 HessianAffine RootSIFT 0
746.02 288.887 331.272 574.698 0.786546 0.877195 HessianAffine RootSIFT 0
865.889 466.091 186.145 143.01 0.786616 0.841108 HessianAffine RootSIFT 0
457.898 188.807 845.808 314.82 0.786662 0.842771 HessianAffine RootSIFT 0
372.561 187.554 348.768 253.056 0.786742 0.962293 HessianAffine RootSIFT 0
307.441 221.225 162.54 202.18 0.786766 0.786766 HessianAffine RootSIFT 0
186.753 272.08 396.871 610.07 0.78678 0.859485 HessianAffine RootSIFT 0
671.457 685.715 551.999 678.218 0.786813 0.786813 HessianAffine RootSIFT 0
249.071 238.059 859.553 261.862 0.786863 0.786863 HessianAffine RootSIFT 0
238.399 77.7616 216.958 507.059 0.786983 0.865665 HessianAffine RootSIFT 0
579.168 653.553 657.725 647.995 0.787072 0.916344 HessianAffine RootSIFT 0
456.72 291.134 846.504 443.112 0.787095 0.787095 HessianAffine RootSIFT 0
86.2807 75.9242 443.947 591.834 0.787122 0.787122 HessianAffine RootSIFT 0
688.789 478.599 447.926 489.696 0.787598 0.985233 HessianAffine RootSIFT 0
863.594 343.573 68.5955 290.419 0.787648 0.952908 HessianAffine RootSIFT 0
950.72 585.044 581.771 365.373 0.787727 0.955523 HessianAffine RootSIFT 0
568.105 439.669 378.434 591.154 0.787802 0.787802 HessianAffine RootSIFT 0
321.455 130.264 530.621 128.904 0.787929 0.787929 HessianAffine RootSIFT 0
592.899 195.577 142.072 635.72 0.787951 0.787951 HessianAffine RootSIFT 0
916.035 175.921 628.137 298.132 0.78797 0.850733 HessianAffine RootSIFT 0
161.023 200.082 155.28 597.494 0.787994 0.787994 HessianAffine RootSIFT 0
218.249 284.885 782.94 351.422 0.788034 0.788034 HessianAffine RootSIFT 0
372.426 258.897 783.582 282.947 0.788226 0.990099 HessianAffine RootSIFT 0
168.344 274.427 123.988 542.117 0.788246 0.788246 HessianAffine RootSIFT 0
923.959 331.923 202.477 147.458 0.788269 0.912237 HessianAffine RootSIFT 0
376.036 433.565 333.684 560.181 0.788272 0.851641 HessianAffine RootSIFT 0
525.178 457.244 432.547 543.242 0.788275 0.811641 HessianAffine RootSIFT 0
792.676 269.279 46.3906 334.059 0.788297 0.788297 HessianAffine RootSIFT 0
727.173 458.214 128.474 535.565 0.788357 0.788357 HessianAffine RootSIFT 0
547.08 58.3619 174.851 14.5465 0.788408 0.788408 HessianAffine RootSIFT 0
178.766 339.665 765.931 486.885 0.788515 0.788515 HessianAffine RootSIFT 0
133.229 362.166 719.244 479.062 0.788697 0.850234 HessianAffine RootSIFT 0
319.395 256.922 587.867 598.212 0.788714 0.96952 HessianAffine RootSIFT 0
84.6258 293.108 572.023 638.804 0.788762 0.942468 HessianAffine RootSIFT 0
590.931 414.264 788.195 403.943 0.788842 0.788842 HessianAffine RootSIFT 0
679.812 282.785 829.884 396.015 0.788895 0.812656 HessianAffine RootSIFT 0
581.808 172.336 851.64 306.263 0.788925 0.989547 HessianAffine RootSIFT 0
575.14 649.185 884.166 82.0638 0.789 0.867736 HessianAffine RootSIFT 0
402.816 218.78 646.468 491.722 0.789004 0.789004 HessianAffine RootSIFT 0
853.698 706.94 243.275 323.492 0.789104 0.789104 HessianAffine RootSIFT 0
800.432 446.884 406.387 134.616 0.78918 0.919136 HessianAffine RootSIFT 0
498.516 185.025 863.041 538.806 0.789224 0.919456 HessianAffine RootSIFT 0
302.366 228.337 753.433 500.235 0.789256 0.789256 HessianAffine RootSIFT 0
210.799 311.166 597.484 546.288 0.789363 0.914051 HessianAffine RootSIFT 0
147.165 143.01 280.876 569.63 0.789398 0.789398 HessianAffine RootSIFT 0
484.637 200.576 348.19 707.858 0.78944 0.78944 HessianAffine RootSIFT 0
123.075 88.8945 815.909 253.232 0.789493 0.789493 HessianAffine RootSIFT 0
376.304 195.749 177.361 600.086 0.789742 0.952124 HessianAffine RootSIFT 0
691.875 321.473 461.391 481.064 0.789831 0.789831 HessianAffine RootSIFT 0
536.747 24.8238 627.138 425.062 0.789974 0.917364 HessianAffine RootSIFT 0
228.796 220.384 832.873 359.546 0.790091 0.790091 HessianAffine RootSIFT 1
197.628 274.788 524.946 392.191 0.79047 0.993997 HessianAffine RootSIFT 0
133.384 334.83 618.116 547.083 0.790485 0.98574 HessianAffine RootSIFT 0
376.337 446.911 417.105 467.235 0.790548 0.790548 HessianAffine RootSIFT 0
144.168 71.9098 664.371 262.016 0.790605 0.790605 HessianAffine RootSIFT 0
679.93 57.7311 179.109 145.953 0.790739 0.790739 HessianAffine RootSIFT 0
840.403 276.616 31.7934 411.927 0.790745 0.962617 HessianAffine RootSIFT 0
454.032 451.277 812.238 253.694 0.790752 0.899675 HessianAffine RootSIFT 0
273.612 423.171 666.721 634.457 0.790772 0.790772 HessianAffine RootSIFT 0
175.75 103.692 629.633 497.044 0.790783 0.863991 HessianAffine RootSIFT 0
794.163 115.409 897.743 378.767 0.790786 0.806804 HessianAffine RootSIFT 0
769.85 598.151 896.126 521.227 0.791064 0.951776 HessianAffine RootSIFT 0
472.599 493.548 774.053 521.978 0.791099 0.869026 HessianAffine RootSIFT 0
134.869 287.721 142.734 149.365 0.791107 0.927714 HessianAffine RootSIFT 0
709.236 481.682 49.2506 540.612 0.791127 0.791127 HessianAffine RootSIFT 0
671.825 380.981 530.313 134.62 0.79113 0.914174 HessianAffine RootSIFT 0
669.596 307.033 300.97 340.677 0.791179 0.945923 HessianAffine RootSIFT 0
814.751 503.944 165.472 606.289 0.791224 0.791224 HessianAffine RootSIFT 0
706.981 269.856 880.871 81.5266 0.791383 0.804249 HessianAffine RootSIFT 0
766.209 443.104 656.509 445.584 0.791401 0.876481 HessianAffine RootSIFT 0
368.998 356.28 398.573 158.685 0.791528 0.791528 HessianAffine RootSIFT 0
892.101 300.019 233.704 717.122 0.791556 0.791556 HessianAffine RootSIFT 0
205.747 350.789 212.087 589.022 0.791608 0.791608 HessianAffine RootSIFT 0
753.06 240.001 183.162 684.672 0.791721 0.878288 HessianAffine RootSIFT 0
621.922 704.729 253.786 515.321 0.791761 0.960697 HessianAffine RootSIFT 0
252.417 401.705 69.5345 657.784 0.791768 0.969093 HessianAffine RootSIFT 0
238.831 299.464 581.26 616.234 0.791794 0.855361 HessianAffine RootSIFT 0
754.054 292.817 377.494 161.445 0.792124 0.98998 HessianAffine RootSIFT 0
778.052 103.65 455.413 526.412 0.792153 0.946061 HessianAffine RootSIFT 0
539.521 611.645 648.381 164.269 0.79217 0.79217 HessianAffine RootSIFT 0
450.531 441.145 593.216 242.699 0.792181 0.792181 HessianAffine RootSIFT 0
562.418 634.003 841.899 442.17 0.792228 0.792228 HessianAffine RootSIFT 0
503.984 287.305 57.0724 666.595 0.792249 0.887225 HessianAffine RootSIFT 0
547.991 601.227 447.601 514.27 0.792447 0.792447 HessianAffine RootSIFT 0
467.243 546.438 381.782 557.004 0.792495 0.792495 HessianAffine RootSIFT 0
524.185 182.824 585.425 540.916 0.79258 0.79258 HessianAffine RootSIFT 0
801.097 454.83 408.679 139.821 0.792584 0.937704 HessianAffine RootSIFT 0
719.862 347.809 451.856 486.508 0.792659 0.792659 HessianAffine RootSIFT 0
470.735 518.883 261.429 428.62 0.792681 0.792681 HessianAffine RootSIFT 0
750.875 385.32 321.174 93.3069 0.792739 0.792739 HessianAffine RootSIFT 0
145.357 200.672 640.504 592.507 0.792805 0.792805 HessianAffine RootSIFT 0
193.259 184.816 177.969 510.336 0.792919 0.792919 HessianAffine RootSIFT 0
884.833 289.364 352.287 165.395 0.793007 0.793007 HessianAffine RootSIFT 0
32.5251 172.638 621.767 637.02 0.793011 0.821242 HessianAffine RootSIFT 0
305.666 302.559 447.601 514.27 0.79302 0.827033 HessianAffine RootSIFT 0
477.764 518.351 583.455 357.165 0.793035 0.826593 HessianAffine RootSIFT 0
131.768 350.934 396.412 592.046 0.793044 0.793044 HessianAffine RootSIFT 0
274.915 139.657 174.667 590.62 0.793092 0.793092 HessianAffine RootSIFT 0
729.339 409.451 63.9577 659.571 0.793156 0.951991 HessianAffine RootSIFT 0
461.025 593.202 656.559 649.073 0.793254 0.857366 HessianAffine RootSIFT 0
676.394 53.404 927.937 237.026 0.793312 0.793312 HessianAffine RootSIFT 0
689.726 483.499 298.64 393.467 0.793313 0.854096 HessianAffine RootSIFT 0
742.854 118.869 592.616 414.482 0.793327 0.793327 MSER RootSIFT 0
905.91 335.261 655.046 588.717 0.793451 0.971074 HessianAffine RootSIFT 0
378.376 345.347 75.6341 666.01 0.793453 0.851524 HessianAffine RootSIFT 0
734.168 375.509 299.736 232.882 0.793471 0.929396 HessianAffine RootSIFT 0
848.672 459.376 304.724 56.9063 0.793527 0.793527 HessianAffine RootSIFT 0
324.084 298.168 129.231 286.878 0.793569 0.793569 HessianAffine RootSIFT 0
192.006 316.696 851.16 405.925 0.7936 0.960861 HessianAffine RootSIFT 0
518.103 425.929 550.133 685.477 0.793614 0.793614 HessianAffine RootSIFT 0
255.807 236.325 414.12 496.08 0.793633 0.867555 HessianAffine RootSIFT 0
614.035 281.295 580.88 353.584 0.793638 0.885068 HessianAffine RootSIFT 0
175.804 114.452 823.073 280.856 0.793654 0.920049 HessianAffine RootSIFT 1
374.127 255.017 946.705 492.008 0.793759 0.810834 HessianAffine RootSIFT 0
625.927 637.912 411.079 166.673 0.794009 0.900614 HessianAffine RootSIFT 0
133.473 61.0214 662.07 459.945 0.794078 0.993257 HessianAffine RootSIFT 0
217.921 684.312 773.65 521.9 0.794114 0.794114 HessianAffine RootSIFT 0
69.3118 206.17 607.689 369.139 0.794352 0.897245 HessianAffine RootSIFT 0
562.543 573.04 62.923 669.875 0.794367 0.794367 HessianAffine RootSIFT 0
126.922 342.507 880.195 509.269 0.794458 0.794458 HessianAffine RootSIFT 0
578.834 459.738 533.239 217.866 0.79454 0.79454 HessianAffine RootSIFT 0
460.705 596.823 862.692 541.148 0.794591 0.892184 HessianAffine RootSIFT 0
613.071 69.2288 510.126 153.673 0.794642 0.805031 HessianAffine RootSIFT 0
642.248 65.7225 242.523 711.207 0.794704 0.794704 HessianAffine RootSIFT 0
680.433 279.067 445.249 271.49 0.794721 0.947404 HessianAffine RootSIFT 0
476.711 467.401 929.14 490.4 0.794867 0.794867 HessianAffine RootSIFT 0
669.65 60.4854 685.315 272.744 0.79487 0.932592 HessianAffine RootSIFT 0
788.776 120.072 532.528 399.742 0.794931 0.962548 HessianAffine RootSIFT 0
344.706 272.808 492.686 221.658 0.794974 0.794974 HessianAffine RootSIFT 0
266.028 267.257 585.75 564.34 0.795074 0.795074 HessianAffine RootSIFT 0
779.42 114.668 816.073 192.481 0.795206 0.948167 HessianAffine RootSIFT 0
205.172 377.071 460.334 607.943 0.795287 0.795287 HessianAffine RootSIFT 0
879.48 492.978 664.653 629.396 0.795347 0.963965 HessianAffine RootSIFT 0
762.182 722.38 124.262 631.808 0.795401 0.869431 HessianAffine RootSIFT 0
891.357 566.285 109.5 231.855 0.795422 0.995316 HessianAffine RootSIFT 0
654.076 270.237 320.725 692.96 0.795442 0.968081 HessianAffine RootSIFT 0
743.727 112.522 941.655 318.611 0.795475 0.979334 HessianAffine RootSIFT 0
543.526 190.288 849.363 322.395 0.795506 0.795506 HessianAffine RootSIFT 0
66.3665 93.5226 173.927 87.4955 0.795509 0.967331 HessianAffine RootSIFT 0
391.683 441.442 711.134 535.244 0.79555 0.79555 HessianAffine RootSIFT 0
888.657 448.851 891.366 389.852 0.795594 0.795594 HessianAffine RootSIFT 0
418.899 272.257 342.177 252.104 0.795609 0.795609 HessianAffine RootSIFT 0
290.266 390.216 930.772 182.384 0.795609 0.992661 HessianAffine RootSIFT 0
674.01 508.764 626.907 560.837 0.795617 0.844789 HessianAffine RootSIFT 0
816.786 575.48 430.52 628.341 0.795631 0.968995 HessianAffine RootSIFT 0
321.406 263.481 930.524 241.275 0.795641 0.795641 HessianAffine RootSIFT 0
322.95 241.105 835.818 363.604 0.795747 0.993198 HessianAffine RootSIFT 0
619.396 173.581 853.008 303.707 0.79581 0.891635 HessianAffine RootSIFT 0
746.466 122.683 230.212 661.541 0.795858 0.863626 HessianAffine RootSIFT 0
807.744 507.167 371.155 187.471 0.795875 0.891852 HessianAffine RootSIFT 0
515.555 418.061 479.922 283.611 0.795901 0.795901 HessianAffine RootSIFT 0
455.926 565.55 934.297 491.176 0.796042 0.963277 HessianAffine RootSIFT 0
678.904 276.479 350.821 265.116 0.796169 0.961031 HessianAffine RootSIFT 0
922.112 473.795 461.951 260.442 0.796231 0.880522 HessianAffine RootSIFT 0
636.94 181.394 853.85 307.368 0.796234 0.93919 HessianAffine RootSIFT 0
891.792 317.929 776.309 240.518 0.796294 0.796294 HessianAffine RootSIFT 0
895.136 304.917 287.75 290.495 0.796338 0.796338 HessianAffine RootSIFT 0
204.841 293.14 406.703 718.329 0.79651 0.904839 HessianAffine RootSIFT 0
330.104 210.964 445.49 508.274 0.796551 0.978158 HessianAffine RootSIFT 0
396.671 187.835 279.401 424.863 0.796635 0.796635 HessianAffine RootSIFT 0
811.148 261.885 861.439 351.378 0.79664 0.79664 HessianAffine RootSIFT 0
569.154 456.719 41.6177 542.459 0.79667 0.901064 HessianAffine RootSIFT 0
595.274 622.145 278.616 483.133 0.796674 0.796674 HessianAffine RootSIFT 0
284.224 270.922 422.414 488.897 0.796679 0.827326 HessianAffine RootSIFT 0
145.022 329.589 152.121 231.605 0.796745 0.796745 HessianAffine RootSIFT 0
177.847 110.081 616.871 415.552 0.796746 0.979146 HessianAffine RootSIFT 0
664.015 308.237 302.126 339.083 0.796753 0.959074 HessianAffine RootSIFT 0
589.177 459.221 140.673 634.264 0.796827 0.944654 HessianAffine RootSIFT 0
309.888 504.732 773.65 521.9 0.796852 0.825909 HessianAffine RootSIFT 0
221.78 285.856 267.571 260.14 0.796876 0.914607 HessianAffine RootSIFT 0
103.568 76.5918 857.064 74.5385 0.796881 0.963317 HessianAffine RootSIFT 0
115.151 110.172 451.938 479.174 0.796899 0.97139 HessianAffine RootSIFT 0
709.645 327.768 775.021 408.562 0.796909 0.983366 HessianAffine RootSIFT 0
530.801 423.136 434.342 535.83 0.796916 0.86594 HessianAffine RootSIFT 0
665.826 46.0332 861.769 74.908 0.796979 0.796979 HessianAffine RootSIFT 0
828.056 695.501 914.064 366.166 0.797001 0.797001 HessianAffine RootSIFT 0
462.776 267.651 33.4356 555.678 0.797026 0.961555 HessianAffine RootSIFT 0
136.477 348.831 402.806 145.796 0.797092 0.99698 HessianAffine RootSIFT 0
262.449 142.717 939.932 408.756 0.797113 0.797113 HessianAffine RootSIFT 0
887.058 482.039 766.906 497.629 0.797165 0.983907 HessianAffine RootSIFT 0
245.391 214.132 832.905 359.458 0.797263 0.997369 HessianAffine RootSIFT 0
595.48 412.656 144.411 184.997 0.797325 0.955434 HessianAffine RootSIFT 0
668.756 697.398 654.111 649.473 0.797452 0.932912 HessianAffine RootSIFT 0
870.865 551.967 404.018 211.197 0.797467 0.973441 HessianAffine RootSIFT 0
538.595 439.145 433.167 562.97 0.797472 0.855229 HessianAffine RootSIFT 0
685.821 482.977 256.583 380.909 0.797595 0.988653 HessianAffine RootSIFT 0
156.962 63.0515 530.63 130.138 0.797617 0.832558 HessianAffine RootSIFT 0
452.648 277.402 21.8778 394.478 0.797729 0.91761 MSER RootSIFT 0
864.809 99.4046 967.679 483.112 0.79774 0.941555 HessianAffine RootSIFT 0
165.79 349.568 165.727 602.058 0.797902 0.912562 HessianAffine RootSIFT 0
511.433 464.221 863.541 521.63 0.79793 0.837857 HessianAffine RootSIFT 0
292.466 343.216 368.336 505.942 0.797953 0.996776 HessianAffine RootSIFT 0
671.312 296.885 606.778 629.168 0.797959 0.953772 HessianAffine RootSIFT 0
226.677 138.821 165.757 617.541 0.798022 0.930463 HessianAffine RootSIFT 0
183.982 81.4266 312.185 270.554 0.798095 0.945795 HessianAffine RootSIFT 0
853.747 517.792 136.174 628.503 0.79812 0.79812 HessianAffine RootSIFT 0
884.263 108.319 917.147 698.63 0.798131 0.999212 HessianAffine RootSIFT 0
690.369 464.964 410.285 492.359 0.798144 0.798144 HessianAffine RootSIFT 0
405.383 270.172 395.299 522.536 0.798148 0.798148 HessianAffine RootSIFT 0
862.056 162.223 638.508 487.477 0.798252 0.798252 HessianAffine RootSIFT 0
663.814 302.507 854.024 377.996 0.798287 0.850865 HessianAffine RootSIFT 0
782.044 632.169 257.001 265.887 0.798339 0.798339 HessianAffine RootSIFT 0
219.422 688.866 764.859 508.058 0.798344 0.960847 HessianAffine RootSIFT 0
57.8729 160.18 490.053 702.113 0.798418 0.798418 HessianAffine RootSIFT 0
426.837 174.449 409.347 500.135 0.79843 0.97671 HessianAffine RootSIFT 0
664.32 58.0567 861.794 110.736 0.798449 0.798449 HessianAffine RootSIFT 0
47.0574 321.51 425.938 485.441 0.798459 0.950933 HessianAffine RootSIFT 0
148.515 296.633 548.855 680.645 0.798476 0.930945 HessianAffine RootSIFT 0
448.463 438.058 453.539 557.444 0.798563 0.798563 HessianAffine RootSIFT 0
489.061 216.053 245.202 242.281 0.798685 0.798685 HessianAffine RootSIFT 0
63.6343 205.963 608.275 369.041 0.798726 0.798726 HessianAffine RootSIFT 0
826.252 128.025 443.778 527.964 0.798736 0.952513 HessianAffine RootSIFT 0
480.429 46.6739 842.254 118.572 0.798771 0.798771 HessianAffine RootSIFT 1
496.634 455.647 784.213 395.516 0.798775 0.798775 MSER RootSIFT 0
234.174 204.8 766.372 499.339 0.798798 0.959122 HessianAffine RootSIFT 0
155.203 265.783 418.757 552.063 0.798886 0.827352 HessianAffine RootSIFT 0
334.338 442.524 791.922 404.41 0.79889 0.975564 HessianAffine RootSIFT 0
203.135 104.006 824.645 267.132 0.798918 0.930588 HessianAffine RootSIFT 0
413.513 180.785 408.091 499.189 0.798939 0.944706 HessianAffine RootSIFT 0
447.483 170.852 274.353 381.467 0.799009 0.980402 HessianAffine RootSIFT 0
814.008 497.21 272.33 687.375 0.799026 0.953094 HessianAffine RootSIFT 0
569.275 440.74 372.003 684.091 0.799051 0.799051 HessianAffine RootSIFT 0
752.914 431.849 405.443 242.048 0.799079 0.799079 HessianAffine RootSIFT 0
808.079 525.629 149.716 224.791 0.799123 0.799123 HessianAffine RootSIFT 0
95.5 229.5 485.269 441.987 0.799134 0.799134 MSER RootSIFT 0
607.137 711.949 500.063 382.751 0.799177 0.799177 HessianAffine RootSIFT 0
545.779 601.659 255.001 282.15 0.799237 0.799237 HessianAffine RootSIFT 0
330.898 354.869 364.745 545.961 0.799318 0.927095 HessianAffine RootSIFT 0
578.904 560.783 101.852 687 0.79937 0.997082 HessianAffine RootSIFT 0
42.5865 348.965 773.616 516.943 0.799427 0.999951 HessianAffine RootSIFT 0
155.209 328.935 300.484 467.074 0.799431 0.981349 HessianAffine RootSIFT 0
514.231 454.496 707.805 534.942 0.799432 0.84561 HessianAffine RootSIFT 0
800.997 664.727 775.429 685.492 0.799459 0.93168 HessianAffine RootSIFT 0
908.123 310.43 440.377 255.602 0.799488 0.894169 HessianAffine RootSIFT 0
834.343 526.138 115.147 154.519 0.799698 0.92392 HessianAffine RootSIFT 0
723.805 238.887 358.66 256.196 0.799769 0.862297 HessianAffine RootSIFT 0
940.784 537.832 142.734 149.365 0.799788 0.971759 HessianAffine RootSIFT 0
743.44 417.553 67.8846 649.447 0.79982 0.90698 HessianAffine RootSIFT 0
477.51 275.861 873.703 510.822 0.799868 0.828431 HessianAffine RootSIFT 0
896.087 446.338 894.868 385.603 0.799929 0.799929 HessianAffine RootSIFT 0
496.721 457.04 764.763 506.446 0.799938 0.943982 HessianAffine RootSIFT 0
794.873 277.005 621.902 408.37 0.799991 0.859071 HessianAffine RootSIFT 0
356.632 25.1023 607.033 126 0.80121 0.80121 MSER RootSIFT 0
506.663 414.439 768.343 508.571 0.803552 0.964397 MSER RootSIFT 0
135.644 83.5782 816.577 249.859 0.806197 0.806197 MSER RootSIFT 0
344.325 328.799 556.72 657.11 0.80778 0.80778 MSER RootSIFT 0
244.557 126.762 829.914 287.271 0.80808 0.975896 MSER RootSIFT 0
398.346 117.038 650.803 217.17 0.81127 0.81127 MSER RootSIFT 0
567.68 465.054 632.618 522.176 0.813531 0.813531 MSER RootSIFT 0
136.644 140.924 584.1 252.675 0.814488 0.946388 MSER RootSIFT 0
243.755 134.115 829.193 295.184 0.814828 0.900756 MSER RootSIFT 0
450.869 215.389 844.556 330.741 0.815714 0.815714 MSER RootSIFT 0
858.121 325.845 387.261 660.565 0.816362 0.889258 MSER RootSIFT 0
891.357 395.214 894.084 424.743 0.816613 0.96225 MSER RootSIFT 0
254.444 73.8148 630.014 217.581 0.817819 0.921226 MSER RootSIFT 0
298.902 374.947 766.991 509.51 0.818458 0.818458 MSER RootSIFT 0
271.602 75.2797 532.2 122.375 0.818596 0.818596 MSER RootSIFT 0
135.115 140.882 521.121 628.45 0.819699 0.984504 MSER RootSIFT 0
755.144 708.9 637.338 374.285 0.819781 0.980928 MSER RootSIFT 0
432.27 558.338 172.122 673.433 0.819802 0.819802 MSER RootSIFT 0
741.068 706.727 431.065 545.99 0.821472 0.821472 MSER RootSIFT 0
648.087 673.757 172.122 673.433 0.821656 0.821656 MSER RootSIFT 0
830.74 626.94 790.78 251.76 0.821864 0.891381 MSER RootSIFT 0
237.91 27.6905 835.662 77.3829 0.822292 0.956318 MSER RootSIFT 0
241.05 680.2 784.213 395.516 0.822826 0.950993 MSER RootSIFT 0
156.323 222.671 517.909 672.841 0.823891 0.94211 MSER RootSIFT 0
462.386 534.545 492.069 570.897 0.825418 0.825418 MSER RootSIFT 0
801.361 665.611 631.254 213.602 0.82542 0.82542 MSER RootSIFT 0
588.952 703.429 768.661 495.404 0.826037 0.980776 MSER RootSIFT 0
852.867 489.288 620.888 447.683 0.827283 0.869258 MSER RootSIFT 0
881.128 393.225 655.413 573.761 0.827662 0.827662 MSER RootSIFT 0
292.826 375.459 766.991 509.51 0.832524 0.832524 MSER RootSIFT 0
256.629 214.683 395.545 723.635 0.832653 0.995514 MSER RootSIFT 0
869.812 658.747 698.818 541.364 0.83341 0.945395 MSER RootSIFT 0
570.779 417.377 426.211 547.487 0.833906 0.833906 MSER RootSIFT 0
216.905 360.852 714.858 249.282 0.833971 0.959119 MSER RootSIFT 0
250.382 136.857 828.452 299.143 0.834264 0.97946 MSER RootSIFT 0
66.6018 79.4253 702.904 534.536 0.834288 0.894983 MSER RootSIFT 0
352.368 328.286 401.229 619.992 0.83518 0.83518 MSER RootSIFT 0
816.476 675.134 556.72 657.11 0.836038 0.836038 MSER RootSIFT 0
544.849 198.128 894.415 427.167 0.837054 0.837054 MSER RootSIFT 0
259.195 153.289 626.924 427.207 0.837914 0.837914 MSER RootSIFT 0
607.658 718.737 762.521 279.354 0.839081 0.947396 MSER RootSIFT 0
570.505 419.57 534.086 578.345 0.83966 0.83966 MSER RootSIFT 0
221.663 688.953 769.894 494.931 0.840228 0.959729 MSER RootSIFT 0
429.665 221.902 844.556 330.741 0.840695 0.877491 MSER RootSIFT 0
356.5 31.5 848.369 139.943 0.841014 0.841014 MSER RootSIFT 0
455.679 538.348 761.913 279.175 0.841572 0.891779 MSER RootSIFT 0
278.855 341.074 674.295 274.278 0.841906 0.841906 MSER RootSIFT 0
119.444 321.511 567.789 653.198 0.84234 0.86544 MSER RootSIFT 0
622.062 243.93 426.733 466.826 0.842551 0.970197 MSER RootSIFT 0
271.31 352.411 829.914 287.271 0.844237 0.844237 MSER RootSIFT 0
539.59 205.795 857.409 453.705 0.845325 0.845325 MSER RootSIFT 0
757.5 286.667 640.071 597.613 0.84536 0.850534 MSER RootSIFT 0
854.99 308.301 674.33 219.564 0.845814 0.845814 MSER RootSIFT 0
570.417 465.983 567.784 652.554 0.846233 0.846233 MSER RootSIFT 0
277.674 345.928 672.882 221.094 0.846688 0.846688 MSER RootSIFT 0
435.817 520 286.731 472.204 0.847099 0.9722 MSER RootSIFT 0
494.28 456.26 607.005 617.48 0.84718 0.84718 MSER RootSIFT 0
548.517 418.194 395.373 724.064 0.848724 0.848724 MSER RootSIFT 0
48.9512 358.524 533.013 524.756 0.848787 0.848787 MSER RootSIFT 0
761.716 529.662 702.653 539.079 0.849225 0.938281 MSER RootSIFT 0
260.351 155.744 663.629 369.306 0.849454 0.849454 MSER RootSIFT 0
