643.75 357.679 374.869 457.071 0.261786 0.261786 MSER RootSIFT 1
285.304 403.496 272.819 436.837 0.262254 0.262254 MSER RootSIFT 1
68.7317 416.146 203.395 402.597 0.27081 0.27081 MSER RootSIFT 1
495.653 302.231 375.674 386.259 0.293188 0.293188 MSER RootSIFT 1
355.6 355.2 317.851 406.985 0.293859 0.293859 MSER RootSIFT 1
378.604 235.901 388.169 304.62 0.294161 0.294161 MSER RootSIFT 1
286.327 195.71 391.727 247.047 0.295243 0.295243 MSER RootSIFT 1
354.174 405.826 290.061 449.671 0.301307 0.301307 MSER RootSIFT 0
99.6 340.5 262.15 333.269 0.302109 0.302109 MSER RootSIFT 1
415.528 367.236 324.327 428.961 0.306962 0.306962 MSER RootSIFT 1
223.785 313.501 311.703 337.208 0.31065 0.31065 MSER RootSIFT 1
268.943 466.679 231.733 493.223 0.329122 0.329122 MSER RootSIFT 1
316.236 365.426 303.267 407.315 0.329844 0.329844 MSER RootSIFT 1
261.048 453.111 237.479 478.309 0.335063 0.335063 MSER RootSIFT 1
483.6 325.543 361.484 403.863 0.340264 0.340264 MSER RootSIFT 1
441.097 316.161 356.745 388.318 0.351805 0.854356 MSER RootSIFT 1
558.511 219.362 429.444 328.685 0.372086 0.372086 MSER RootSIFT 0
332.02 188.007 406.664 250.108 0.375034 0.375034 MSER RootSIFT 1
427.429 368.184 327.042 429.408 0.39892 0.39892 MSER RootSIFT 1
93.7537 570.833 118.668 575.289 0.408544 0.408544 MSER RootSIFT 0
266.942 540.784 193.459 569.144 0.411184 0.411184 MSER RootSIFT 0
264.341 376.415 283.036 407.982 0.412036 0.412036 MSER RootSIFT 1
636.115 263.839 419.644 381.079 0.416452 0.416452 MSER RootSIFT 1
533.459 264.109 401.611 363.5 0.418002 0.418002 MSER RootSIFT 1
538.651 235.674 417.54 338.738 0.421165 0.421165 MSER RootSIFT 1
200 202.898 371.058 225.414 0.422017 0.422017 MSER RootSIFT 1
407.676 288.194 365.457 358.138 0.438098 0.438098 MSER RootSIFT 1
353.225 313.435 340.27 368.96 0.441653 0.441653 MSER RootSIFT 1
45.9529 331.385 252.81 309.394 0.451904 0.968254 MSER RootSIFT 1
155.724 284.069 311.49 291.996 0.453309 0.453309 MSER RootSIFT 1
157.142 250.247 334.035 256.159 0.454038 0.454038 MSER RootSIFT 0
182.23 220.726 355.935 238.123 0.455168 0.455168 MSER RootSIFT 1
401.694 191.629 416.803 272.591 0.455499 0.455499 MSER RootSIFT 1
224.216 547.145 176.78 569.524 0.459154 0.459154 MSER RootSIFT 0
237.428 403.798 260.201 426.996 0.468049 0.468049 MSER RootSIFT 1
175.628 520.188 171.092 531.337 0.478985 0.897642 MSER RootSIFT 1
221.083 363.372 279.813 385.117 0.48098 0.48098 MSER RootSIFT 1
268.584 498.285 213.62 523.638 0.481794 0.481794 MSER RootSIFT 1
436.118 331.529 347.783 400.539 0.482971 0.482971 MSER RootSIFT 1
116.358 590.169 114.246 598.722 0.483642 0.483642 MSER RootSIFT 0
174.979 216.918 356.675 232.746 0.485223 0.485223 MSER RootSIFT 1
421.247 367.966 327.042 429.408 0.487019 0.487019 MSER RootSIFT 0
144.568 245.495 335.623 246.256 0.488201 0.488201 MSER RootSIFT 0
556.239 362.41 356.06 447.06 0.491336 0.491336 MSER RootSIFT 1
324.984 148.433 427.261 212.866 0.494701 0.494701 MSER RootSIFT 1
428 535.263 242.182 581.545 0.50322 0.50322 MSER RootSIFT 0
422.551 533.225 241.167 581.675 0.503866 0.503866 MSER RootSIFT 0
421.218 493.847 256.493 542.868 0.504233 0.945261 MSER RootSIFT 1
206.762 177.669 386.81 204.387 0.504517 0.904123 MSER RootSIFT 1
411.123 349.235 332.519 413.435 0.511688 0.511688 MSER RootSIFT 1
497.034 293.457 379.69 381.049 0.51423 0.856102 MSER RootSIFT 1
210.025 483.732 203.554 500.486 0.516086 0.516086 MSER RootSIFT 1
317.718 356.334 306.937 402.246 0.533289 0.533289 MSER RootSIFT 1
108.112 299.447 289.789 295.048 0.536106 0.536106 MSER RootSIFT 1
631.493 146.657 476.076 286.5 0.551554 0.551554 MSER RootSIFT 0
297.965 189.393 399.584 241.78 0.551776 0.551776 MSER RootSIFT 1
475.31 496.69 269.377 551.036 0.560922 0.560922 MSER RootSIFT 0
219.52 552.622 172.179 574.292 0.567813 0.918431 MSER RootSIFT 0
384.472 348.041 328.324 406.147 0.572234 0.572234 MSER RootSIFT 1
189.954 463.213 209.951 476.476 0.572491 0.572491 MSER RootSIFT 1
98.8654 502.481 158.013 500.59 0.572557 0.572557 MSER RootSIFT 0
249.769 478.206 219.149 502.581 0.577824 0.577824 MSER RootSIFT 1
343.143 180.19 413.635 244.59 0.586376 0.586376 MSER RootSIFT 0
554.462 300.24 385.706 401.504 0.589015 0.589015 MSER RootSIFT 0
84.36 562.84 120.761 565.435 0.595849 0.595849 MSER RootSIFT 0
71.0739 493.767 153.732 485.915 0.598145 0.598145 MSER RootSIFT 1
381.712 185.804 417.491 260.289 0.600747 0.960397 MSER RootSIFT 0
554.133 356.73 358.139 444.034 0.601401 0.873253 MSER RootSIFT 1
236.842 512.64 194.848 533.635 0.601673 0.601673 MSER RootSIFT 1
497.034 293.457 375.674 386.259 0.606582 0.606582 MSER RootSIFT 0
351.662 216.597 390.395 284.71 0.615302 0.615302 MSER RootSIFT 0
225.195 500.117 198.533 519.435 0.61753 0.61753 MSER RootSIFT 1
102.435 163.678 371.598 158.638 0.620893 0.620893 MSER RootSIFT 1
470.091 300.364 372.537 379.469 0.622129 0.622129 MSER RootSIFT 1
520.273 212.909 426.734 315.024 0.628556 0.628556 MSER RootSIFT 0
300.94 265.735 356.183 312.563 0.634795 0.634795 MSER RootSIFT 1
446.653 494.241 260.982 549.384 0.637 0.874892 MSER RootSIFT 0
334.543 444.123 262.341 481.917 0.637263 0.856835 MSER RootSIFT 1
319.783 147.61 426.604 211.276 0.651186 0.947014 MSER RootSIFT 1
73.5964 508.006 145.551 501.295 0.656029 0.656029 MSER RootSIFT 1
304.77 521.26 213.167 553.774 0.656972 0.998917 MSER RootSIFT 0
401.882 263.059 381.619 331.905 0.660403 0.660403 MSER RootSIFT 0
414.771 357.364 329.9 419.811 0.660599 0.660599 MSER RootSIFT 1
438.885 303.194 364.08 377.233 0.666991 0.995855 MSER RootSIFT 1
326.55 226.693 383.36 283.593 0.670998 0.670998 MSER RootSIFT 1
339.744 216.294 390.395 284.71 0.671074 0.671074 MSER RootSIFT 0
305.436 273.026 355.555 314.041 0.672594 0.672594 MSER RootSIFT 0
431.721 517.003 248.601 565.783 0.67922 0.67922 MSER RootSIFT 0
428.29 411.226 298.991 472.628 0.682062 0.682062 MSER RootSIFT 0
135.218 332.627 467.681 267.596 0.683047 0.933638 MSER RootSIFT 0
460.428 238.815 402.5 325.694 0.683545 0.683545 MSER RootSIFT 1
494.792 491.522 276.184 549.658 0.686411 0.686411 MSER RootSIFT 0
337.154 249.706 372.667 306.909 0.686975 0.686975 MSER RootSIFT 1
230.667 321.333 314.078 336.98 0.688277 0.914356 MSER RootSIFT 0
283.546 158.351 413.233 210.958 0.691105 0.691105 MSER RootSIFT 1
294.276 141.342 427.275 197.063 0.709103 0.709103 MSER RootSIFT 0
337.161 447.355 263.889 487.333 0.710917 0.978248 MSER RootSIFT 0
166.167 130.316 407.029 149.1 0.711546 0.711546 MSER RootSIFT 0
287.345 566.953 184.533 597.057 0.719211 0.719211 MSER RootSIFT 0
290.351 383.043 285.849 419.407 0.722409 0.722409 MSER RootSIFT 1
310.101 248.904 367.55 300.05 0.722549 0.722549 MSER RootSIFT 1
214.518 454.232 388.781 609.969 0.728044 0.728044 MSER RootSIFT 0
167.715 398.413 541.682 283.682 0.729447 0.854086 MSER RootSIFT 0
719.044 567.463 430.082 162.955 0.729916 0.729916 MSER RootSIFT 0
399.667 506.75 254.325 158.044 0.732783 0.732783 MSER RootSIFT 0
106.386 271.357 120.761 565.435 0.743736 0.743736 MSER RootSIFT 0
405.782 218.722 402.577 297.064 0.745877 0.745877 MSER RootSIFT 1
436.681 411.149 302.906 472.717 0.746314 0.971629 MSER RootSIFT 0
756.382 279.433 430.032 416.053 0.753457 0.753457 MSER RootSIFT 1
494.294 260.794 396.061 351.256 0.759073 0.759073 MSER RootSIFT 1
441.871 497.056 260.129 548.129 0.759253 0.759253 MSER RootSIFT 1
436.941 329.412 356.745 388.318 0.770632 0.770632 MSER RootSIFT 0
99.1282 172.667 371.598 158.638 0.776947 0.776947 MSER RootSIFT 0
253.671 596.871 34.125 65.225 0.777507 0.942744 MSER RootSIFT 0
616.706 435.024 331.037 518.333 0.778686 0.778686 MSER RootSIFT 1
565.323 230.654 424.183 341.437 0.782574 0.782574 MSER RootSIFT 1
224.083 377.698 271.616 400.366 0.782899 0.782899 MSER RootSIFT 1
378.235 175.098 421.136 252.835 0.782927 0.782927 MSER RootSIFT 1
150.324 376.422 251.232 387.964 0.784969 0.784969 MSER RootSIFT 0
441.871 497.056 194.848 533.635 0.785026 0.785026 MSER RootSIFT 0
361.149 597.061 436.919 429.895 0.797232 0.797232 MSER RootSIFT 0
145.073 257.659 334.035 256.159 0.799059 0.799059 MSER RootSIFT 0
627.992 455.824 323.214 535.386 0.800599 0.800599 MSER RootSIFT 1
154.624 382.252 251.232 387.964 0.802566 0.802566 MSER RootSIFT 1
545.793 295.533 39.8632 184.722 0.804074 0.804074 MSER RootSIFT 0
63.5784 410.402 203.395 402.597 0.805979 0.805979 MSER RootSIFT 0
440.446 262.126 385.984 342.597 0.80803 0.80803 MSER RootSIFT 1
202.667 476.611 120.761 565.435 0.80828 0.80828 MSER RootSIFT 0
508.646 294.062 492.686 170.529 0.809723 0.937782 MSER RootSIFT 0
206.621 191.165 371.058 225.414 0.811676 0.811676 MSER RootSIFT 0
595.45 443.337 34.125 65.225 0.812298 0.905446 MSER RootSIFT 0
508.646 294.062 379.69 381.049 0.8153 0.8153 MSER RootSIFT 0
262.644 311.936 172.236 140.368 0.818975 0.879825 MSER RootSIFT 0
106.514 271.232 78.5137 458.322 0.821493 0.821493 MSER RootSIFT 0
460.043 274.674 283.036 407.982 0.823526 0.823526 MSER RootSIFT 0
468.17 358.99 340.437 431.272 0.825731 0.825731 MSER RootSIFT 1
741.851 452.746 654 421.519 0.825934 0.825934 MSER RootSIFT 0
525.795 223.636 733.83 402.25 0.827452 0.827452 MSER RootSIFT 0
384.189 228.992 388.169 304.62 0.830698 0.830698 MSER RootSIFT 0
585.981 71.2747 86.1744 383.523 0.830915 0.830915 MSER RootSIFT 0
401.962 208.06 406.98 283.64 0.833963 0.833963 MSER RootSIFT 0
620.037 438.328 242.182 581.545 0.834178 0.834178 MSER RootSIFT 0
279.896 556.67 78.5137 458.322 0.834936 0.834936 MSER RootSIFT 0
375.682 276.197 576.905 100.581 0.838538 0.999549 MSER RootSIFT 0
354.174 405.826 554.935 305.696 0.839437 0.839437 MSER RootSIFT 0
508.646 294.062 752.053 364.436 0.841065 0.841065 MSER RootSIFT 0
320.596 363.489 308.37 403.926 0.843383 0.998877 MSER RootSIFT 0
385.975 591.6 567.36 286.08 0.845912 0.845912 MSER RootSIFT 0
722.867 33.8671 329.362 215.207 0.846514 0.846514 MSER RootSIFT 0
441.097 316.161 385.706 401.504 0.848216 0.848216 MSER RootSIFT 0
356.889 313.061 583.502 262.834 0.848437 0.848437 MSER RootSIFT 0
240.611 404.525 264.635 222.288 0.848513 0.848513 MSER RootSIFT 0
