720.784 275.521 832.53 192.747 0.499497 0.499497 HessianAffine RootSIFT 1
593.566 106.093 457.603 125.212 0.514573 0.514573 HessianAffine RootSIFT 0
484.15 84.7293 515.861 200.387 0.573359 0.915313 HessianAffine RootSIFT 1
723.104 278.88 835.162 197.231 0.573774 0.995202 MSER RootSIFT 1
604.624 113.1 456.215 111.083 0.578349 0.578349 HessianAffine RootSIFT 0
717.267 290.609 821.361 241.995 0.57947 0.812422 HessianAffine RootSIFT 1
723.1 291.643 831.82 229.901 0.582784 0.582784 HessianAffine RootSIFT 1
717.319 273.483 815.657 197.82 0.583773 0.962293 HessianAffine RootSIFT 0
714.291 267.113 819.01 183.086 0.591655 0.882045 HessianAffine RootSIFT 1
168.02 57.2789 456.215 111.083 0.59312 0.59312 HessianAffine RootSIFT 0
735.908 298.47 860.981 218.076 0.59547 0.913276 HessianAffine RootSIFT 0
350.522 299.735 863.314 311.222 0.596546 0.867972 HessianAffine RootSIFT 0
716.089 274.222 822.744 198.132 0.604431 0.899354 HessianAffine RootSIFT 1
698.964 261.749 788.376 205.761 0.605818 0.96336 MSER RootSIFT 1
727.06 272.063 844.896 168.901 0.611216 0.611216 HessianAffine RootSIFT 1
708.572 267.833 807.189 200.423 0.614066 0.840989 HessianAffine RootSIFT 1
634.612 141.493 628.191 133.402 0.614706 0.614706 HessianAffine RootSIFT 0
692.161 259.044 776.409 211.708 0.616651 0.616651 HessianAffine RootSIFT 1
415.855 69.3805 446.75 275.234 0.61923 0.986108 HessianAffine RootSIFT 0
715.77 282.814 819.649 224.454 0.623568 0.979173 HessianAffine RootSIFT 1
687.211 251.108 768.598 196.5 0.626066 0.819851 HessianAffine RootSIFT 0
155.316 55.0068 628.266 125.072 0.626754 0.951677 HessianAffine RootSIFT 0
90.59 264.847 783.993 278.99 0.627969 0.627969 HessianAffine RootSIFT 0
722.217 275.305 834.168 186.986 0.633192 0.633192 HessianAffine RootSIFT 1
432.934 81.8849 460.515 272.943 0.634732 0.963105 HessianAffine RootSIFT 0
720.246 281.159 828.324 209.324 0.637863 0.958416 HessianAffine RootSIFT 1
725.375 280.731 840.269 198.786 0.638384 0.638384 HessianAffine RootSIFT 1
463.185 76.862 495.233 217.264 0.638475 0.820931 HessianAffine RootSIFT 1
530.751 311.727 863.314 311.222 0.638966 0.870642 HessianAffine RootSIFT 0
714.006 283.943 815.487 229.712 0.63962 0.63962 HessianAffine RootSIFT 1
721.852 280.958 829.492 204.028 0.639727 0.639727 HessianAffine RootSIFT 1
273.877 506.976 872.815 301.964 0.643489 0.643489 HessianAffine RootSIFT 0
85.9114 514.308 568.484 120.796 0.644492 0.856265 HessianAffine RootSIFT 0
935.074 389.57 852.147 314.945 0.645052 0.645052 HessianAffine RootSIFT 0
721.848 268.309 835.277 169.618 0.646576 0.844423 HessianAffine RootSIFT 1
845.18 383.635 906.945 92.2602 0.650459 0.650459 HessianAffine RootSIFT 0
756.706 288.425 913.438 146.612 0.654209 0.813835 HessianAffine RootSIFT 0
713.372 254.845 818.396 158.497 0.65679 0.906351 HessianAffine RootSIFT 0
174.895 484.597 762.629 208.83 0.657852 0.657852 HessianAffine RootSIFT 0
605.777 323.926 896.264 110.75 0.65789 0.65789 MSER RootSIFT 0
473.767 85.5568 505.941 213.082 0.657975 0.657975 HessianAffine RootSIFT 0
681.087 258.408 757.356 228.431 0.65877 0.65877 HessianAffine RootSIFT 0
727.531 463.379 504.399 72.5531 0.659174 0.934551 HessianAffine RootSIFT 0
427.345 196.274 424.336 493.355 0.662437 0.887674 MSER RootSIFT 0
345.6 511.371 633.991 128.916 0.664114 0.664114 HessianAffine RootSIFT 0
498.849 395.877 932.695 364.581 0.664654 0.664654 HessianAffine RootSIFT 0
765.749 615.504 901.914 170.458 0.66564 0.886669 HessianAffine RootSIFT 0
752.337 298.03 909.755 166.186 0.667449 0.667449 HessianAffine RootSIFT 0
721.62 300.773 831.37 255.391 0.668841 0.909037 HessianAffine RootSIFT 0
671.46 264.446 733.791 278.468 0.670887 0.975532 HessianAffine RootSIFT 0
710.735 258.813 808.239 172.202 0.671148 0.908831 HessianAffine RootSIFT 1
450.217 189.634 451.154 449.619 0.671771 0.671771 HessianAffine RootSIFT 0
698.513 423.612 759.948 217.18 0.676068 0.676068 HessianAffine RootSIFT 0
663.598 224.383 729.631 182.793 0.677398 0.677398 HessianAffine RootSIFT 1
667.523 253.814 731.222 250.452 0.678214 0.859498 HessianAffine RootSIFT 1
191.426 300.92 770.439 224.394 0.67889 0.957674 HessianAffine RootSIFT 0
169.904 229.566 482.237 212.284 0.679742 0.679742 HessianAffine RootSIFT 0
600.502 379.794 198.542 519.428 0.679785 0.679785 HessianAffine RootSIFT 0
838.621 383.27 906.945 92.2602 0.681738 0.681738 HessianAffine RootSIFT 0
714.503 264.503 818.669 177.135 0.68225 0.68225 HessianAffine RootSIFT 1
154.291 56.7049 463.249 120.876 0.683999 0.683999 HessianAffine RootSIFT 0
635.518 430.824 800.023 206.639 0.6847 0.6847 HessianAffine RootSIFT 0
348.477 416.919 819.886 211.809 0.68656 0.915224 HessianAffine RootSIFT 0
144.451 39.6002 711.776 100.494 0.686764 0.959236 HessianAffine RootSIFT 0
422.159 155.663 441.848 429.082 0.686864 0.965139 HessianAffine RootSIFT 0
697.613 412.159 759.67 197.356 0.687666 0.687666 HessianAffine RootSIFT 0
696.786 259.4 790.347 199.61 0.687824 0.800971 HessianAffine RootSIFT 0
457.342 198.045 453.887 462.116 0.689089 0.689089 HessianAffine RootSIFT 0
504.397 490.038 551.242 207.569 0.689293 0.689293 HessianAffine RootSIFT 0
159.955 295.654 975.22 288.788 0.690781 0.690781 HessianAffine RootSIFT 0
463.826 82.466 492.59 231.121 0.691303 0.691303 HessianAffine RootSIFT 0
365.564 211.355 914.721 316.657 0.692494 0.692494 HessianAffine RootSIFT 0
708.572 267.833 806.342 206.417 0.692578 0.95884 HessianAffine RootSIFT 0
405.705 79.6024 440.625 294.856 0.693196 0.693196 HessianAffine RootSIFT 0
635.028 141.603 369.731 358.427 0.693904 0.693904 HessianAffine RootSIFT 0
385.983 466.211 79.9237 326.613 0.693919 0.693919 HessianAffine RootSIFT 0
545.633 436.311 825.006 88.637 0.696426 0.696426 HessianAffine RootSIFT 0
718.278 253.462 825.35 144.022 0.696726 0.696726 HessianAffine RootSIFT 0
696.374 252.578 786.155 178.909 0.69693 0.69693 HessianAffine RootSIFT 0
648.746 381.288 377.375 374.313 0.697324 0.866045 HessianAffine RootSIFT 0
579.381 306.049 755.136 131.538 0.69791 0.69791 HessianAffine RootSIFT 0
875.344 464.987 979.435 464.09 0.697934 0.697934 HessianAffine RootSIFT 0
727.408 298.841 843.441 242.264 0.698421 0.698421 HessianAffine RootSIFT 1
245.531 520.76 898.352 141.072 0.698877 0.698877 HessianAffine RootSIFT 0
687.439 283.68 762.609 270.088 0.699289 0.699289 HessianAffine RootSIFT 0
601.349 438.032 805.008 196.461 0.699667 0.699667 HessianAffine RootSIFT 0
528.828 623.814 724.636 402.167 0.699758 0.982897 HessianAffine RootSIFT 0
705.967 252.146 800.667 162.64 0.700345 0.970327 HessianAffine RootSIFT 1
275.738 550.515 901.812 162.973 0.700634 0.962439 HessianAffine RootSIFT 0
525.608 205.73 424.336 493.355 0.700859 0.875951 MSER RootSIFT 0
724.693 232.001 840.906 70.0172 0.702708 0.943852 HessianAffine RootSIFT 1
769.538 343.26 918.045 281.799 0.704012 0.829595 HessianAffine RootSIFT 0
159.998 57.3003 456.215 111.083 0.704042 0.704042 HessianAffine RootSIFT 0
693.192 375.741 842.358 48.514 0.704065 0.964844 HessianAffine RootSIFT 0
806.303 422.171 805.5 130.423 0.704092 0.704092 MSER RootSIFT 0
426.303 85.4557 451.829 293.886 0.704243 0.871708 HessianAffine RootSIFT 0
631.72 474.281 898.685 134.848 0.70449 0.966145 HessianAffine RootSIFT 0
779.754 212.146 522.751 110.277 0.70509 0.968699 HessianAffine RootSIFT 0
513.472 114.232 539.727 206.244 0.70517 0.952811 HessianAffine RootSIFT 0
28.0477 155.415 722.862 239.493 0.705248 0.96296 HessianAffine RootSIFT 0
154.297 56.5222 623.143 136.932 0.705267 0.705267 HessianAffine RootSIFT 0
307.826 488.437 377.375 374.313 0.705272 0.705272 HessianAffine RootSIFT 0
252.189 242.953 808.826 538.041 0.705282 0.705282 HessianAffine RootSIFT 0
660.833 264.978 716.513 289.728 0.706371 0.925623 HessianAffine RootSIFT 1
746.65 210.017 424.384 345.128 0.70646 0.70646 HessianAffine RootSIFT 0
757.912 294.443 914.173 161.294 0.706653 0.926414 HessianAffine RootSIFT 0
696.194 257.675 784.829 201.077 0.707262 0.838909 HessianAffine RootSIFT 1
698.264 257.544 788.333 193.238 0.707683 0.870183 HessianAffine RootSIFT 1
718.672 480.07 453.887 462.116 0.707977 0.707977 HessianAffine RootSIFT 0
704.25 238.443 799.565 127.462 0.708406 0.978153 HessianAffine RootSIFT 0
752.419 303.316 912.075 180.59 0.70871 0.873672 HessianAffine RootSIFT 0
112.749 46.3258 745.707 49.0543 0.709259 0.709259 HessianAffine RootSIFT 0
97.6863 250.196 66.7257 336.428 0.709889 0.926537 HessianAffine RootSIFT 0
764.85 337.578 906.904 277.954 0.709923 0.969134 HessianAffine RootSIFT 0
394.783 555.043 691.64 584.027 0.709933 0.933372 HessianAffine RootSIFT 0
26.7362 327.558 844.669 171.847 0.710013 0.89114 HessianAffine RootSIFT 0
724.89 285.248 839.503 213.923 0.710242 0.710242 HessianAffine RootSIFT 1
348.051 512.119 440.777 225.026 0.711075 0.91904 HessianAffine RootSIFT 0
803.505 367.921 907.164 147.835 0.711229 0.711229 HessianAffine RootSIFT 0
355.052 520.858 377.375 374.313 0.711275 0.873422 HessianAffine RootSIFT 0
811.431 358.494 803.254 227.128 0.711325 0.886937 HessianAffine RootSIFT 0
880.337 463.721 979.435 464.09 0.711384 0.711384 HessianAffine RootSIFT 0
453.434 78.4254 482.669 236.583 0.711632 0.711632 HessianAffine RootSIFT 1
695.628 259.839 782.205 208.003 0.712148 0.917595 HessianAffine RootSIFT 1
257.452 135.185 847.65 146.868 0.713378 0.713378 HessianAffine RootSIFT 0
262.264 44.3002 611.151 141.334 0.713498 0.970496 HessianAffine RootSIFT 0
617.841 325.95 898.352 141.072 0.713969 0.818266 HessianAffine RootSIFT 0
116.657 589.532 572.283 115.087 0.714276 0.714276 HessianAffine RootSIFT 0
669.861 239.454 736.109 221.362 0.714347 0.910193 HessianAffine RootSIFT 0
77.7903 313.894 531.249 201.197 0.714877 0.714877 HessianAffine RootSIFT 0
417.415 409.771 366.504 429.509 0.717646 0.717646 HessianAffine RootSIFT 0
761.345 283.647 916.092 124.538 0.718146 0.718146 HessianAffine RootSIFT 0
582.405 106.552 496.074 75.1212 0.718247 0.802792 HessianAffine RootSIFT 0
308.256 478.814 372.585 404.595 0.718382 0.980146 HessianAffine RootSIFT 0
837.028 406.147 53.0765 341.273 0.718639 0.962894 HessianAffine RootSIFT 0
175.133 371.228 729.569 285.621 0.718765 0.922186 HessianAffine RootSIFT 0
267.102 47.2583 800.023 206.639 0.719164 0.719164 HessianAffine RootSIFT 0
536.635 232.975 544.458 417.711 0.719354 0.944871 HessianAffine RootSIFT 1
535.623 282.868 896.264 110.75 0.719656 0.719656 MSER RootSIFT 0
127.064 517.485 502.451 66.8178 0.72002 0.935458 HessianAffine RootSIFT 0
715.525 430.828 850.06 49.8945 0.720368 0.720368 HessianAffine RootSIFT 0
514.701 235.375 520.107 453.012 0.721216 0.721216 HessianAffine RootSIFT 1
295.543 83.0885 439.478 321.394 0.721446 0.902236 HessianAffine RootSIFT 0
536.848 429.254 785.196 307.247 0.721776 0.721776 HessianAffine RootSIFT 0
774.544 209.802 522.751 110.277 0.721841 0.858743 HessianAffine RootSIFT 0
488.502 201.257 453.887 462.116 0.722043 0.885309 HessianAffine RootSIFT 0
650.6 388.708 818.142 188.868 0.72214 0.72214 HessianAffine RootSIFT 0
56.5338 316.851 147.679 643.284 0.722324 0.873556 HessianAffine RootSIFT 0
702.933 268.448 795.216 223.783 0.72242 0.844706 HessianAffine RootSIFT 0
157.497 80.0917 711.947 126.649 0.722453 0.896398 HessianAffine RootSIFT 0
667.179 270.892 728.648 289.253 0.722971 0.877483 HessianAffine RootSIFT 1
96.2345 361.718 61.5008 338.004 0.72301 0.961144 HessianAffine RootSIFT 0
566.958 236.088 530.77 126.543 0.723097 0.924907 HessianAffine RootSIFT 0
157.497 80.0917 713.857 121.775 0.723128 0.995335 HessianAffine RootSIFT 0
285.651 404.398 872.815 301.964 0.723323 0.723323 HessianAffine RootSIFT 0
706.833 499.139 551.705 111.592 0.723363 0.841166 HessianAffine RootSIFT 0
710.596 274.495 809.151 219.215 0.724021 0.933788 HessianAffine RootSIFT 0
953.478 297.234 467.107 142.376 0.725493 0.976884 HessianAffine RootSIFT 0
495.518 383.551 198.557 501.546 0.726242 0.726242 HessianAffine RootSIFT 0
630.268 168.554 225.953 558.457 0.726473 0.85276 HessianAffine RootSIFT 0
867.6 27.475 720.333 605.778 0.726566 0.993549 MSER RootSIFT 0
158.087 443.377 744.22 315.87 0.726698 0.899881 HessianAffine RootSIFT 0
755.179 304.336 913.376 174.147 0.727526 0.806524 HessianAffine RootSIFT 0
445.848 64.7923 478.707 223.729 0.727829 0.870124 HessianAffine RootSIFT 1
723.64 234.276 840.061 75.12 0.727934 0.727934 HessianAffine RootSIFT 1
780.653 608.866 513.633 231.912 0.728325 0.919287 HessianAffine RootSIFT 0
666.298 250.418 727.228 256.266 0.72855 0.889793 HessianAffine RootSIFT 0
651.768 524.59 382.576 368.902 0.728961 0.897734 HessianAffine RootSIFT 0
667.445 222.834 738.536 165.659 0.729022 0.729022 HessianAffine RootSIFT 0
713.154 500.128 623.09 137.058 0.729061 0.729061 HessianAffine RootSIFT 0
751.714 403.938 431.133 455.231 0.729251 0.99397 HessianAffine RootSIFT 0
97.26 297.285 612.947 251.984 0.729262 0.729262 HessianAffine RootSIFT 0
651.519 299.843 372.585 404.595 0.729571 0.976225 HessianAffine RootSIFT 0
871.25 498.588 854.387 53.1711 0.729745 0.880324 HessianAffine RootSIFT 0
603.17 107.716 506.403 60.8087 0.729778 0.729778 HessianAffine RootSIFT 0
634.435 138.226 441.157 125.077 0.730395 0.807792 HessianAffine RootSIFT 0
155.467 561.861 419.272 378.321 0.730846 0.730846 HessianAffine RootSIFT 0
366.537 413.7 793.759 387.004 0.731049 0.731049 HessianAffine RootSIFT 0
471.222 83.3704 502.691 218.545 0.731074 0.884461 HessianAffine RootSIFT 1
65.2059 433.332 477.604 381.809 0.731543 0.924063 HessianAffine RootSIFT 0
541.639 387.704 467 396.131 0.731623 0.731623 HessianAffine RootSIFT 0
669.042 261.447 730.49 269.12 0.732097 0.850189 HessianAffine RootSIFT 0
481.585 132.663 508.629 292.659 0.73215 0.73215 HessianAffine RootSIFT 0
410.257 76.5943 441.654 293.886 0.732175 0.834244 HessianAffine RootSIFT 0
534.139 288.905 454.26 463.555 0.732698 0.910195 HessianAffine RootSIFT 0
684.35 265.206 759.948 217.18 0.732784 0.732784 HessianAffine RootSIFT 0
786.635 222.32 521.935 120.965 0.733135 0.733135 HessianAffine RootSIFT 0
206.764 388.38 898.67 107.201 0.733955 0.827529 HessianAffine RootSIFT 0
887.429 439.218 851.244 183.399 0.734045 0.734045 HessianAffine RootSIFT 0
795.92 286.5 443.362 467.162 0.734051 0.734051 MSER RootSIFT 0
876.641 612.055 708.97 293.445 0.734197 0.913683 HessianAffine RootSIFT 0
297.224 282.306 774.24 311.279 0.734434 0.964184 HessianAffine RootSIFT 0
606.129 317.324 872.815 301.964 0.734459 0.734459 HessianAffine RootSIFT 0
567.249 98.5636 458.697 146.824 0.734856 0.912129 HessianAffine RootSIFT 0
634.738 326.023 801.69 228.197 0.735033 0.998682 HessianAffine RootSIFT 0
140.539 57.3435 507.388 72.9834 0.735342 0.8558 HessianAffine RootSIFT 0
422.557 70.1716 451.299 271.836 0.735748 0.873274 HessianAffine RootSIFT 0
954.307 287.729 461.496 143.039 0.735825 0.890595 HessianAffine RootSIFT 0
79.5435 52.481 380.306 335.2 0.735887 0.735887 HessianAffine RootSIFT 0
163.156 51.23 463.093 115.883 0.736234 0.736234 HessianAffine RootSIFT 0
191.783 279.699 376.244 366.154 0.73651 0.910334 HessianAffine RootSIFT 0
405.567 385.62 817.913 111.551 0.736663 0.954144 HessianAffine RootSIFT 0
769.648 503.24 443.22 429.301 0.736866 0.822383 HessianAffine RootSIFT 0
176.31 609.23 762.629 208.83 0.73756 0.73756 HessianAffine RootSIFT 0
762.338 292.739 917.542 146.893 0.738408 0.903006 HessianAffine RootSIFT 0
117.201 249.71 887.246 194.163 0.738439 0.859126 HessianAffine RootSIFT 0
450.801 198.339 447.96 465.825 0.738833 0.738833 HessianAffine RootSIFT 0
123.236 449.1 572.283 115.087 0.738864 0.83861 HessianAffine RootSIFT 0
252.15 630.093 726.966 256.295 0.738868 0.738868 HessianAffine RootSIFT 0
577.439 536.693 546.497 125.734 0.739085 0.823275 HessianAffine RootSIFT 0
296.211 509.298 550.385 100.691 0.73915 0.955825 HessianAffine RootSIFT 0
264.349 510.508 900.821 347.292 0.739216 0.87876 HessianAffine RootSIFT 0
671.022 284.091 741.004 320.647 0.739398 0.873716 HessianAffine RootSIFT 0
702.046 269.874 792.96 229.038 0.739774 0.869435 HessianAffine RootSIFT 0
635.984 379.889 78.7462 333.203 0.73983 0.969419 HessianAffine RootSIFT 0
658.234 237.058 720.294 218.053 0.739862 0.739862 HessianAffine RootSIFT 0
926.863 500.72 742.501 383.407 0.740603 0.85912 HessianAffine RootSIFT 0
625.249 367.943 781.234 279.127 0.740784 0.740784 HessianAffine RootSIFT 0
642.737 405.283 480.08 383.78 0.740798 0.740798 HessianAffine RootSIFT 0
104.383 46.5522 745.707 49.0543 0.741194 0.801537 HessianAffine RootSIFT 0
693.671 248.358 771.175 189.395 0.741373 0.916415 HessianAffine RootSIFT 0
665.754 234.75 736.404 202.734 0.741458 0.922563 HessianAffine RootSIFT 0
367.403 527.978 507.167 74.6333 0.741871 0.934799 MSER RootSIFT 0
521.104 290.011 466.576 388.453 0.741942 0.741942 HessianAffine RootSIFT 0
591.031 113.094 557.745 109.864 0.742269 0.961339 HessianAffine RootSIFT 0
710.487 268.74 818.522 197.52 0.742272 0.89927 HessianAffine RootSIFT 0
837.874 270.797 745.707 49.0543 0.742357 0.900143 HessianAffine RootSIFT 0
902.35 509.804 902.14 172.092 0.74306 0.876888 HessianAffine RootSIFT 0
90.9562 265.008 884.822 190.373 0.743075 0.743075 HessianAffine RootSIFT 0
473.9 412.974 867.696 472.639 0.743579 0.982665 HessianAffine RootSIFT 0
364.813 519.19 505.625 70.8385 0.743641 0.743641 HessianAffine RootSIFT 0
612.804 517.309 440.777 225.026 0.743749 0.928751 HessianAffine RootSIFT 0
720.977 460.333 506.376 81.3661 0.743951 0.992573 HessianAffine RootSIFT 0
142.406 270.467 807.337 263.758 0.744409 0.744409 HessianAffine RootSIFT 0
502.923 608.552 803.037 562.269 0.744521 0.744521 HessianAffine RootSIFT 0
619.883 418.043 619.432 137.573 0.744528 0.950367 HessianAffine RootSIFT 0
364.363 550.624 901.812 162.973 0.744537 0.902106 HessianAffine RootSIFT 0
707.038 270.378 805.371 213.187 0.744648 0.869016 HessianAffine RootSIFT 0
141.384 48.0644 602.453 136.652 0.744685 0.954728 HessianAffine RootSIFT 0
638.486 329.671 906.223 352.543 0.744852 0.744852 MSER RootSIFT 0
339.704 468.231 392.914 315.79 0.744863 0.744863 HessianAffine RootSIFT 0
439.363 158.775 455.266 401.067 0.745544 0.984942 HessianAffine RootSIFT 1
165.598 208.635 670.5 567.641 0.745551 0.81051 HessianAffine RootSIFT 0
599.789 111.633 155.093 609.319 0.745726 0.745726 HessianAffine RootSIFT 0
639.822 363.102 564.921 236.618 0.746164 0.746164 HessianAffine RootSIFT 0
772.603 604.178 872.815 301.964 0.746388 0.746388 HessianAffine RootSIFT 0
842.729 583.802 737.216 419.364 0.746573 0.746573 HessianAffine RootSIFT 0
87.9243 330.547 482.237 212.284 0.746718 0.746718 HessianAffine RootSIFT 0
49.4262 388.287 317.386 587.353 0.746775 0.746775 HessianAffine RootSIFT 0
621.648 208.938 866.714 213.31 0.74688 0.938565 HessianAffine RootSIFT 0
479.988 150.843 489.121 346.316 0.747042 0.807295 HessianAffine RootSIFT 0
434.733 161.153 450.309 415.88 0.747439 0.747439 HessianAffine RootSIFT 0
273.877 506.976 864.361 308.736 0.747757 0.88831 HessianAffine RootSIFT 0
542.037 462.942 902.01 141.867 0.747873 0.829446 HessianAffine RootSIFT 0
756.544 285.352 913.637 141.523 0.747938 0.88591 HessianAffine RootSIFT 0
368.042 630.471 726.966 256.295 0.748034 0.748034 HessianAffine RootSIFT 0
629.014 145.946 618.869 140.679 0.74808 0.881345 HessianAffine RootSIFT 0
87.4355 270.892 785.759 285.863 0.748247 0.748247 HessianAffine RootSIFT 0
635.204 419.633 800.33 211.914 0.748405 0.968039 HessianAffine RootSIFT 0
642.206 374.166 793.899 273.174 0.748469 0.841302 HessianAffine RootSIFT 0
479.219 230.735 884.212 349.57 0.74875 0.74875 HessianAffine RootSIFT 0
732.154 578.32 402.056 516.544 0.748846 0.924075 HessianAffine RootSIFT 0
662.374 295.861 714.633 354.056 0.74886 0.882834 HessianAffine RootSIFT 0
95.531 43.5948 745.707 49.0543 0.748941 0.879137 HessianAffine RootSIFT 0
148.351 546.959 887.725 63.2601 0.748947 0.748947 HessianAffine RootSIFT 0
722.339 301.974 839.536 258.765 0.748999 0.865785 HessianAffine RootSIFT 0
482.627 103.445 508.124 238.576 0.749043 0.937781 HessianAffine RootSIFT 1
118.225 309.501 778.544 236.632 0.749246 0.905526 HessianAffine RootSIFT 0
691.679 267.084 779.262 237.825 0.749343 0.977803 HessianAffine RootSIFT 0
439.507 66.5327 471.693 235.135 0.749849 0.926142 MSER RootSIFT 1
33.5298 377.912 53.0765 341.273 0.749871 0.990263 HessianAffine RootSIFT 0
488.786 202.416 486.387 427.599 0.749935 0.749935 HessianAffine RootSIFT 0
163.419 309.998 49.3334 372.069 0.749948 0.978794 HessianAffine RootSIFT 0
351.042 512.137 509.73 65.175 0.750012 0.750012 HessianAffine RootSIFT 0
414.935 72.4927 450.829 270.123 0.750121 0.750121 HessianAffine RootSIFT 0
408.421 164.372 390.651 339.816 0.750197 0.958886 HessianAffine RootSIFT 0
720.514 413.578 845.41 170.309 0.750496 0.750496 HessianAffine RootSIFT 0
30.0802 173.027 484.323 208.059 0.75058 0.75058 HessianAffine RootSIFT 0
124.265 356.393 861.35 188.926 0.750759 0.971547 HessianAffine RootSIFT 0
133.311 426.491 801.524 219.926 0.750894 0.876619 HessianAffine RootSIFT 0
811.155 355.056 805.646 218.065 0.751003 0.95922 HessianAffine RootSIFT 0
435.682 25.8636 845.71 153.355 0.751139 0.880823 MSER RootSIFT 0
202.182 330.965 65.8715 338.68 0.751152 0.751152 HessianAffine RootSIFT 0
153.24 413.421 190.362 569.668 0.751204 0.930365 HessianAffine RootSIFT 0
440.174 79.1279 471.056 254.833 0.751572 0.90041 MSER RootSIFT 1
749.709 285.784 907.164 147.835 0.751626 0.872994 HessianAffine RootSIFT 0
276.648 38.9547 616.582 144.574 0.751772 0.940148 HessianAffine RootSIFT 0
115.589 551.605 522.153 116.058 0.751789 0.830449 HessianAffine RootSIFT 0
746.727 612.162 790.131 241.628 0.751991 0.751991 HessianAffine RootSIFT 0
530.751 311.727 857.403 314.904 0.752055 0.967255 HessianAffine RootSIFT 0
683.427 523.718 482.237 212.284 0.752376 0.752376 HessianAffine RootSIFT 0
715.777 263.448 821.101 169.795 0.75257 0.75257 HessianAffine RootSIFT 1
440.566 65.4943 469.878 241.419 0.752669 0.752669 MSER RootSIFT 0
90.7713 304.725 847.745 96.8377 0.752791 0.752791 HessianAffine RootSIFT 0
500.935 389.028 617.952 175.493 0.752825 0.970454 HessianAffine RootSIFT 0
22.8585 266.261 897.298 184.006 0.752894 0.844652 HessianAffine RootSIFT 0
617.598 413.357 836.705 172.1 0.752983 0.968075 HessianAffine RootSIFT 0
153.312 294.236 975.247 289.056 0.753084 0.753084 HessianAffine RootSIFT 0
286.464 325.671 780.032 122.004 0.753091 0.96104 HessianAffine RootSIFT 0
844.47 284.95 718.796 118.975 0.753399 0.914555 HessianAffine RootSIFT 0
144.228 57.9231 464.685 129.531 0.75367 0.75367 HessianAffine RootSIFT 0
295.406 337.365 680.416 457.802 0.753937 0.753937 HessianAffine RootSIFT 0
720.739 382.879 504.666 72.0465 0.754105 0.929079 HessianAffine RootSIFT 0
408.648 491.963 368.263 373.983 0.75411 0.956858 HessianAffine RootSIFT 0
311.581 387.352 74.6714 354.541 0.754181 0.754181 HessianAffine RootSIFT 0
631.302 408.463 448.479 465.232 0.754281 0.89748 HessianAffine RootSIFT 0
552.186 274.073 207.275 544.814 0.754285 0.80882 HessianAffine RootSIFT 0
696.9 389.975 448.676 464.983 0.754361 0.947847 HessianAffine RootSIFT 0
344.593 276.139 466.576 388.453 0.754387 0.867733 HessianAffine RootSIFT 0
540.67 445.19 908.109 120.458 0.754579 0.98671 HessianAffine RootSIFT 0
204.433 432.233 896.264 110.75 0.754586 0.754586 MSER RootSIFT 0
962.795 429.599 791.863 239.983 0.754628 0.754628 HessianAffine RootSIFT 0
690.514 298.906 225.946 542.599 0.754788 0.754788 HessianAffine RootSIFT 0
702.704 390.035 760.477 137.451 0.755194 0.929695 HessianAffine RootSIFT 0
264.409 405.18 464.771 390.404 0.755251 0.755251 HessianAffine RootSIFT 0
531.355 424.081 819.886 211.809 0.755355 0.906876 HessianAffine RootSIFT 0
408.875 145.732 428.531 415.665 0.755531 0.991188 HessianAffine RootSIFT 0
129.261 51.499 558.003 106.644 0.75572 0.90732 HessianAffine RootSIFT 0
735.94 419.069 714.045 91.034 0.756234 0.896064 HessianAffine RootSIFT 0
108.479 268.907 57.8418 339.469 0.756475 0.756475 HessianAffine RootSIFT 0
309.332 126.886 838.774 638.733 0.756504 0.756504 HessianAffine RootSIFT 0
647.758 460.816 520.792 340.791 0.756506 0.756506 HessianAffine RootSIFT 0
183.45 353.835 757.689 296.289 0.756532 0.883856 HessianAffine RootSIFT 0
784.342 187.087 936.336 99.8308 0.757148 0.895608 HessianAffine RootSIFT 0
702.783 527.806 421.296 387.573 0.757154 0.860867 HessianAffine RootSIFT 0
628.321 325.928 800.33 211.914 0.757226 0.979243 HessianAffine RootSIFT 0
766.922 607.262 900.528 180.24 0.757382 0.870472 HessianAffine RootSIFT 0
722.34 242.359 834.48 100.595 0.757558 0.757558 HessianAffine RootSIFT 1
650.285 172.021 589.648 122.586 0.75764 0.75764 HessianAffine RootSIFT 0
731.186 192.267 539.216 510.068 0.757667 0.757667 HessianAffine RootSIFT 0
97.19 261.474 905.677 172.628 0.757877 0.995737 HessianAffine RootSIFT 0
876.861 600.149 928.288 631.752 0.758236 0.92278 HessianAffine RootSIFT 0
258.34 293.994 521.358 573.872 0.758303 0.758303 HessianAffine RootSIFT 0
685.002 261.172 759.513 206.944 0.758338 0.758338 HessianAffine RootSIFT 0
725.044 275.183 841.965 182.296 0.758471 0.967195 HessianAffine RootSIFT 1
267.102 47.2583 611.071 146.088 0.758472 0.950616 HessianAffine RootSIFT 0
728.038 290.334 846.499 223.547 0.758475 0.758475 HessianAffine RootSIFT 0
170.115 177.396 772.357 622.566 0.758534 0.920675 HessianAffine RootSIFT 0
668.313 235.911 737.897 195.938 0.758699 0.758699 HessianAffine RootSIFT 0
419.734 314.105 769.374 229.352 0.758751 0.931898 HessianAffine RootSIFT 0
208.8 127.786 568.346 119.549 0.758895 0.891462 HessianAffine RootSIFT 0
410.332 249.049 722.991 294.332 0.758955 0.758955 HessianAffine RootSIFT 0
443.103 162.132 458.471 406.553 0.758987 0.868919 HessianAffine RootSIFT 0
293.418 311.137 495.798 127.935 0.759067 0.867401 HessianAffine RootSIFT 0
31.2225 337.182 728.405 291.599 0.759106 0.867465 HessianAffine RootSIFT 0
596.377 509.149 586.723 242.897 0.759111 0.759111 HessianAffine RootSIFT 0
743.093 404.63 557.745 109.864 0.759438 0.847085 HessianAffine RootSIFT 0
621.171 335.638 901.96 167.991 0.75951 0.963014 HessianAffine RootSIFT 0
129.809 56.638 561.346 146.709 0.759533 0.945241 HessianAffine RootSIFT 0
491.034 90.9205 522.794 199.745 0.759587 0.909782 HessianAffine RootSIFT 0
782.769 277.012 876.297 148.838 0.759601 0.842698 HessianAffine RootSIFT 0
310.866 286.525 365.915 378.64 0.759681 0.917774 HessianAffine RootSIFT 0
84.2084 243.039 745.727 57.5806 0.759693 0.969314 HessianAffine RootSIFT 0
209.071 465.267 880.929 141.026 0.759982 0.759982 HessianAffine RootSIFT 0
727.529 250.701 842.937 118.279 0.76037 0.76037 HessianAffine RootSIFT 0
515.939 307.562 771.46 213.104 0.760477 0.838422 HessianAffine RootSIFT 0
410.485 393.983 365.936 377.284 0.76053 0.84146 HessianAffine RootSIFT 0
971.217 469.566 59.0658 350.414 0.760644 0.824508 HessianAffine RootSIFT 0
372.392 220.392 882.704 348.958 0.760704 0.96078 HessianAffine RootSIFT 0
429.101 86.5383 467.197 276.662 0.760741 0.805133 HessianAffine RootSIFT 0
424.941 168.085 447.96 465.825 0.760765 0.760765 HessianAffine RootSIFT 0
833.534 382.656 906.945 92.2602 0.760778 0.760778 HessianAffine RootSIFT 0
97.9593 518.345 565.922 239.921 0.760805 0.992067 HessianAffine RootSIFT 0
162.426 409.698 887.246 194.163 0.760849 0.940417 HessianAffine RootSIFT 0
276.54 440.341 901.812 162.973 0.760882 0.760882 HessianAffine RootSIFT 0
679.719 165.134 262.876 545.703 0.760943 0.760943 HessianAffine RootSIFT 0
352.985 299.401 890.759 108.076 0.76099 0.960144 HessianAffine RootSIFT 0
476.038 523.431 796.999 96.8815 0.761043 0.761043 HessianAffine RootSIFT 0
664.141 269.68 721.722 293.402 0.761196 0.761196 HessianAffine RootSIFT 1
748.944 490.066 460.291 142.68 0.761197 0.761197 HessianAffine RootSIFT 0
795 269.5 521.27 118.041 0.761405 0.868354 MSER RootSIFT 0
736.863 256.854 874.765 98.403 0.761439 0.761439 HessianAffine RootSIFT 0
659.739 319.471 805.646 218.065 0.761604 0.98094 HessianAffine RootSIFT 0
691.976 273.29 791.863 239.983 0.761858 0.761858 HessianAffine RootSIFT 0
582.591 374.105 583.332 192.107 0.761948 0.761948 HessianAffine RootSIFT 0
274.142 406.892 877.217 195.494 0.761967 0.861024 HessianAffine RootSIFT 0
813.378 220.602 722.902 77.9594 0.762223 0.937538 HessianAffine RootSIFT 0
330.273 547.508 890.704 59.1354 0.762263 0.762263 HessianAffine RootSIFT 0
264.381 33.8999 53.0765 341.273 0.762443 0.987271 HessianAffine RootSIFT 0
129.897 577.953 249.665 550.654 0.762477 0.762477 HessianAffine RootSIFT 0
442.291 87.3002 482.293 259.383 0.762563 0.762563 HessianAffine RootSIFT 0
926.425 388.631 852.147 314.945 0.762598 0.762598 HessianAffine RootSIFT 0
408.945 306.474 365.113 406.788 0.762623 0.921537 HessianAffine RootSIFT 0
75.5582 280.129 847.423 292.55 0.762674 0.942039 HessianAffine RootSIFT 0
476.864 99.5956 501.944 243.171 0.762684 0.959657 HessianAffine RootSIFT 0
533.245 312.413 890.759 108.076 0.762718 0.762718 HessianAffine RootSIFT 0
168.081 360.787 739.707 323.637 0.762719 0.932795 HessianAffine RootSIFT 0
663.701 214.941 729.838 157.566 0.762858 0.762858 HessianAffine RootSIFT 1
930.053 625.011 504.947 361.162 0.762864 0.762864 MSER RootSIFT 0
789.819 268.913 783.467 207.899 0.763057 0.763057 HessianAffine RootSIFT 0
714.537 297.234 821.908 262.422 0.763141 0.763141 HessianAffine RootSIFT 0
714.265 382.984 508.471 81.5374 0.763688 0.971034 HessianAffine RootSIFT 0
694.714 243.607 466.576 388.453 0.763707 0.931109 HessianAffine RootSIFT 0
708.313 256.15 804.035 169.326 0.763803 0.914299 HessianAffine RootSIFT 1
517.441 408.655 872.173 153.06 0.763823 0.763823 HessianAffine RootSIFT 0
366.006 215.345 898.385 332.423 0.76387 0.93199 HessianAffine RootSIFT 0
481.746 88.5258 516.496 209.49 0.764176 0.764176 HessianAffine RootSIFT 0
849.857 507.845 474.915 417.296 0.764263 0.978544 HessianAffine RootSIFT 0
72.9605 66.7567 371.545 357.925 0.764399 0.91348 HessianAffine RootSIFT 0
187.398 377.145 697.752 518.374 0.764676 0.898141 HessianAffine RootSIFT 0
773.954 527.399 907.202 131.987 0.765079 0.954099 HessianAffine RootSIFT 0
970.558 519.999 857.971 321.52 0.765125 0.765125 HessianAffine RootSIFT 0
469.873 373.961 771.121 293.554 0.765132 0.864876 HessianAffine RootSIFT 0
272.854 253.844 737.695 315.403 0.765153 0.765153 HessianAffine RootSIFT 0
162.562 418.185 784.518 287.219 0.765482 0.942365 HessianAffine RootSIFT 0
156.348 605.567 893.607 54.562 0.765588 0.900951 HessianAffine RootSIFT 0
78.2126 99.6767 817.775 314.287 0.765839 0.954012 HessianAffine RootSIFT 0
275.991 192.265 896.821 642.61 0.765985 0.984608 HessianAffine RootSIFT 0
861.965 533.525 742.571 323.56 0.766023 0.878082 HessianAffine RootSIFT 0
123.953 576.168 542.268 103.187 0.766185 0.880836 HessianAffine RootSIFT 0
197.993 464.748 803.777 170.295 0.766323 0.914734 HessianAffine RootSIFT 0
230.072 124.682 812.412 103.282 0.766459 0.99722 HessianAffine RootSIFT 0
697.762 263.27 783.296 216.37 0.766485 0.963746 HessianAffine RootSIFT 0
652.509 168.95 496.977 72.3412 0.766576 0.886948 HessianAffine RootSIFT 0
422.192 489.981 900.584 289.025 0.766577 0.991434 HessianAffine RootSIFT 0
232.952 508.129 550.299 125.079 0.766642 0.985718 HessianAffine RootSIFT 0
455.615 157.377 467.094 384.708 0.766678 0.766678 HessianAffine RootSIFT 0
811.71 418.986 619.799 137.585 0.766895 0.874574 HessianAffine RootSIFT 0
110.902 446.327 550.766 118.598 0.766951 0.970911 HessianAffine RootSIFT 0
106.142 571.255 840.246 167.626 0.767059 0.949425 HessianAffine RootSIFT 0
90.7026 476.525 860.855 236.969 0.767114 0.883498 HessianAffine RootSIFT 0
632.374 415.936 881.966 139.766 0.767133 0.968282 HessianAffine RootSIFT 0
668.033 244.913 734.47 231.832 0.767229 0.927615 HessianAffine RootSIFT 0
895.551 459.056 902.234 174.99 0.767329 0.997813 HessianAffine RootSIFT 0
617.342 325.852 790.131 241.628 0.767425 0.767425 HessianAffine RootSIFT 0
274.66 208.813 891.157 216.16 0.767573 0.99635 HessianAffine RootSIFT 0
152.751 413.174 716.229 580.37 0.767613 0.821917 HessianAffine RootSIFT 0
309.6 388.366 745.707 49.0543 0.767634 0.879022 HessianAffine RootSIFT 0
823.138 260.896 923.51 274.254 0.767676 0.861172 HessianAffine RootSIFT 0
156.151 403.47 892.329 182.761 0.767743 0.767743 HessianAffine RootSIFT 0
710.991 416.665 804.664 131.208 0.767758 0.767758 HessianAffine RootSIFT 0
814.053 348.959 760.534 185.68 0.767882 0.930535 HessianAffine RootSIFT 0
715.715 568.625 914.009 280.765 0.767889 0.99269 HessianAffine RootSIFT 0
118.995 341.175 728.405 291.599 0.76796 0.844972 HessianAffine RootSIFT 0
144.174 384.693 785.201 349.377 0.768021 0.995002 HessianAffine RootSIFT 0
636.65 326.241 791.863 239.983 0.768061 0.768061 HessianAffine RootSIFT 0
662.272 238.825 728.128 216.785 0.7681 0.7681 HessianAffine RootSIFT 0
379.316 379.194 728.314 293.905 0.768148 0.880678 HessianAffine RootSIFT 0
376.07 520.454 616.582 144.574 0.768232 0.924999 HessianAffine RootSIFT 0
844.181 270.988 745.801 44.1568 0.768276 0.969344 HessianAffine RootSIFT 0
490.925 273.449 845.41 170.309 0.768281 0.925325 HessianAffine RootSIFT 0
247.204 508.854 447.08 471.083 0.768283 0.932132 HessianAffine RootSIFT 0
698.225 392.845 584.08 230.579 0.768503 0.949844 HessianAffine RootSIFT 0
652.602 415.493 624.969 129.881 0.768539 0.968436 HessianAffine RootSIFT 0
748.678 280.06 907.202 131.987 0.768604 0.922198 HessianAffine RootSIFT 0
809.898 562.572 255.555 561.43 0.768633 0.768633 HessianAffine RootSIFT 0
893.866 401.052 734.47 231.832 0.768783 0.991325 HessianAffine RootSIFT 0
940.791 599.325 838.447 164.886 0.768818 0.768818 HessianAffine RootSIFT 0
457.897 90.7612 491.837 250.964 0.769039 0.906295 HessianAffine RootSIFT 0
645.056 444.768 510.494 357.544 0.769097 0.982683 HessianAffine RootSIFT 0
697.91 246.449 787.629 174.397 0.76918 0.81078 HessianAffine RootSIFT 0
454.937 421.404 934.425 579.545 0.769336 0.769336 MSER RootSIFT 0
32.4537 255.892 490.745 236.786 0.769503 0.769503 HessianAffine RootSIFT 0
501.031 480.068 928.108 367.671 0.769535 0.769535 HessianAffine RootSIFT 0
462.784 313.397 719.877 560.139 0.769535 0.769535 HessianAffine RootSIFT 0
428.846 64.6956 466.526 240.742 0.769544 0.769544 HessianAffine RootSIFT 0
693.6 364.274 815.461 116.889 0.76979 0.916469 HessianAffine RootSIFT 0
228.559 447.551 901.184 148.456 0.769795 0.89314 HessianAffine RootSIFT 0
164.66 281.699 972.694 283.586 0.769836 0.769836 HessianAffine RootSIFT 0
629.477 457.224 785.992 234.726 0.769963 0.985289 HessianAffine RootSIFT 0
680.211 603.508 849.903 147.686 0.770264 0.770264 HessianAffine RootSIFT 0
392.24 45.8291 354.765 468.257 0.770269 0.770269 HessianAffine RootSIFT 0
338.657 471.923 279.255 536.763 0.770484 0.835404 HessianAffine RootSIFT 0
602.853 416.148 714.045 91.034 0.770518 0.855942 HessianAffine RootSIFT 0
184.446 347.862 755.023 297.362 0.770579 0.849892 HessianAffine RootSIFT 0
725.343 287.477 845.27 215.727 0.770594 0.955271 HessianAffine RootSIFT 0
602.316 385.839 342.195 606.437 0.770805 0.988662 HessianAffine RootSIFT 0
48.1331 639.68 703.789 589.1 0.770883 0.976359 MSER RootSIFT 0
101.753 433.672 882.508 206.746 0.770891 0.989456 MSER RootSIFT 0
554 377.472 377.804 374.422 0.771164 0.988649 HessianAffine RootSIFT 0
503.903 216.407 709.157 483.355 0.771244 0.771244 HessianAffine RootSIFT 0
67.4207 318.14 896.837 342 0.771307 0.910411 HessianAffine RootSIFT 0
446.793 88.205 473.92 267.374 0.771402 0.771402 HessianAffine RootSIFT 0
596.326 419.617 711.652 100.57 0.771489 0.997713 HessianAffine RootSIFT 0
950.698 469.322 383.413 348.471 0.771702 0.978401 HessianAffine RootSIFT 0
886.392 413.82 447.08 471.083 0.772042 0.935877 HessianAffine RootSIFT 0
718.391 272.094 826.236 192.941 0.772057 0.920969 HessianAffine RootSIFT 1
175.706 364.887 729.569 285.621 0.772085 0.772085 HessianAffine RootSIFT 0
698.476 396.295 450.027 464.53 0.772094 0.772094 HessianAffine RootSIFT 0
648.372 381.709 82.665 329.501 0.772102 0.994318 HessianAffine RootSIFT 0
423.664 222.141 427.037 542.761 0.772156 0.809055 HessianAffine RootSIFT 0
331.789 214.993 555.646 306.979 0.772268 0.913501 HessianAffine RootSIFT 0
103.296 117.974 496.977 72.3412 0.77244 0.874131 HessianAffine RootSIFT 0
696.026 253.158 782.429 185.004 0.772458 0.924163 HessianAffine RootSIFT 0
218.138 405.75 807.756 265.269 0.772502 0.772502 HessianAffine RootSIFT 0
765.258 522.219 894.618 136.519 0.772724 0.982199 HessianAffine RootSIFT 0
637.687 471.159 884.033 192.806 0.772826 0.857241 HessianAffine RootSIFT 0
104.637 286.394 396.427 422.456 0.772857 0.954067 HessianAffine RootSIFT 0
852.516 398.937 63.1329 338.312 0.773002 0.911309 HessianAffine RootSIFT 0
378.157 159.425 722.61 264.097 0.77309 0.77309 HessianAffine RootSIFT 0
433.118 511.782 482.237 212.284 0.773215 0.773215 HessianAffine RootSIFT 0
151.551 42.0491 452.302 122.382 0.773298 0.930489 HessianAffine RootSIFT 0
517.384 234.103 705.975 414.003 0.773306 0.856378 HessianAffine RootSIFT 0
123.274 515.782 504.666 72.0465 0.773391 0.96291 HessianAffine RootSIFT 0
658.768 564.013 521.08 145.563 0.773415 0.860606 HessianAffine RootSIFT 0
577.924 110.779 498.276 79.056 0.773443 0.922229 HessianAffine RootSIFT 0
280.06 340.4 743.878 366.176 0.773477 0.773477 MSER RootSIFT 0
437.53 480.72 819.245 201.86 0.773477 0.927013 HessianAffine RootSIFT 0
110.932 236.563 877.617 198.094 0.77356 0.938748 HessianAffine RootSIFT 0
543.888 89.036 605.237 125.558 0.773572 0.94359 HessianAffine RootSIFT 0
607.816 434.254 372.457 403.253 0.773594 0.993626 HessianAffine RootSIFT 0
31.0012 244.522 887.246 194.163 0.773613 0.875395 HessianAffine RootSIFT 0
621.877 324.446 906.945 92.2602 0.77369 0.77369 HessianAffine RootSIFT 0
421.598 288.728 795.289 227.832 0.773702 0.773702 HessianAffine RootSIFT 0
118.567 43.6209 745.707 49.0543 0.773705 0.96326 HessianAffine RootSIFT 0
113.323 457.55 800.32 182.104 0.773708 0.800369 HessianAffine RootSIFT 0
927.69 610.527 806.482 147.339 0.773728 0.773728 HessianAffine RootSIFT 0
659.807 516.4 628.191 133.402 0.773738 0.773738 HessianAffine RootSIFT 0
414.317 310.114 366.504 429.509 0.773797 0.773797 HessianAffine RootSIFT 0
269.237 234.457 955.58 504.16 0.773961 0.773961 HessianAffine RootSIFT 0
470.011 85.171 500.802 224.976 0.77399 0.77399 HessianAffine RootSIFT 1
900.737 626.623 898.67 107.201 0.774 0.774 HessianAffine RootSIFT 0
295.819 564.945 481.617 210.13 0.774072 0.774072 HessianAffine RootSIFT 0
547.882 384.473 468.338 389.019 0.774113 0.774113 HessianAffine RootSIFT 0
462.846 460.401 895.732 143.625 0.774131 0.950474 HessianAffine RootSIFT 0
79.2219 528.862 546.504 107.338 0.774292 0.83376 HessianAffine RootSIFT 0
91.5403 467.035 374.679 402.05 0.774335 0.941135 HessianAffine RootSIFT 0
931.18 469.76 465.287 163.917 0.774395 0.91253 HessianAffine RootSIFT 0
409.114 263.363 479.018 433.782 0.774411 0.999531 HessianAffine RootSIFT 0
98.9398 259.896 719.51 571.716 0.774456 0.774456 HessianAffine RootSIFT 0
454.537 472.235 724.014 391.181 0.774461 0.774461 HessianAffine RootSIFT 0
530.83 476.146 194.414 544.112 0.774526 0.774526 HessianAffine RootSIFT 0
432.2 489.297 555.958 148.678 0.774579 0.911954 HessianAffine RootSIFT 0
286.077 411.179 882.989 305.267 0.77472 0.920271 HessianAffine RootSIFT 0
789.031 613.95 517.918 228.536 0.774729 0.774729 HessianAffine RootSIFT 0
484.366 414.554 794.533 387.709 0.774858 0.774858 HessianAffine RootSIFT 0
822.027 306.261 800.003 74.1206 0.774909 0.952185 HessianAffine RootSIFT 0
371.496 624.283 731.097 258.414 0.774961 0.774961 HessianAffine RootSIFT 0
573.86 230.511 582.101 121.211 0.774977 0.883807 HessianAffine RootSIFT 0
819.01 555.467 745.7 373.07 0.775053 0.775053 HessianAffine RootSIFT 0
529.354 406.593 408.192 434.873 0.775056 0.775056 HessianAffine RootSIFT 0
508.053 503.078 311.174 578.83 0.775151 0.923521 HessianAffine RootSIFT 0
725.646 212.02 416.412 366.853 0.775164 0.775164 HessianAffine RootSIFT 0
160.336 281.773 61.1664 347.714 0.775171 0.83151 HessianAffine RootSIFT 0
651.768 524.59 377.375 374.313 0.775179 0.913047 HessianAffine RootSIFT 0
463.579 481.342 896.264 110.75 0.775202 0.775202 MSER RootSIFT 0
147.78 52.944 607.178 140.296 0.775293 0.861428 HessianAffine RootSIFT 0
896.232 631.339 448.351 465.156 0.775319 0.953876 HessianAffine RootSIFT 0
251.12 533.684 902.01 141.867 0.775382 0.873754 HessianAffine RootSIFT 0
410.242 94.9554 444.235 322.105 0.775465 0.966941 HessianAffine RootSIFT 0
694.478 515.155 738.793 324.538 0.775694 0.775694 HessianAffine RootSIFT 0
833.354 280.8 587.463 137.998 0.775743 0.775743 HessianAffine RootSIFT 0
886.144 418.341 899.471 138.193 0.775804 0.775804 HessianAffine RootSIFT 0
234.366 204.105 890.466 216.747 0.776034 0.956913 HessianAffine RootSIFT 0
508.095 213.848 511.595 418.427 0.776149 0.80538 HessianAffine RootSIFT 0
500.62 306.057 832.424 138.89 0.776243 0.776243 HessianAffine RootSIFT 0
84.7599 98.7075 673.657 582.48 0.776261 0.776261 HessianAffine RootSIFT 0
831.384 376.037 916.919 140.537 0.77628 0.970979 HessianAffine RootSIFT 0
154.516 44.3058 454.444 116.541 0.776428 0.938353 HessianAffine RootSIFT 0
267.069 427.337 740.104 163.335 0.776512 0.992627 HessianAffine RootSIFT 0
784.852 235.225 508.431 455.553 0.776538 0.940268 HessianAffine RootSIFT 0
122.738 562.499 974.294 336.338 0.776574 0.990546 HessianAffine RootSIFT 0
168.897 205.766 798.085 283.718 0.776664 0.776664 HessianAffine RootSIFT 0
168.299 108.537 794.16 338.27 0.776678 0.776678 HessianAffine RootSIFT 0
286.178 419.331 740.104 163.335 0.776725 0.776725 HessianAffine RootSIFT 0
91.3985 45.8178 85.6009 331.896 0.776976 0.893843 HessianAffine RootSIFT 0
962.144 569.299 543.917 210.729 0.776987 0.811313 HessianAffine RootSIFT 0
601.574 266.08 519.523 197.168 0.77704 0.909477 HessianAffine RootSIFT 0
541.687 392.884 467 396.131 0.77707 0.77707 HessianAffine RootSIFT 0
667.93 226.38 737.409 175.148 0.777139 0.850131 HessianAffine RootSIFT 0
287.482 321.65 293.315 538.196 0.777141 0.777141 HessianAffine RootSIFT 0
886.607 391.648 738 225.161 0.777145 0.938294 HessianAffine RootSIFT 0
733.413 286.897 846.405 204.618 0.777187 0.777187 MSER RootSIFT 0
364.139 185.806 488.133 415.833 0.777255 0.777255 MSER RootSIFT 0
605.14 470.66 570.656 118.772 0.777288 0.974763 HessianAffine RootSIFT 0
718.451 508.181 805.5 130.423 0.777389 0.777389 MSER RootSIFT 0
606.329 333.757 786.963 334.932 0.777401 0.942615 HessianAffine RootSIFT 0
187.587 279.535 764.463 203.7 0.777451 0.920479 HessianAffine RootSIFT 0
899.827 489.893 814.888 408.337 0.777485 0.777485 HessianAffine RootSIFT 0
80.202 516.06 565.875 105.427 0.77755 0.973658 HessianAffine RootSIFT 0
775.539 549.078 891.066 150.365 0.777586 0.967598 HessianAffine RootSIFT 0
242.369 510.234 447.08 471.083 0.777797 0.888087 HessianAffine RootSIFT 0
641.808 226.814 828.258 124.743 0.777799 0.777799 HessianAffine RootSIFT 0
420.122 488.495 565.021 120.515 0.777804 0.931554 HessianAffine RootSIFT 0
346.197 512.858 627.328 126.126 0.777892 0.976106 HessianAffine RootSIFT 0
459.675 473.239 728.36 320.793 0.777932 0.863351 HessianAffine RootSIFT 0
97.9367 384.829 890.931 183.191 0.778126 0.880318 HessianAffine RootSIFT 0
801.706 558.338 707.118 369.979 0.778172 0.99819 HessianAffine RootSIFT 0
733.908 614.444 868.614 394.02 0.778183 0.778183 HessianAffine RootSIFT 0
175.006 167.288 794.048 436.743 0.778273 0.977075 HessianAffine RootSIFT 0
726.368 280.611 842.96 190.743 0.778389 0.778389 HessianAffine RootSIFT 0
699.705 417.395 729.569 285.621 0.778508 0.849805 HessianAffine RootSIFT 0
716.671 290.25 820.345 236.584 0.778624 0.956906 HessianAffine RootSIFT 0
799.833 204.08 540.399 131.016 0.778666 0.861952 HessianAffine RootSIFT 0
361.538 339.237 566.014 237.127 0.779062 0.779062 HessianAffine RootSIFT 0
692.226 269.529 890.824 139.699 0.779111 0.875306 HessianAffine RootSIFT 0
215.913 511.754 880.86 153.76 0.779172 0.996606 HessianAffine RootSIFT 0
716.526 459.212 889.847 189.339 0.77921 0.77921 HessianAffine RootSIFT 0
182.743 602.523 518.731 241.16 0.779248 0.779248 HessianAffine RootSIFT 0
118.476 392.182 534.559 177.642 0.779316 0.779316 HessianAffine RootSIFT 0
451.685 444.195 786.963 334.932 0.779385 0.972716 HessianAffine RootSIFT 0
589.089 258.096 524.062 191.525 0.779482 0.992118 HessianAffine RootSIFT 0
283.339 524.393 906.223 352.543 0.779525 0.779525 MSER RootSIFT 0
718.359 519.236 889.638 353.418 0.779567 0.779567 HessianAffine RootSIFT 0
706.267 308.297 924.269 130.057 0.77961 0.77961 HessianAffine RootSIFT 0
545.886 424.714 507.167 74.6333 0.779656 0.931496 MSER RootSIFT 0
834.381 394.4 429.255 461.033 0.779785 0.918581 HessianAffine RootSIFT 0
75.0237 510.117 388.028 339.404 0.779791 0.815385 HessianAffine RootSIFT 0
779.14 159.751 480.08 383.78 0.779844 0.949169 HessianAffine RootSIFT 0
589.488 96.2782 93.8075 304.056 0.779936 0.779936 HessianAffine RootSIFT 0
462.017 573.589 896.745 355.466 0.779939 0.865022 HessianAffine RootSIFT 0
291.803 351.289 210.128 556.675 0.779988 0.779988 HessianAffine RootSIFT 0
512.026 199.895 456.035 452.128 0.780121 0.999487 MSER RootSIFT 0
631.602 429.348 760.343 138.299 0.780137 0.936722 HessianAffine RootSIFT 0
352.809 513.565 714.045 91.034 0.780162 0.870442 HessianAffine RootSIFT 0
848.336 271.201 715.017 119.573 0.780189 0.867714 HessianAffine RootSIFT 0
443.152 513.357 854.563 315.013 0.780205 0.928321 HessianAffine RootSIFT 0
662.948 233.587 728.332 211.403 0.780315 0.8283 HessianAffine RootSIFT 0
83.263 512.557 568.94 115.492 0.780317 0.964547 HessianAffine RootSIFT 0
68.2079 142.297 867.322 225.294 0.780332 0.903846 HessianAffine RootSIFT 0
585.165 111.83 609.323 148.299 0.780338 0.940306 HessianAffine RootSIFT 0
708.241 300.533 798.758 278.25 0.780445 0.991793 HessianAffine RootSIFT 0
492.777 234.979 453.199 510.913 0.780682 0.780682 HessianAffine RootSIFT 0
279.61 465.188 796.738 237.718 0.780814 0.780814 HessianAffine RootSIFT 0
811.051 526.899 892.891 146.555 0.780934 0.927015 HessianAffine RootSIFT 0
630.753 470.276 798.08 268.959 0.780973 0.808323 HessianAffine RootSIFT 0
422.271 560.66 625.439 232.654 0.78117 0.78117 HessianAffine RootSIFT 0
542.59 88.0031 462.502 160.031 0.78121 0.817527 HessianAffine RootSIFT 0
162.334 416.81 779.507 291.355 0.781266 0.951539 HessianAffine RootSIFT 0
203.297 597.654 427.356 412.919 0.781429 0.861646 HessianAffine RootSIFT 0
429.852 377.366 821.073 194.706 0.781454 0.876652 HessianAffine RootSIFT 0
736.951 552.481 484.221 204.533 0.781581 0.838482 HessianAffine RootSIFT 0
595.421 626.809 417.314 571.998 0.781688 0.781688 HessianAffine RootSIFT 0
426.706 145.462 448.289 391.266 0.781694 0.937437 HessianAffine RootSIFT 1
113.354 272.102 793.495 277.851 0.781702 0.781702 HessianAffine RootSIFT 0
87.994 385.279 730.164 142.609 0.781705 0.964067 HessianAffine RootSIFT 0
894.981 577.73 451.804 573.305 0.781838 0.970009 HessianAffine RootSIFT 0
237.701 460.228 768.901 315.756 0.781839 0.947183 HessianAffine RootSIFT 0
175.972 188.563 409.198 478.207 0.781857 0.781857 HessianAffine RootSIFT 0
303.165 165.542 738.897 83.1481 0.781888 0.781888 HessianAffine RootSIFT 0
625.147 93.7229 444.789 120.316 0.781929 0.823564 HessianAffine RootSIFT 0
683.226 249.144 759.513 206.944 0.781958 0.781958 HessianAffine RootSIFT 1
404.9 391.042 822.302 102.882 0.78196 0.954662 HessianAffine RootSIFT 0
268.403 507.874 910.554 174.46 0.782043 0.782043 HessianAffine RootSIFT 0
653.011 377.034 496.32 72.184 0.782112 0.782112 HessianAffine RootSIFT 0
524.625 617.959 690.666 564.021 0.782173 0.895308 HessianAffine RootSIFT 0
359.359 120.966 559.311 383.211 0.782227 0.996035 HessianAffine RootSIFT 0
720.51 551.955 466.576 388.453 0.78232 0.78232 HessianAffine RootSIFT 0
541.639 387.704 471.759 392.802 0.782348 0.782348 HessianAffine RootSIFT 0
765.39 437.233 907.202 131.987 0.782354 0.960626 HessianAffine RootSIFT 0
212.122 598.802 471.034 444.606 0.782578 0.782578 HessianAffine RootSIFT 0
642.305 318.816 680.416 457.802 0.782599 0.782599 HessianAffine RootSIFT 1
655.709 477.693 377.375 374.313 0.782612 0.852124 HessianAffine RootSIFT 0
805.89 200.896 220.268 528.239 0.782638 0.934727 HessianAffine RootSIFT 0
576.53 105.765 495.465 77.8402 0.782905 0.978523 HessianAffine RootSIFT 0
518.818 85.9894 913.858 286.912 0.782909 0.925205 HessianAffine RootSIFT 0
183.296 212.554 201.414 568.216 0.782992 0.782992 HessianAffine RootSIFT 0
78.3703 323.058 227.94 541.193 0.783038 0.819905 HessianAffine RootSIFT 0
762.209 295.85 919.593 154.883 0.783121 0.990131 HessianAffine RootSIFT 1
137.689 431.297 496.946 414.696 0.783198 0.826952 HessianAffine RootSIFT 0
481.746 88.5258 512.303 212.54 0.783243 0.783243 HessianAffine RootSIFT 1
543.704 444.566 510.44 358.12 0.783272 0.931176 MSER RootSIFT 0
145.252 416.178 723.981 535.114 0.783283 0.783283 HessianAffine RootSIFT 0
771.056 462.665 941.515 176.293 0.783323 0.98529 HessianAffine RootSIFT 0
897.236 478.482 582.541 226.688 0.783332 0.818591 HessianAffine RootSIFT 0
404.094 151.884 426.789 439.492 0.783403 0.904462 HessianAffine RootSIFT 0
230.995 507.448 872.815 301.964 0.783412 0.783412 HessianAffine RootSIFT 0
801.017 433.135 771.653 233.589 0.783425 0.974878 HessianAffine RootSIFT 0
712.464 249.212 810.804 147.125 0.783477 0.981648 HessianAffine RootSIFT 0
302.086 299.146 819.245 201.86 0.78349 0.904754 HessianAffine RootSIFT 0
699.984 383.763 760.47 131.308 0.783518 0.783518 HessianAffine RootSIFT 0
392.14 415.315 851.882 313.018 0.78352 0.78352 HessianAffine RootSIFT 0
845.305 617.991 595.662 591.535 0.783547 0.818947 HessianAffine RootSIFT 0
446.749 372.854 721.071 568.946 0.783549 0.937474 HessianAffine RootSIFT 0
347.947 625.575 484.548 201.338 0.783561 0.951446 HessianAffine RootSIFT 0
867.648 293.041 729.095 341.372 0.783576 0.874838 HessianAffine RootSIFT 0
419.135 496.1 564.465 121.008 0.78358 0.78358 HessianAffine RootSIFT 0
522.007 80.689 436.265 244.782 0.783758 0.783758 HessianAffine RootSIFT 0
748.115 310.923 892.42 226.83 0.783776 0.909241 HessianAffine RootSIFT 0
284.656 509.102 904.172 345.787 0.783862 0.966901 HessianAffine RootSIFT 0
811.367 327.478 815.667 116.706 0.783883 0.991529 HessianAffine RootSIFT 0
597.097 89.6505 439.647 132.979 0.783928 0.956336 HessianAffine RootSIFT 0
625.687 346.269 899.463 159.095 0.784034 0.921003 HessianAffine RootSIFT 0
973.488 245.799 54.7147 373.87 0.78405 0.879101 HessianAffine RootSIFT 0
660.778 232.82 726.856 203.987 0.784073 0.877127 HessianAffine RootSIFT 0
241.738 507.343 551.705 111.592 0.784103 0.95473 HessianAffine RootSIFT 0
775.636 145.552 856.291 77.6413 0.784181 0.852182 HessianAffine RootSIFT 0
563.038 246.893 180.343 591.299 0.784285 0.784285 HessianAffine RootSIFT 0
665.268 258.121 728.463 265.91 0.784333 0.941397 HessianAffine RootSIFT 1
312.13 507.259 463.093 115.883 0.784383 0.784383 HessianAffine RootSIFT 0
545.172 408.216 479.214 378.034 0.784413 0.871223 HessianAffine RootSIFT 0
829.065 375.209 819.245 201.86 0.784507 0.808341 HessianAffine RootSIFT 0
77.1118 499.422 597.853 116.95 0.784569 0.784569 HessianAffine RootSIFT 0
258.748 408.122 795.723 232.361 0.784583 0.981043 HessianAffine RootSIFT 0
920.494 464.934 53.378 346.964 0.784595 0.998232 HessianAffine RootSIFT 0
216.095 410.185 809.402 251.913 0.784711 0.984052 HessianAffine RootSIFT 0
722.824 306.865 830.95 277.998 0.784759 0.784759 HessianAffine RootSIFT 1
919.858 519.049 857.971 321.52 0.784805 0.95955 HessianAffine RootSIFT 0
847.872 272.975 365.295 378.041 0.78489 0.966191 HessianAffine RootSIFT 0
363.899 417.193 507.167 74.6333 0.784971 0.957528 MSER RootSIFT 0
505.878 105.172 532.478 209.771 0.784989 0.784989 HessianAffine RootSIFT 0
416.7 392.346 771.46 213.104 0.785018 0.847914 HessianAffine RootSIFT 0
72.2359 114.917 741.004 320.647 0.785037 0.785037 HessianAffine RootSIFT 0
529.714 571.997 783.783 475.439 0.785046 0.999711 HessianAffine RootSIFT 0
186.522 526.211 387.33 399.425 0.785145 0.785145 MSER RootSIFT 0
560.654 382.269 733.791 278.468 0.785242 0.785242 HessianAffine RootSIFT 0
525.551 310.899 852.039 318.122 0.785342 0.867236 HessianAffine RootSIFT 0
287.431 405.972 892.612 187.929 0.785407 0.957925 HessianAffine RootSIFT 0
162.841 402.242 887.246 194.163 0.785414 0.785414 HessianAffine RootSIFT 0
105.882 41.7539 745.707 49.0543 0.785438 0.962061 HessianAffine RootSIFT 0
707.972 242.838 811.403 129.066 0.785509 0.785509 HessianAffine RootSIFT 0
793.882 467.456 398.576 389.922 0.785542 0.785542 HessianAffine RootSIFT 0
218.138 405.75 807.195 550.699 0.785613 0.785613 HessianAffine RootSIFT 0
266.691 509.777 872.815 301.964 0.785638 0.785638 HessianAffine RootSIFT 0
282.178 245.408 466.576 388.453 0.785689 0.785689 HessianAffine RootSIFT 0
722.063 333.986 910.577 271.675 0.785767 0.963155 HessianAffine RootSIFT 0
808.228 464.439 408.808 485.502 0.785773 0.985127 HessianAffine RootSIFT 0
694.353 521.576 739.707 323.637 0.785813 0.785813 HessianAffine RootSIFT 0
259.723 516.406 466.576 388.453 0.785854 0.836622 HessianAffine RootSIFT 0
177.2 357.609 727.647 288.477 0.78587 0.78587 HessianAffine RootSIFT 0
811.023 307.069 758.985 206.47 0.785939 0.904638 HessianAffine RootSIFT 0
100.139 271.39 742.571 323.56 0.786008 0.786008 HessianAffine RootSIFT 0
580.542 558.646 754.242 86.8505 0.786013 0.786013 HessianAffine RootSIFT 0
223.619 492.003 902.501 246.512 0.786111 0.960163 HessianAffine RootSIFT 0
745.616 594.898 732.189 252.556 0.786125 0.949417 HessianAffine RootSIFT 0
189.281 466.533 912.816 411.787 0.786196 0.813593 HessianAffine RootSIFT 0
783.28 371.552 840.082 127.857 0.786369 0.786369 HessianAffine RootSIFT 0
413.187 262.495 250.85 569.637 0.786451 0.899821 HessianAffine RootSIFT 0
811.777 560.386 743.952 353.321 0.786517 0.973785 HessianAffine RootSIFT 0
600.7 477.32 386.799 341.332 0.786597 0.831557 HessianAffine RootSIFT 0
68.7995 580.859 547.64 248.249 0.786634 0.786634 HessianAffine RootSIFT 0
631.809 426.444 795.209 228.536 0.786686 0.950697 HessianAffine RootSIFT 0
153.832 264.58 34.2525 372.816 0.786752 0.972342 HessianAffine RootSIFT 0
435.215 367.868 190.362 569.668 0.786769 0.955304 HessianAffine RootSIFT 0
271.97 405.187 899.471 138.193 0.786799 0.878549 HessianAffine RootSIFT 0
36.0337 379.228 795.079 599.644 0.786831 0.87791 HessianAffine RootSIFT 0
469.31 96.2564 505.632 242.53 0.786873 0.884672 HessianAffine RootSIFT 0
297.201 496.798 584.598 127.661 0.786976 0.829397 HessianAffine RootSIFT 0
702.639 261.287 793.831 200.848 0.787053 0.99918 HessianAffine RootSIFT 0
583.491 201.966 777.738 370.759 0.78712 0.78712 HessianAffine RootSIFT 0
21.5225 339.582 709.556 192.923 0.787149 0.900097 HessianAffine RootSIFT 0
344.985 298.802 852.039 318.122 0.787217 0.976467 HessianAffine RootSIFT 0
84.0537 506.054 565.92 116.517 0.787391 0.993022 HessianAffine RootSIFT 0
685.064 153.556 186.397 536.19 0.787404 0.944808 HessianAffine RootSIFT 0
615.699 521.268 378.079 376.184 0.787463 0.942034 HessianAffine RootSIFT 0
36.4613 352.575 861.35 188.926 0.787542 0.906629 HessianAffine RootSIFT 0
682.518 247.928 752.807 203.861 0.787575 0.787575 HessianAffine RootSIFT 0
118.857 218.827 729.569 285.621 0.787586 0.867623 HessianAffine RootSIFT 0
754.222 342.232 887.406 317.429 0.78759 0.78759 HessianAffine RootSIFT 0
59.7298 151.839 714.399 133.832 0.787668 0.838218 HessianAffine RootSIFT 0
599.357 200.9 896.264 110.75 0.787673 0.988847 MSER RootSIFT 0
757.287 431.788 894.618 136.519 0.78769 0.930283 HessianAffine RootSIFT 0
547.676 520.946 213.74 552.254 0.787748 0.787748 HessianAffine RootSIFT 0
372.396 300.083 466.576 388.453 0.787811 0.787811 HessianAffine RootSIFT 0
277.669 429.749 901.914 170.458 0.787831 0.966326 HessianAffine RootSIFT 0
491.211 315.381 228.936 527.475 0.787893 0.787893 HessianAffine RootSIFT 0
151.9 422.732 179.991 585.533 0.787961 0.888778 HessianAffine RootSIFT 0
514.184 276.504 432.144 408.439 0.787976 0.878062 HessianAffine RootSIFT 0
648.86 440.893 471.056 254.833 0.787979 0.872586 MSER RootSIFT 0
669.698 490.841 762.629 208.83 0.788012 0.917646 HessianAffine RootSIFT 0
90.3319 356.753 771.187 219.725 0.788048 0.788048 HessianAffine RootSIFT 0
443.338 513.699 860.605 313.183 0.788055 0.910231 HessianAffine RootSIFT 0
894.035 616.128 857.971 321.52 0.788127 0.788127 HessianAffine RootSIFT 0
881.949 360.207 148.491 625.069 0.788181 0.823121 HessianAffine RootSIFT 0
498.726 596.526 938.758 587.073 0.788203 0.985645 HessianAffine RootSIFT 0
702.358 259.331 793.652 192.428 0.788204 0.788204 HessianAffine RootSIFT 1
39.4138 280.983 910.392 217.662 0.788251 0.788251 MSER RootSIFT 0
785.874 199.895 207.782 549.72 0.788294 0.914831 HessianAffine RootSIFT 0
630.23 378.749 71.6654 339.662 0.788304 0.920226 HessianAffine RootSIFT 0
451.555 84.3053 478.897 251.789 0.788321 0.788321 HessianAffine RootSIFT 0
527.157 332.776 817.021 229.905 0.788334 0.950103 HessianAffine RootSIFT 0
817.62 401.679 586.391 233.779 0.78836 0.830781 HessianAffine RootSIFT 0
154.887 550.048 721.924 569.62 0.788409 0.922699 HessianAffine RootSIFT 0
162.263 417.031 887.246 194.163 0.788409 0.873471 HessianAffine RootSIFT 0
27.2782 266.409 785.759 285.863 0.78841 0.999014 HessianAffine RootSIFT 0
561.326 297.799 495.901 74.6332 0.788508 0.788508 HessianAffine RootSIFT 0
68.1711 414.542 302.58 576.629 0.788592 0.788592 HessianAffine RootSIFT 0
809.359 212.357 220.268 528.239 0.788686 0.850759 HessianAffine RootSIFT 0
440.595 54.6932 503.326 108.555 0.788687 0.999543 MSER RootSIFT 0
601.87 386.041 759.798 136.799 0.788687 0.878708 HessianAffine RootSIFT 0
102.211 461.803 896.264 110.75 0.788726 0.788726 MSER RootSIFT 0
363.49 518.81 159.182 610.997 0.788732 0.844422 HessianAffine RootSIFT 0
601.166 148.193 50.1175 385.006 0.788776 0.788776 HessianAffine RootSIFT 0
108.772 361.063 755.51 303.525 0.788801 0.913207 HessianAffine RootSIFT 0
232.789 600.922 436.603 519.5 0.78889 0.78889 MSER RootSIFT 0
920.054 480.396 700.649 613.944 0.788958 0.788958 HessianAffine RootSIFT 0
555.033 104.856 616.591 179.268 0.788963 0.895577 HessianAffine RootSIFT 0
315.297 492.363 624.068 135.369 0.789078 0.915661 HessianAffine RootSIFT 0
893.626 514.464 728.147 284.416 0.789188 0.975007 HessianAffine RootSIFT 0
850.76 572.5 229.529 562.171 0.789232 0.789232 HessianAffine RootSIFT 0
309.387 239.138 706.536 314.93 0.789257 0.968765 HessianAffine RootSIFT 0
483.165 404.41 466.576 388.453 0.789319 0.87831 HessianAffine RootSIFT 0
793.223 358.728 791.863 239.983 0.789363 0.789363 HessianAffine RootSIFT 0
628.16 418.602 466.576 388.453 0.789366 0.946438 HessianAffine RootSIFT 0
125.755 391.451 866.939 213.129 0.789379 0.998229 HessianAffine RootSIFT 0
643.346 177.089 675.488 576.236 0.789383 0.789383 HessianAffine RootSIFT 0
418.187 484.797 565.378 114.394 0.789441 0.960612 HessianAffine RootSIFT 0
459.903 240.249 899.686 370.552 0.789546 0.789546 HessianAffine RootSIFT 0
480.431 253.068 707.533 311.028 0.789686 0.952344 HessianAffine RootSIFT 0
156.816 372.822 721.924 569.62 0.789729 0.789729 HessianAffine RootSIFT 0
743.26 612.219 918.188 155.977 0.789822 0.789822 HessianAffine RootSIFT 0
895.804 441.168 901.922 156.819 0.78983 0.78983 MSER RootSIFT 0
693.243 573.738 967.508 107.147 0.789866 0.962613 HessianAffine RootSIFT 0
694.353 521.576 313.483 546.948 0.789951 0.789951 HessianAffine RootSIFT 0
344.985 298.802 863.314 311.222 0.78999 0.986732 HessianAffine RootSIFT 0
325.174 263.759 507.484 115.382 0.78999 0.78999 HessianAffine RootSIFT 0
737.066 413.845 581.024 140.521 0.789997 0.789997 HessianAffine RootSIFT 0
495.911 485.121 927.556 382.57 0.789998 0.914335 HessianAffine RootSIFT 0
405.567 385.62 820.482 106.232 0.790042 0.97394 HessianAffine RootSIFT 0
708.246 430.274 782.806 240.574 0.790102 0.790102 HessianAffine RootSIFT 0
520.73 177.449 879.063 600.711 0.790114 0.790114 HessianAffine RootSIFT 0
164.086 243.767 895.403 64.0792 0.790158 0.899097 HessianAffine RootSIFT 0
624.109 428.173 796.998 221.368 0.790177 0.790177 HessianAffine RootSIFT 0
622.227 376.489 739.43 334.473 0.790198 0.790198 HessianAffine RootSIFT 0
77.9235 66.9727 378.378 363.663 0.790249 0.924395 HessianAffine RootSIFT 0
396.196 236.903 848.104 494.484 0.790268 0.900301 HessianAffine RootSIFT 0
837.287 389.783 427.803 461.346 0.790396 0.911689 HessianAffine RootSIFT 0
766.418 456.115 907.436 167.857 0.790396 0.790396 HessianAffine RootSIFT 0
549.488 291.401 466.576 388.453 0.790406 0.809183 HessianAffine RootSIFT 0
351.33 309.282 773.857 312.853 0.790442 0.900294 HessianAffine RootSIFT 0
106.287 249.6 948.363 238.729 0.790527 0.989599 HessianAffine RootSIFT 0
433.191 164.462 448.342 422.162 0.790627 0.790627 HessianAffine RootSIFT 0
753.622 278.262 910.154 129.236 0.790633 0.790633 HessianAffine RootSIFT 0
427.145 393.837 870.297 231.573 0.79064 0.957947 HessianAffine RootSIFT 0
857.188 568.671 654.131 613.483 0.790783 0.790783 HessianAffine RootSIFT 0
144.19 53.9829 557.932 109.512 0.79083 0.79083 HessianAffine RootSIFT 0
452.878 588.44 682.579 577.672 0.790849 0.977864 HessianAffine RootSIFT 0
102.696 53.6387 589.327 138.242 0.790917 0.817447 HessianAffine RootSIFT 0
877.441 444.304 895.859 166.834 0.790931 0.801345 HessianAffine RootSIFT 0
559.753 200.658 555.28 181.75 0.79096 0.79096 HessianAffine RootSIFT 0
696.738 268.482 784.378 232.616 0.791005 0.883258 HessianAffine RootSIFT 0
607.669 104.608 449.947 127.007 0.791093 0.905243 HessianAffine RootSIFT 0
73.835 523.153 551.531 96.783 0.791103 0.791103 HessianAffine RootSIFT 0
637.856 471.173 783.519 281.936 0.791118 0.850424 HessianAffine RootSIFT 0
601.874 122.569 465.272 119.918 0.791133 0.831518 HessianAffine RootSIFT 0
689.777 249.627 465.479 118.923 0.791203 0.873386 HessianAffine RootSIFT 0
154.917 279.405 46.6425 383.096 0.791271 0.913329 HessianAffine RootSIFT 0
722.831 508.105 535.73 269.975 0.79131 0.966655 HessianAffine RootSIFT 0
609.091 261.784 225.945 559.303 0.791392 0.865918 HessianAffine RootSIFT 0
144.779 419.161 719.069 407.605 0.791496 0.820646 HessianAffine RootSIFT 0
491.433 179.985 947.64 347.963 0.791514 0.791514 HessianAffine RootSIFT 0
493.411 401.364 466.576 388.453 0.791514 0.811031 HessianAffine RootSIFT 0
810.195 512.405 588.059 129.922 0.791546 0.955263 HessianAffine RootSIFT 0
951.612 464.779 911.645 348.3 0.791565 0.791565 HessianAffine RootSIFT 0
703.797 469.044 799.811 132.47 0.791624 0.791624 HessianAffine RootSIFT 0
599.684 117.072 465.272 119.918 0.791785 0.822492 HessianAffine RootSIFT 0
284.536 505.504 886.735 132.747 0.791803 0.954906 HessianAffine RootSIFT 0
385.812 279.693 461.232 467.97 0.791837 0.843406 HessianAffine RootSIFT 0
664.929 230.521 735.731 192.251 0.791861 0.791861 HessianAffine RootSIFT 0
60.1825 179.671 915.814 108.387 0.791918 0.993813 HessianAffine RootSIFT 0
577.389 598.248 587.051 488.852 0.79196 0.79196 HessianAffine RootSIFT 0
775.366 654.435 840.649 51.8692 0.792093 0.792093 HessianAffine RootSIFT 0
349.479 479.162 760.47 131.308 0.792129 0.888806 HessianAffine RootSIFT 0
304.7 377.957 373.807 403.319 0.792134 0.838992 HessianAffine RootSIFT 0
645.289 374.909 373.4 407.044 0.792294 0.792294 HessianAffine RootSIFT 0
535.151 206.867 446.902 481.347 0.792314 0.966674 HessianAffine RootSIFT 0
77.3732 458.638 496.783 337.844 0.792353 0.955278 HessianAffine RootSIFT 0
310.088 316.102 745.704 62.0076 0.79236 0.912762 HessianAffine RootSIFT 0
940.45 599.382 889.521 227.862 0.792401 0.831614 HessianAffine RootSIFT 0
671.487 551.753 690.408 582.699 0.792483 0.970671 HessianAffine RootSIFT 0
749.848 472.425 690.24 594.864 0.792487 0.792487 HessianAffine RootSIFT 0
625.737 320.346 805.612 225.718 0.792513 0.792513 HessianAffine RootSIFT 0
100.139 271.39 892.295 188.845 0.792564 0.982241 HessianAffine RootSIFT 0
765.016 502.474 900.821 347.292 0.792599 0.932397 HessianAffine RootSIFT 0
380.942 472.25 471.697 137.27 0.792788 0.988898 HessianAffine RootSIFT 0
111.847 148.761 710.037 533.379 0.792831 0.792831 HessianAffine RootSIFT 0
481.474 274.161 770.975 265.3 0.792855 0.908184 HessianAffine RootSIFT 0
541.105 322 567.882 216.142 0.792857 0.792857 MSER RootSIFT 0
906.828 466.513 743.634 326.179 0.792877 0.792877 HessianAffine RootSIFT 0
167.872 543.947 738.041 388.944 0.792977 0.792977 HessianAffine RootSIFT 0
80.8126 504.905 569.776 108.289 0.792979 0.980088 HessianAffine RootSIFT 0
726.808 404.493 637.302 145.392 0.793055 0.974691 HessianAffine RootSIFT 0
709.92 285.374 803.958 241.886 0.793057 0.856413 HessianAffine RootSIFT 0
359.371 461.381 237.195 564.851 0.79312 0.808633 HessianAffine RootSIFT 0
914.272 515.109 730.822 240.506 0.793135 0.85976 HessianAffine RootSIFT 0
433.686 26.4642 220.238 552.615 0.793144 0.793144 HessianAffine RootSIFT 0
155.641 432.587 770.62 288.943 0.793192 0.931339 HessianAffine RootSIFT 0
79.9217 171.503 45.5579 355.643 0.793198 0.819907 HessianAffine RootSIFT 0
746.714 613.876 906.727 138.538 0.793284 0.793284 HessianAffine RootSIFT 0
660.521 243.341 724.825 225.391 0.793323 0.997588 MSER RootSIFT 0
608.591 400.371 442.284 432.003 0.793325 0.793325 HessianAffine RootSIFT 0
839.925 394.775 905.349 78.4894 0.793356 0.90594 HessianAffine RootSIFT 0
501.612 106.266 528.138 216.211 0.793385 0.861257 HessianAffine RootSIFT 1
147.893 636.215 723.304 571.339 0.793455 0.793455 HessianAffine RootSIFT 0
361.674 410.566 505.625 70.8385 0.793591 0.793591 HessianAffine RootSIFT 0
756.373 421.878 887.824 124.823 0.793633 0.793633 HessianAffine RootSIFT 0
81.5233 504.792 576.22 108.344 0.793649 0.793649 HessianAffine RootSIFT 0
886.188 437.728 914.425 355.904 0.793654 0.997399 HessianAffine RootSIFT 0
445.677 178.842 507.268 430.959 0.793797 0.912161 HessianAffine RootSIFT 0
747.523 595.971 525.351 514.467 0.793799 0.793799 HessianAffine RootSIFT 0
636.83 191.303 898.044 329.517 0.793874 0.98949 HessianAffine RootSIFT 0
125.934 67.2917 603.893 210.031 0.793884 0.974529 HessianAffine RootSIFT 0
859.347 609.539 595.662 591.535 0.793891 0.895456 HessianAffine RootSIFT 0
897.548 517.147 724.449 293.158 0.793946 0.793946 HessianAffine RootSIFT 0
874.597 442.31 908.768 239.811 0.794012 0.848377 HessianAffine RootSIFT 0
549.563 264.387 206.106 550.296 0.794051 0.819968 HessianAffine RootSIFT 0
612.036 474.169 84.9869 329.682 0.794055 0.923921 HessianAffine RootSIFT 0
435.652 362.9 808.847 259.78 0.794063 0.977764 HessianAffine RootSIFT 0
782.825 124.421 49.5806 368.876 0.794104 0.99866 HessianAffine RootSIFT 0
927.494 380.734 728.867 549.275 0.794143 0.794143 HessianAffine RootSIFT 0
160.739 203.857 773.822 288.936 0.794168 0.818912 HessianAffine RootSIFT 0
724.752 291.067 836.722 228.806 0.794202 0.873677 HessianAffine RootSIFT 1
87.7137 166.514 721.816 569.059 0.794224 0.895848 HessianAffine RootSIFT 0
177.965 384.882 810.524 127.115 0.794248 0.794248 HessianAffine RootSIFT 0
127.631 327.575 723.467 288.642 0.794369 0.935146 HessianAffine RootSIFT 0
554.725 412.319 845.41 170.309 0.794446 0.794446 HessianAffine RootSIFT 0
754.657 190.223 424.384 345.128 0.794468 0.794468 HessianAffine RootSIFT 0
378.274 405.255 882.177 140.657 0.794495 0.964533 HessianAffine RootSIFT 0
686.487 265.654 876.297 148.838 0.794508 0.929952 HessianAffine RootSIFT 0
371.368 204.324 368.66 575.923 0.794532 0.794532 HessianAffine RootSIFT 0
466.637 467.402 892.612 187.929 0.794544 0.972714 HessianAffine RootSIFT 0
128.035 360.368 868.468 188.834 0.794565 0.840885 HessianAffine RootSIFT 0
321.741 152.726 517.264 417.293 0.794623 0.982308 HessianAffine RootSIFT 0
587.326 121.809 385.374 347.231 0.794637 0.925037 HessianAffine RootSIFT 0
719.143 260.268 825.891 165.479 0.794657 0.794657 HessianAffine RootSIFT 0
718.818 383.118 839.588 158.948 0.794689 0.794689 HessianAffine RootSIFT 0
256.262 152.573 913.264 643.383 0.794712 0.794712 HessianAffine RootSIFT 0
485.023 296.508 777.779 206.284 0.794717 0.895163 HessianAffine RootSIFT 0
790.803 202.311 203.75 550.866 0.794741 0.967055 HessianAffine RootSIFT 0
78.8852 517.422 564.284 100.33 0.794806 0.974367 HessianAffine RootSIFT 0
557.077 478.674 763.04 125.323 0.794846 0.794846 HessianAffine RootSIFT 0
269.568 234.986 50.2495 358.648 0.794848 0.975519 HessianAffine RootSIFT 0
276.406 567.21 466.576 388.453 0.794861 0.794861 HessianAffine RootSIFT 0
641.251 202.067 759.881 354.045 0.794946 0.794946 HessianAffine RootSIFT 0
794.88 381.004 850.06 49.8945 0.795034 0.795034 HessianAffine RootSIFT 0
725.697 269.425 840.387 166.163 0.795057 0.831803 HessianAffine RootSIFT 1
743.941 347.983 238.382 550.544 0.79507 0.978479 HessianAffine RootSIFT 0
607.982 476.051 568.346 119.549 0.795108 0.941667 HessianAffine RootSIFT 0
674.701 594.885 735.793 349.227 0.795177 0.795177 HessianAffine RootSIFT 0
553.088 206.073 539.285 147.999 0.795226 0.795226 HessianAffine RootSIFT 0
24.8911 230.151 877.617 198.094 0.795259 0.924885 HessianAffine RootSIFT 0
599.653 317.771 872.815 301.964 0.795284 0.795284 HessianAffine RootSIFT 0
486.789 509.21 680.416 457.802 0.795393 0.840092 HessianAffine RootSIFT 0
703.18 351.323 854.387 53.1711 0.795407 0.941334 HessianAffine RootSIFT 0
23.4145 261.851 877.074 197.79 0.795527 0.901088 HessianAffine RootSIFT 0
361.634 85.3164 517.612 307.121 0.795555 0.840779 HessianAffine RootSIFT 0
343.35 172.859 584.559 247.972 0.795567 0.795567 HessianAffine RootSIFT 0
452.071 545.148 850.861 220.043 0.795648 0.795648 HessianAffine RootSIFT 0
287.922 509.971 552.126 117.052 0.795657 0.998628 HessianAffine RootSIFT 0
35.5931 550.762 379.854 349.633 0.795691 0.900308 HessianAffine RootSIFT 0
394.928 453.419 434.673 477.33 0.795702 0.936819 HessianAffine RootSIFT 0
710.735 258.813 812.296 175.885 0.795708 0.942509 HessianAffine RootSIFT 0
810.778 433.955 559.72 358.061 0.795751 0.795751 MSER RootSIFT 0
588.021 262.922 519.715 198.155 0.795884 0.992457 HessianAffine RootSIFT 0
552.69 538.085 466.753 498.16 0.795906 0.795906 HessianAffine RootSIFT 0
437.997 538.301 817.055 230.176 0.795925 0.956844 HessianAffine RootSIFT 0
421.931 354.154 491.215 112.131 0.795999 0.795999 HessianAffine RootSIFT 0
163.462 138.605 887.246 194.163 0.796001 0.796001 HessianAffine RootSIFT 0
574.275 555.218 716.209 559.216 0.796021 0.796021 HessianAffine RootSIFT 0
127.27 517.327 612.874 140.364 0.796088 0.996762 HessianAffine RootSIFT 0
200.252 392.719 889 144.75 0.79609 0.79609 MSER RootSIFT 0
870.643 392.042 503.863 374.564 0.796191 0.94654 HessianAffine RootSIFT 0
910.552 595.555 764.614 468.721 0.796195 0.796195 HessianAffine RootSIFT 0
891.018 574.53 779.714 534.993 0.796208 0.999964 HessianAffine RootSIFT 0
740.335 192.212 404.986 403.397 0.796231 0.796231 HessianAffine RootSIFT 0
350.455 463.245 842.538 173.753 0.796233 0.970283 HessianAffine RootSIFT 0
38.4206 651.132 731.654 570.168 0.796266 0.832042 HessianAffine RootSIFT 0
475.939 317.472 190.362 569.668 0.796299 0.902654 HessianAffine RootSIFT 0
300.46 294.896 379.863 366.861 0.79634 0.79634 HessianAffine RootSIFT 0
109.364 528.098 836.492 171.309 0.796388 0.972271 HessianAffine RootSIFT 0
784.176 406.702 608.794 129.872 0.796418 0.975675 HessianAffine RootSIFT 0
685.231 214.574 267.15 577.39 0.796448 0.796448 HessianAffine RootSIFT 0
554.196 191.14 513.119 314.238 0.79654 0.79654 HessianAffine RootSIFT 0
891.961 428.122 901.345 150.649 0.796565 0.935831 HessianAffine RootSIFT 0
851.641 429.215 625.523 452.96 0.796573 0.796573 HessianAffine RootSIFT 0
885.058 488.459 971.217 465.849 0.796606 0.959194 HessianAffine RootSIFT 0
873.468 605.991 920.342 622.934 0.796652 0.899026 HessianAffine RootSIFT 0
184.519 101.732 527.422 164.748 0.796654 0.796654 HessianAffine RootSIFT 0
28.7647 456.294 671.347 186.285 0.796724 0.980564 HessianAffine RootSIFT 0
234.463 375.269 718.229 580.821 0.79677 0.990151 HessianAffine RootSIFT 0
438.431 401.791 742.998 378.363 0.796914 0.874264 HessianAffine RootSIFT 0
759.328 215.612 225.945 559.303 0.796955 0.826892 HessianAffine RootSIFT 0
371.08 278.86 247.012 564.907 0.796962 0.907353 HessianAffine RootSIFT 0
82.3089 234.961 745.727 57.5806 0.797025 0.797025 HessianAffine RootSIFT 0
358.139 277.888 473.29 399.024 0.79706 0.837349 HessianAffine RootSIFT 0
101.195 460.819 907.718 163.902 0.79707 0.79707 HessianAffine RootSIFT 0
651.924 472.196 737.884 173.562 0.797082 0.882744 HessianAffine RootSIFT 0
334.124 232.916 218.807 555.917 0.797106 0.797106 HessianAffine RootSIFT 0
88.4788 468.727 800.023 206.639 0.797124 0.797124 HessianAffine RootSIFT 0
157.463 270.05 38.5984 367.92 0.797302 0.999679 HessianAffine RootSIFT 0
619.924 376.396 722.035 631.376 0.797303 0.866327 HessianAffine RootSIFT 0
774.856 607.089 892.612 187.929 0.797314 0.973479 HessianAffine RootSIFT 0
131.648 88.6078 706.572 313.435 0.797396 0.932643 HessianAffine RootSIFT 0
950.021 298.976 645.707 212.951 0.797437 0.909649 HessianAffine RootSIFT 0
405.918 74.8684 437.379 300.218 0.797455 0.797455 HessianAffine RootSIFT 0
686.215 243.849 876.674 357.762 0.797464 0.856134 HessianAffine RootSIFT 0
154.796 225.777 771.41 287.856 0.797479 0.889044 HessianAffine RootSIFT 0
361.762 439.699 820.214 99.381 0.797487 0.797487 MSER RootSIFT 0
155.903 401.194 976.017 289.271 0.797492 0.912173 HessianAffine RootSIFT 0
795.559 407.624 805.371 213.187 0.79753 0.872106 HessianAffine RootSIFT 0
950.698 469.322 386.799 341.332 0.797539 0.937307 HessianAffine RootSIFT 0
952.119 465.799 233.155 540.61 0.797704 0.955192 HessianAffine RootSIFT 0
540.638 296.019 454.26 463.555 0.797807 0.818851 HessianAffine RootSIFT 0
465.282 74.4214 498.147 211.368 0.797833 0.978982 HessianAffine RootSIFT 1
215.973 598.226 303.904 586.025 0.797933 0.964073 HessianAffine RootSIFT 0
582.952 556.807 422.721 546.309 0.79796 0.79796 HessianAffine RootSIFT 0
949.898 424.249 859.021 320.773 0.797971 0.797971 HessianAffine RootSIFT 0
85.577 231.522 762.7 139.092 0.798036 0.861004 HessianAffine RootSIFT 0
704.693 475.259 448.676 464.983 0.79804 0.916297 HessianAffine RootSIFT 0
713.722 465.068 222.139 560.21 0.798082 0.959779 HessianAffine RootSIFT 0
567.329 243.871 572.538 404.275 0.798083 0.971612 HessianAffine RootSIFT 0
314.433 352.446 745.637 53.6937 0.798087 0.97933 HessianAffine RootSIFT 0
867.904 534.995 746.031 620.061 0.79813 0.79813 HessianAffine RootSIFT 0
936.122 500.969 742.998 378.363 0.798138 0.88769 HessianAffine RootSIFT 0
109.538 43.2381 591.555 108.697 0.798147 0.985396 HessianAffine RootSIFT 0
719.726 459.545 732.151 240.455 0.798153 0.813199 HessianAffine RootSIFT 0
285.367 445.187 895.684 117.224 0.798194 0.977342 HessianAffine RootSIFT 0
515.163 300.451 591.833 131.281 0.798208 0.960518 HessianAffine RootSIFT 0
215.802 303.695 595.417 351.635 0.798324 0.798324 HessianAffine RootSIFT 0
360.522 464.608 728.128 216.785 0.798349 0.958769 HessianAffine RootSIFT 0
24.9436 426.775 911.253 308.359 0.79835 0.821926 HessianAffine RootSIFT 0
87.5053 238.876 745.637 53.6937 0.798365 0.926585 HessianAffine RootSIFT 0
861.924 376.39 905.509 225.087 0.798414 0.981849 HessianAffine RootSIFT 0
318.747 134.394 955.665 197.638 0.798428 0.957494 HessianAffine RootSIFT 0
787.932 414.884 243.717 558.941 0.798443 0.865692 HessianAffine RootSIFT 0
603.694 191.731 692.075 445.401 0.798457 0.961099 HessianAffine RootSIFT 0
77.424 105.942 817.841 315.919 0.798475 0.798475 HessianAffine RootSIFT 0
24.9773 231.551 732.152 187.331 0.798499 0.966935 HessianAffine RootSIFT 0
100.291 266.129 873.702 199.355 0.798528 0.93983 HessianAffine RootSIFT 0
498.078 305.437 860.908 120.111 0.798546 0.798546 HessianAffine RootSIFT 0
705.882 511.597 748.63 313.883 0.798546 0.816559 HessianAffine RootSIFT 0
698.182 279.463 784.266 178.759 0.798663 0.798663 HessianAffine RootSIFT 0
762.184 196.215 207.782 549.72 0.798696 0.826241 HessianAffine RootSIFT 0
493.938 86.5484 518.521 191.123 0.798715 0.798715 HessianAffine RootSIFT 0
711.914 504.894 872.508 419.707 0.798716 0.879601 HessianAffine RootSIFT 0
83.5976 243.064 745.445 52.3483 0.798823 0.977745 HessianAffine RootSIFT 0
595.921 266.829 806.652 114.129 0.798898 0.830083 HessianAffine RootSIFT 0
598.322 323.333 800.829 211.538 0.798928 0.988894 HessianAffine RootSIFT 0
434.903 158.99 511.252 423.06 0.798942 0.857558 HessianAffine RootSIFT 0
380.149 511.565 624.969 129.881 0.798951 0.975143 HessianAffine RootSIFT 0
528.313 401.098 427.698 416.193 0.798979 0.798979 HessianAffine RootSIFT 0
382.205 330.26 387.143 492.835 0.798992 0.922015 HessianAffine RootSIFT 0
753.549 478.256 567.37 159.34 0.799003 0.98042 HessianAffine RootSIFT 0
71.2755 148.588 867.322 225.294 0.799031 0.799031 HessianAffine RootSIFT 0
705.584 517.532 585.523 255.28 0.799163 0.799163 HessianAffine RootSIFT 0
334.847 295.597 594.068 255.498 0.799177 0.889957 HessianAffine RootSIFT 0
755.081 139.329 154.814 617.396 0.799193 0.95819 HessianAffine RootSIFT 0
704.884 290.187 909.528 161.49 0.799245 0.974981 HessianAffine RootSIFT 0
544.344 493.121 887.343 139.806 0.79926 0.79926 HessianAffine RootSIFT 0
232.952 508.129 550.766 118.598 0.799511 0.999643 HessianAffine RootSIFT 0
88.0209 559.123 225.945 559.303 0.799551 0.879269 HessianAffine RootSIFT 0
151.947 52.212 611.116 132.245 0.799562 0.926759 HessianAffine RootSIFT 0
29.4436 455.232 572.283 115.087 0.799626 0.799626 HessianAffine RootSIFT 0
276.47 415.58 901.914 170.458 0.799644 0.879643 HessianAffine RootSIFT 0
188.805 360.1 467.83 118.934 0.799644 0.948982 HessianAffine RootSIFT 0
445.669 197.428 677.531 403.724 0.799655 0.799655 HessianAffine RootSIFT 0
105.657 235.619 292.452 556.454 0.79981 0.919372 HessianAffine RootSIFT 0
629.983 467.39 902.325 175.236 0.799813 0.957162 HessianAffine RootSIFT 0
229.613 575.719 502.783 340.211 0.799845 0.799845 HessianAffine RootSIFT 0
458.431 445.905 901.812 162.973 0.799886 0.799886 HessianAffine RootSIFT 0
342.989 299.445 447.108 454.525 0.799916 0.799916 HessianAffine RootSIFT 0
533.75 393.458 695.19 493.18 0.799922 0.991615 HessianAffine RootSIFT 0
349.55 184 357.117 558.053 0.800671 0.800671 MSER RootSIFT 0
703.341 302.273 785.19 302.659 0.800978 0.982014 MSER RootSIFT 0
630.338 451.724 783.639 302.897 0.801703 0.923862 MSER RootSIFT 0
103.469 324.219 507.23 361.452 0.801819 0.897291 MSER RootSIFT 0
616.099 229.585 896.264 110.75 0.802108 0.99511 MSER RootSIFT 0
357.635 269.527 896.264 110.75 0.802212 0.997138 MSER RootSIFT 0
364.585 446.009 503.441 73.8333 0.804936 0.804936 MSER RootSIFT 0
104.63 237.676 788.579 253.608 0.805323 0.805323 MSER RootSIFT 0
48.7439 585.11 703.789 589.1 0.805431 0.805431 MSER RootSIFT 0
464.042 499.741 216.221 559.827 0.806291 0.806291 MSER RootSIFT 0
221.333 151.806 647.177 490.065 0.806492 0.806492 MSER RootSIFT 0
103.851 351.912 896.264 110.75 0.806587 0.806587 MSER RootSIFT 0
729.838 287.889 439.149 583.311 0.807934 0.807934 MSER RootSIFT 0
279 440 901.591 154.428 0.808862 0.808862 MSER RootSIFT 0
912.239 469.174 500.318 146.068 0.809476 0.809476 MSER RootSIFT 0
537.037 303.79 452.844 471.604 0.809681 0.978729 MSER RootSIFT 0
105.241 322.603 882.508 206.746 0.809879 0.809879 MSER RootSIFT 0
99.7124 470.622 899.756 474.988 0.80989 0.80989 MSER RootSIFT 0
239.793 135.042 508.849 95.9884 0.811315 0.811315 MSER RootSIFT 0
538.273 306.654 288.985 552.379 0.811876 0.811876 MSER RootSIFT 0
726.207 539.121 471.056 254.833 0.812905 0.865467 MSER RootSIFT 0
103.948 482.968 346.481 599.346 0.812968 0.812968 MSER RootSIFT 0
445.766 222.382 896.264 110.75 0.813259 0.99676 MSER RootSIFT 0
919.853 451.647 860.903 290.974 0.813347 0.813347 MSER RootSIFT 0
79.9663 163.126 526.725 139.575 0.81335 0.896308 MSER RootSIFT 0
285.896 439.5 787.235 334.529 0.813577 0.813577 MSER RootSIFT 0
292.5 448 788.579 253.608 0.814263 0.814263 MSER RootSIFT 0
392.31 192.892 424.336 493.355 0.814497 0.814497 MSER RootSIFT 0
134.415 287.628 910.392 217.662 0.815649 0.815649 MSER RootSIFT 0
536.598 340.305 424.593 456.78 0.816452 0.816452 MSER RootSIFT 0
228.328 519.234 896.264 110.75 0.816863 0.816863 MSER RootSIFT 0
982.3 621.667 511.82 358.771 0.817288 0.906158 MSER RootSIFT 0
427.304 284.196 301.286 561.167 0.818038 0.818038 MSER RootSIFT 0
377.357 595.554 756.034 404.197 0.818195 0.818195 MSER RootSIFT 0
625.551 454.076 512.304 360.545 0.818302 0.921726 MSER RootSIFT 0
813.233 447.522 471.056 254.833 0.818391 0.818391 MSER RootSIFT 0
777.71 471.747 776.071 124.77 0.819163 0.819163 MSER RootSIFT 0
711.571 440.735 510.44 358.12 0.820078 0.93751 MSER RootSIFT 0
116.1 286.278 910.392 217.662 0.821227 0.821227 MSER RootSIFT 0
829.568 52.3864 187.329 619.1 0.821746 0.821746 MSER RootSIFT 0
586.826 115.912 387.33 399.425 0.82226 0.82226 MSER RootSIFT 0
215.254 126.659 412.972 601.361 0.82262 0.82262 MSER RootSIFT 0
745.676 265.838 894.363 107.234 0.822735 0.822735 MSER RootSIFT 0
107.508 231.313 506.045 74.5979 0.823333 0.974791 MSER RootSIFT 0
917.488 450.671 487.485 144.817 0.824284 0.824284 MSER RootSIFT 0
544.281 399.917 882.508 206.746 0.824474 0.990621 MSER RootSIFT 0
434.325 44.0991 503.906 96.889 0.825033 0.825033 MSER RootSIFT 0
358.297 286.554 560.885 338.218 0.825063 0.825063 MSER RootSIFT 0
455.347 440.264 790.289 407.155 0.825496 0.937702 MSER RootSIFT 0
246.526 184.933 505.693 363.344 0.825646 0.895439 MSER RootSIFT 0
531.318 351.518 551.026 326.079 0.825692 0.825692 MSER RootSIFT 0
360.285 447.193 820.214 99.381 0.826528 0.826528 MSER RootSIFT 0
865.5 83.7258 187.329 619.1 0.826815 0.826815 MSER RootSIFT 0
101.069 344.789 478.887 201.925 0.827923 0.827923 MSER RootSIFT 0
897.828 500.621 617.773 482.659 0.828012 0.828012 MSER RootSIFT 0
589.839 121.585 391.587 336.022 0.82805 0.82805 MSER RootSIFT 0
77.4375 305.312 724.512 223.512 0.828693 0.864581 MSER RootSIFT 0
98.383 586.506 474.156 186.828 0.829289 0.958044 MSER RootSIFT 0
858.796 476.216 840.485 259 0.829332 0.829332 MSER RootSIFT 0
705.831 337.857 784.914 367.345 0.829938 0.829938 MSER RootSIFT 0
644.232 421.256 890.315 99.2641 0.830378 0.928539 MSER RootSIFT 0
458.382 331.029 542.657 174.661 0.830475 0.830475 MSER RootSIFT 0
366.567 519.811 740.946 163.485 0.830649 0.98915 MSER RootSIFT 0
795.62 309.16 785.19 302.659 0.831173 0.997565 MSER RootSIFT 0
79.8571 419.964 708.802 584.787 0.832203 0.920218 MSER RootSIFT 0
248.754 190.228 503.257 364.786 0.832266 0.959975 MSER RootSIFT 0
705.475 334.375 474.156 186.828 0.832414 0.95018 MSER RootSIFT 0
368.013 441.387 851.875 48.1042 0.832568 0.832568 MSER RootSIFT 0
438.654 29.5769 751.5 375.419 0.833584 0.833584 MSER RootSIFT 0
850.457 486.322 819.423 273.295 0.833953 0.833953 MSER RootSIFT 0
584.866 144.549 896.264 110.75 0.833974 0.995657 MSER RootSIFT 0
106.274 244.575 740.946 163.485 0.834141 0.986343 MSER RootSIFT 0
480.507 164.855 506.695 367.371 0.834744 0.932339 MSER RootSIFT 0
609.553 340.359 507.23 361.452 0.834899 0.991108 MSER RootSIFT 0
962.447 459.024 863.386 489.25 0.835115 0.835115 MSER RootSIFT 0
768.278 467.599 673.393 571.276 0.835564 0.995144 MSER RootSIFT 0
895.779 439.832 897.3 132.933 0.835979 0.996251 MSER RootSIFT 0
710.972 379.972 507.347 187.992 0.836306 0.836306 MSER RootSIFT 0
640.312 525.979 507.167 74.6333 0.836378 0.997044 MSER RootSIFT 0
711.314 363.221 923.184 200.632 0.836722 0.836722 MSER RootSIFT 0
548.656 524.682 425.75 448.945 0.836822 0.984345 MSER RootSIFT 0
733.312 613.25 567.882 216.142 0.836849 0.836849 MSER RootSIFT 0
175.841 217.432 787.235 334.529 0.836904 0.921613 MSER RootSIFT 0
833.216 287.188 720.309 121.351 0.838057 0.838057 MSER RootSIFT 0
776.533 537.139 471.056 254.833 0.839109 0.839109 MSER RootSIFT 0
103.511 433.557 507.23 361.452 0.839161 0.839161 MSER RootSIFT 0
97.0357 284.911 910.392 217.662 0.839164 0.839164 MSER RootSIFT 0
275.396 541.7 424.336 493.355 0.839407 0.839407 MSER RootSIFT 0
226.194 207.006 504.947 361.162 0.839488 0.943235 MSER RootSIFT 0
900.124 480.299 934.425 579.545 0.83953 0.83953 MSER RootSIFT 0
286.594 447.17 466.082 473.321 0.840279 0.840279 MSER RootSIFT 0
610.609 209.072 896.264 110.75 0.840298 0.874941 MSER RootSIFT 0
563.159 243.085 507.23 361.452 0.840327 0.840327 MSER RootSIFT 0
718.242 513.145 890.315 99.2641 0.840358 0.977639 MSER RootSIFT 0
454.204 321.796 692.796 445.426 0.840395 0.840395 MSER RootSIFT 0
688.5 430 531.449 344.654 0.840832 0.840832 MSER RootSIFT 0
705.238 540.162 709.437 432.721 0.841367 0.841367 MSER RootSIFT 0
634.5 534.302 777.622 128.709 0.842536 0.842536 MSER RootSIFT 0
244.965 325.337 785.19 302.659 0.842804 0.96601 MSER RootSIFT 0
295.828 88.4573 447.719 471.656 0.843212 0.843212 MSER RootSIFT 0
406.631 159.357 428.157 452.615 0.843291 0.944711 MSER RootSIFT 0
593 174.716 789.92 157.58 0.843767 0.843767 MSER RootSIFT 0
238.313 150.229 814.533 534.93 0.843924 0.843924 MSER RootSIFT 0
360.274 430.879 845.71 153.355 0.844213 0.844213 MSER RootSIFT 0
813 449 424.593 456.78 0.844357 0.929002 MSER RootSIFT 0
536.154 284.582 549.643 261.129 0.844609 0.844609 MSER RootSIFT 0
715.5 367.633 951.661 407.763 0.844772 0.906201 MSER RootSIFT 0
336.96 112.68 431.447 447.506 0.844802 0.844802 MSER RootSIFT 0
744.951 328.2 219.541 568.05 0.845573 0.918026 MSER RootSIFT 0
477.761 186.446 567.882 216.142 0.845784 0.845784 MSER RootSIFT 0
56.1923 395.885 765.167 312.567 0.846144 0.846144 MSER RootSIFT 0
761.288 152.994 510.44 358.12 0.84615 0.898184 MSER RootSIFT 0
924.841 524.021 567.737 208.5 0.846431 0.846431 MSER RootSIFT 0
774.545 538.045 908.192 159.481 0.846627 0.846627 MSER RootSIFT 0
403.03 162.025 421.77 457.394 0.846653 0.981795 MSER RootSIFT 0
476.766 319.147 696.058 354.302 0.846978 0.99169 MSER RootSIFT 0
177.749 123.093 612.191 519.185 0.847987 0.851498 MSER RootSIFT 0
780.743 315.473 520.112 149.439 0.848507 0.848507 MSER RootSIFT 0
239.555 343.075 875.7 535.715 0.848716 0.848716 MSER RootSIFT 0
322.206 132.004 922.459 186.878 0.848724 0.848724 MSER RootSIFT 0
913.044 430.377 506.801 362.522 0.849862 0.944578 MSER RootSIFT 0
444.375 170.854 459.356 417.285 0.849924 0.849924 MSER RootSIFT 1
