837.12 249.528 477.772 232.234 0.315739 0.315739 HessianAffine RootSIFT 0
466.51 243.25 328.731 446.294 0.357715 0.940503 MSER RootSIFT 0
511.802 332.752 318.877 614.187 0.359685 0.359685 HessianAffine RootSIFT 0
471.824 243.389 328.731 446.294 0.372008 0.987665 MSER RootSIFT 1
853.749 337.354 456.717 459.305 0.381907 0.381907 HessianAffine RootSIFT 0
456.266 369.324 293.519 714.525 0.385448 0.385448 HessianAffine RootSIFT 0
417.164 330.92 294.844 645.424 0.389897 0.389897 HessianAffine RootSIFT 0
757.08 207.782 444.509 192.286 0.396536 0.396536 HessianAffine RootSIFT 0
432.296 350.572 289.985 685.696 0.414862 0.414862 MSER RootSIFT 0
372.706 277.537 293.178 560.792 0.416633 0.416633 HessianAffine RootSIFT 0
519.775 247.213 340.491 440.635 0.432187 0.432187 MSER RootSIFT 0
769.397 276.303 432.284 351.831 0.437965 0.437965 HessianAffine RootSIFT 0
866.014 277.686 482.71 282.869 0.440637 0.440637 HessianAffine RootSIFT 0
538.124 399.229 309.469 755.656 0.453302 0.453302 HessianAffine RootSIFT 0
407.303 340.496 432.284 351.831 0.453308 0.453308 HessianAffine RootSIFT 0
403.505 209.131 456.717 459.305 0.459703 0.459703 HessianAffine RootSIFT 0
754.871 240.613 436.101 273.043 0.475956 0.475956 HessianAffine RootSIFT 1
765.977 248.542 448.086 274.38 0.477086 0.477086 HessianAffine RootSIFT 0
890.3 383.197 459.694 563.898 0.486266 0.486266 HessianAffine RootSIFT 0
601.331 279.14 369.597 450.873 0.507272 0.507272 HessianAffine RootSIFT 0
286.244 458.57 441.525 797.72 0.520159 0.520159 MSER RootSIFT 0
758.608 251.881 531.599 157.593 0.521581 0.521581 HessianAffine RootSIFT 0
650.5 463.603 324.12 876.905 0.52358 0.52358 MSER RootSIFT 0
386.093 372.123 531.599 157.593 0.524402 0.524402 HessianAffine RootSIFT 0
706.52 378.092 374.673 640.822 0.528378 0.528378 MSER RootSIFT 1
787.329 457.91 383.468 813.468 0.528924 0.528924 MSER RootSIFT 1
865.58 458.892 417.374 798.729 0.529946 0.913504 MSER RootSIFT 0
444.585 317.01 309.069 601.502 0.530484 0.530484 HessianAffine RootSIFT 0
750.79 255.993 429.782 312.446 0.533067 0.904027 HessianAffine RootSIFT 0
357.402 247.622 294.95 502.347 0.533914 0.996722 MSER RootSIFT 0
763.445 220.205 446.987 213.371 0.536213 0.536213 HessianAffine RootSIFT 0
829.812 285.383 457.911 337.696 0.541484 0.541484 HessianAffine RootSIFT 1
893.065 349.667 432.284 351.831 0.545165 0.545165 HessianAffine RootSIFT 0
560.868 398.852 432.284 351.831 0.546647 0.546647 HessianAffine RootSIFT 0
360.138 245.729 293.707 507.527 0.549156 0.549156 MSER RootSIFT 0
451.684 221.328 432.284 351.831 0.550042 0.550042 HessianAffine RootSIFT 0
776.139 255.853 440.611 297.92 0.550228 0.550228 HessianAffine RootSIFT 1
675.63 237.432 393.934 335.187 0.551269 0.551269 MSER RootSIFT 0
778.442 213.139 455.381 186.297 0.551492 0.896296 HessianAffine RootSIFT 1
713.044 382.381 374.673 640.822 0.552043 0.552043 MSER RootSIFT 0
865.583 463.944 416.222 803.25 0.553201 0.553201 MSER RootSIFT 1
607.436 277.823 369.597 450.873 0.553617 0.553617 HessianAffine RootSIFT 0
449.366 278.611 315.261 529.15 0.554644 0.554644 HessianAffine RootSIFT 0
701.485 330.687 384.861 527.275 0.558298 0.558298 HessianAffine RootSIFT 0
524.304 412.242 301.768 785.521 0.562104 0.562104 HessianAffine RootSIFT 0
728.071 263.142 429.554 331.864 0.562875 0.562875 HessianAffine RootSIFT 0
747.742 283.721 425.714 378.634 0.563719 0.563719 HessianAffine RootSIFT 0
850.725 331.684 461.546 439.983 0.5642 0.5642 HessianAffine RootSIFT 0
790.874 246.583 457.149 253.65 0.56499 0.56499 HessianAffine RootSIFT 0
375.824 378.028 270.138 751.221 0.565425 0.565425 HessianAffine RootSIFT 0
393.443 338.324 282.938 673.183 0.567371 0.567371 HessianAffine RootSIFT 0
861.37 285.826 475.357 318.206 0.570524 0.931412 HessianAffine RootSIFT 0
743.719 389.129 332.352 421.21 0.573624 0.573624 HessianAffine RootSIFT 0
867.397 374.722 451.876 553.555 0.574076 0.574076 HessianAffine RootSIFT 0
876.424 368.763 488.118 540.593 0.574923 0.574923 HessianAffine RootSIFT 0
478.685 219.369 338.136 390.93 0.575024 0.575024 HessianAffine RootSIFT 0
723.768 212.985 431.916 223.6 0.576114 0.576114 HessianAffine RootSIFT 0
470.446 243.242 327.347 451.665 0.576967 0.973942 MSER RootSIFT 1
633.156 225.39 392.375 301.806 0.581431 0.581431 HessianAffine RootSIFT 0
848.932 377.882 440.298 572.946 0.582519 0.89238 HessianAffine RootSIFT 0
458.289 438.421 275.423 865.192 0.583109 0.583109 MSER RootSIFT 0
519.983 252.496 340.491 440.635 0.583459 0.583459 MSER RootSIFT 0
683.603 241.995 399.437 341.282 0.58631 0.995108 MSER RootSIFT 0
618.188 280.577 368.549 448.937 0.586535 0.586535 HessianAffine RootSIFT 0
387.326 367.925 274.971 727.894 0.587275 0.587275 HessianAffine RootSIFT 0
631.144 201.686 407.055 247.33 0.588496 0.857394 HessianAffine RootSIFT 0
455.211 357.97 432.284 351.831 0.589055 0.589055 HessianAffine RootSIFT 0
406.007 448.168 340.258 833.69 0.594445 0.594445 HessianAffine RootSIFT 0
658.282 414.716 344.66 748.678 0.595285 0.595285 HessianAffine RootSIFT 1
471.646 229.564 332.352 421.21 0.599501 0.599501 HessianAffine RootSIFT 0
817.747 340.569 435.952 479.331 0.602794 0.602794 HessianAffine RootSIFT 0
734.218 263.201 429.554 331.864 0.603065 0.603065 HessianAffine RootSIFT 0
459.555 360.762 470.939 610.211 0.603932 0.849141 HessianAffine RootSIFT 0
672.066 211.163 409.091 257.737 0.60549 0.60549 HessianAffine RootSIFT 0
745.3 261.935 427.685 313.722 0.606492 0.606492 HessianAffine RootSIFT 0
750.142 479.016 357.082 900.346 0.608699 0.608699 HessianAffine RootSIFT 0
916.182 468.557 441.525 797.72 0.610238 0.610238 MSER RootSIFT 1
403.902 203.692 461.546 439.983 0.610285 0.610285 HessianAffine RootSIFT 0
586.999 212.284 298.011 710.991 0.6103 0.6103 HessianAffine RootSIFT 0
445.9 220.336 432.284 351.831 0.612949 0.612949 HessianAffine RootSIFT 0
763.026 264.56 432.226 326.123 0.613721 0.911966 HessianAffine RootSIFT 0
384.417 361.145 275.506 723.882 0.613773 0.613773 HessianAffine RootSIFT 0
863.595 359.045 453.635 517.942 0.615654 0.615654 HessianAffine RootSIFT 0
520.691 205.035 352.218 342.409 0.616857 0.616857 HessianAffine RootSIFT 0
378.144 376.283 271.279 756.773 0.618202 0.618202 HessianAffine RootSIFT 0
526.842 400.241 306.475 761.469 0.620099 0.872512 HessianAffine RootSIFT 0
822.154 409.472 415.552 671.258 0.620546 0.620546 HessianAffine RootSIFT 0
865.635 456.749 417.108 788.383 0.620972 0.620972 HessianAffine RootSIFT 0
847.697 338.975 456.717 459.305 0.622065 0.622065 HessianAffine RootSIFT 0
398.217 368.125 282.747 727.504 0.623254 0.849088 HessianAffine RootSIFT 0
381.562 332.671 280.191 664.623 0.626155 0.626155 HessianAffine RootSIFT 1
938.395 485.956 446.512 842.209 0.627591 0.627591 MSER RootSIFT 1
814.068 483.272 385.508 877.16 0.628831 0.628831 HessianAffine RootSIFT 1
510.667 478.005 385.508 877.16 0.62895 0.62895 HessianAffine RootSIFT 0
435.826 340.607 294.525 660.836 0.628953 0.628953 HessianAffine RootSIFT 0
570.242 211.875 380.963 308.992 0.629879 0.629879 HessianAffine RootSIFT 0
500.58 221.6 273.068 756.787 0.630519 0.879737 HessianAffine RootSIFT 0
538.455 460.534 441.525 797.72 0.630885 0.630885 MSER RootSIFT 0
917.71 462.396 392.375 301.806 0.631593 0.631593 HessianAffine RootSIFT 0
848.475 410.874 431.964 659.863 0.63334 0.63334 HessianAffine RootSIFT 0
774.434 494.053 392.375 301.806 0.63418 0.63418 HessianAffine RootSIFT 0
432.414 446.98 253.202 821.083 0.634986 0.634986 HessianAffine RootSIFT 0
592.783 215.367 380.963 308.992 0.635785 0.635785 HessianAffine RootSIFT 0
657.522 441.678 275.423 865.192 0.636118 0.636118 MSER RootSIFT 0
810.106 493.231 380.325 907.616 0.636812 0.636812 HessianAffine RootSIFT 0
375.421 323.946 285.233 645.963 0.637326 0.637326 HessianAffine RootSIFT 0
698.826 289.121 396.668 425.258 0.637647 0.637647 HessianAffine RootSIFT 0
287.429 492.196 429.637 904.405 0.638495 0.905155 HessianAffine RootSIFT 0
840.256 389.324 434.277 595.771 0.638903 0.837336 HessianAffine RootSIFT 0
814.22 370.738 421.676 580.921 0.641413 0.909136 MSER RootSIFT 0
275.181 448.355 227.192 923.997 0.641439 0.641439 HessianAffine RootSIFT 0
84.5715 395.414 528.719 175.773 0.642453 0.642453 HessianAffine RootSIFT 0
858.537 381.921 443.948 583.065 0.643706 0.643706 HessianAffine RootSIFT 0
298.781 269.317 526.399 155.896 0.644118 0.644118 HessianAffine RootSIFT 0
432.414 446.98 252.096 826.443 0.644241 0.859032 HessianAffine RootSIFT 0
851.686 291.359 469.038 339.833 0.64454 0.64454 HessianAffine RootSIFT 0
818.333 469.913 391.015 843.611 0.644868 0.644868 HessianAffine RootSIFT 0
599.193 217.885 379.793 316.384 0.645285 0.645285 HessianAffine RootSIFT 0
534.597 405.24 305.685 772.339 0.645478 0.645478 HessianAffine RootSIFT 0
359.165 409.921 256.516 829.114 0.646751 0.989935 HessianAffine RootSIFT 0
504.494 493.583 331.161 747.744 0.64697 0.94077 HessianAffine RootSIFT 0
729.552 341.952 470.707 644.119 0.647014 0.647014 HessianAffine RootSIFT 0
514.444 327 317.358 607.735 0.648314 0.648314 HessianAffine RootSIFT 0
864.124 499.821 403.86 907.877 0.648548 0.648548 HessianAffine RootSIFT 1
694.067 233.905 410.263 289.32 0.649468 0.649468 MSER RootSIFT 0
948.102 266.127 531.82 192.208 0.64952 0.64952 HessianAffine RootSIFT 0
934.366 384.952 432.284 351.831 0.64998 0.64998 HessianAffine RootSIFT 0
771.231 264.799 434.57 325.535 0.650955 0.650955 HessianAffine RootSIFT 1
262.992 447.734 227.192 923.997 0.651113 0.651113 HessianAffine RootSIFT 0
865.406 451.853 420.242 770.217 0.651538 0.651538 HessianAffine RootSIFT 1
429.357 359.869 288.349 704.073 0.651999 0.651999 HessianAffine RootSIFT 0
550.694 394.172 480.217 552.792 0.652037 0.652037 HessianAffine RootSIFT 0
713.096 387.499 374.673 640.822 0.652062 0.998712 MSER RootSIFT 0
290.046 493.325 253.202 821.083 0.654812 0.654812 HessianAffine RootSIFT 0
532.101 476.124 369.341 436.094 0.654976 0.654976 HessianAffine RootSIFT 0
415.611 245.546 309.769 483.823 0.655667 0.655667 MSER RootSIFT 0
332.869 495.346 444.509 192.286 0.656059 0.656059 HessianAffine RootSIFT 0
643.891 487.087 314.718 935.256 0.656818 0.656818 MSER RootSIFT 0
654.937 492.993 317.279 944.431 0.657154 0.940166 HessianAffine RootSIFT 0
840.141 354.718 441.173 517.414 0.65777 0.65777 HessianAffine RootSIFT 1
837.503 367.899 439.748 539.046 0.659569 0.659569 HessianAffine RootSIFT 0
561.892 201.197 371.864 303.496 0.65996 0.65996 HessianAffine RootSIFT 0
262.318 458.409 293.029 685.45 0.660126 0.866916 MSER RootSIFT 0
557.131 465.508 497.727 504.112 0.660137 0.660137 HessianAffine RootSIFT 0
503.132 219.136 432.284 351.831 0.661322 0.661322 HessianAffine RootSIFT 0
598.316 432.565 322.459 793.304 0.661912 0.661912 HessianAffine RootSIFT 0
564.741 477.898 497.727 504.112 0.662053 0.662053 HessianAffine RootSIFT 0
727.192 205.612 433.282 208.329 0.662169 0.662169 HessianAffine RootSIFT 1
327.361 277.658 253.202 821.083 0.662603 0.662603 HessianAffine RootSIFT 0
536.302 327.329 324.425 597.139 0.663724 0.663724 HessianAffine RootSIFT 0
906.655 212.72 542.948 236.394 0.664334 0.664334 HessianAffine RootSIFT 0
633.514 247.996 379.739 374.491 0.664651 0.883565 MSER RootSIFT 0
793.519 238.732 451.913 247.955 0.665803 0.665803 HessianAffine RootSIFT 0
843.34 285.4 466.599 327.673 0.666148 0.666148 HessianAffine RootSIFT 0
774.14 222.556 432.284 351.831 0.666557 0.666557 HessianAffine RootSIFT 0
369.373 271.652 293.178 560.792 0.666789 0.666789 HessianAffine RootSIFT 0
937.498 485.516 445.085 851.65 0.667023 0.667023 HessianAffine RootSIFT 0
401.989 378.155 466.433 603.538 0.667065 0.667065 HessianAffine RootSIFT 0
318.375 470.746 474.67 316.929 0.66811 0.66811 HessianAffine RootSIFT 0
762.254 498.549 358.459 927.384 0.66863 0.66863 HessianAffine RootSIFT 1
711.849 336.107 389.161 529.739 0.668668 0.668668 HessianAffine RootSIFT 0
358.478 411.845 257.117 835.451 0.66904 0.860784 HessianAffine RootSIFT 0
571.314 233.924 363.296 371.904 0.669089 0.669089 HessianAffine RootSIFT 0
403.848 207.917 318.626 404.879 0.66934 0.66934 HessianAffine RootSIFT 0
659.197 503.922 89.6323 539.169 0.669653 0.669653 HessianAffine RootSIFT 0
801.515 499.619 314.289 762.418 0.669882 0.669882 MSER RootSIFT 0
679.044 247.391 399.437 341.282 0.670562 0.990219 MSER RootSIFT 0
402.541 446.396 253.202 821.083 0.671352 0.671352 HessianAffine RootSIFT 0
590.316 343.062 346.377 621.211 0.672701 0.856527 HessianAffine RootSIFT 0
808.692 476.009 385.821 856.573 0.675261 0.675261 HessianAffine RootSIFT 1
334.902 406.439 252.096 826.443 0.676828 0.676828 HessianAffine RootSIFT 0
807.825 377.78 419.321 587.027 0.677498 0.934279 MSER RootSIFT 0
863.03 271.581 476.277 283.932 0.677818 0.677818 HessianAffine RootSIFT 0
874.889 461.826 511.74 107.935 0.679206 0.679206 HessianAffine RootSIFT 0
399.563 467.931 475.619 315.138 0.679925 0.679925 HessianAffine RootSIFT 0
754.143 247.543 448.086 274.38 0.680171 0.680171 HessianAffine RootSIFT 0
707.755 408.902 366.787 716.346 0.680435 0.680435 HessianAffine RootSIFT 0
618.643 440.032 432.707 443.944 0.681388 0.681388 HessianAffine RootSIFT 0
414.193 193.607 320.782 392.665 0.682499 0.682499 HessianAffine RootSIFT 0
892.418 367.004 465.049 518.386 0.683348 0.683348 HessianAffine RootSIFT 0
813.685 287.699 463.948 336.049 0.683711 0.683711 HessianAffine RootSIFT 0
307.67 474.991 446.512 842.209 0.684064 0.684064 MSER RootSIFT 0
838.737 410.671 421.047 669.856 0.684166 0.684166 HessianAffine RootSIFT 1
274.704 491.102 429.637 904.405 0.684339 0.870409 HessianAffine RootSIFT 0
506.012 470.242 385.821 856.573 0.684518 0.684518 HessianAffine RootSIFT 0
949.966 261.221 535.63 180.332 0.684539 0.684539 HessianAffine RootSIFT 0
648.047 210.883 409.091 257.737 0.684644 0.684644 HessianAffine RootSIFT 0
639.142 248.079 393.934 335.187 0.68506 0.68506 MSER RootSIFT 0
821.615 335.871 439.178 474.754 0.685113 0.685113 HessianAffine RootSIFT 0
935.494 386.473 480.217 552.792 0.685786 0.685786 HessianAffine RootSIFT 1
875.804 333.794 444.509 192.286 0.686299 0.686299 HessianAffine RootSIFT 0
811.057 371.936 419.321 587.027 0.686657 0.972783 MSER RootSIFT 0
550.694 394.172 529.424 200.731 0.690562 0.690562 HessianAffine RootSIFT 0
675.259 220.812 481.416 549.829 0.69083 0.69083 HessianAffine RootSIFT 0
761.129 504.303 356.856 944.554 0.691404 0.691404 HessianAffine RootSIFT 1
904.443 499.109 424.347 896.485 0.691583 0.691583 HessianAffine RootSIFT 1
633.514 247.996 381.101 369.489 0.691666 0.691666 MSER RootSIFT 0
380.536 492.088 407.158 914.989 0.691772 0.691772 HessianAffine RootSIFT 0
355.612 449.837 246.379 908.994 0.691829 0.936646 HessianAffine RootSIFT 0
508.527 492.08 257.117 835.451 0.69221 0.813588 HessianAffine RootSIFT 0
557.589 198.78 425.627 221.389 0.692362 0.692362 HessianAffine RootSIFT 0
370.342 328.891 415.724 688.289 0.692377 0.692377 HessianAffine RootSIFT 0
657.522 441.678 333.86 817.72 0.692633 0.692633 MSER RootSIFT 0
343.849 277.636 282.914 574.812 0.693178 0.693178 HessianAffine RootSIFT 0
945.877 458.25 407.158 914.989 0.693253 0.693253 HessianAffine RootSIFT 0
549.486 336.818 327.368 610.187 0.693451 0.693451 HessianAffine RootSIFT 0
776.159 398.568 394.164 671.812 0.693944 0.693944 HessianAffine RootSIFT 0
630.602 211.443 457.911 337.696 0.694069 0.694069 HessianAffine RootSIFT 0
804.611 480.362 269.94 748.961 0.694364 0.694364 HessianAffine RootSIFT 0
580.565 494.888 407.765 908.204 0.694929 0.694929 HessianAffine RootSIFT 0
777.424 475.371 372.947 861.854 0.695517 0.695517 HessianAffine RootSIFT 1
548.673 284.202 342.683 496.856 0.695596 0.695596 HessianAffine RootSIFT 1
769.22 213.031 451.331 191.677 0.695735 0.695735 HessianAffine RootSIFT 0
865.038 455.902 419.476 782.772 0.696326 0.696326 HessianAffine RootSIFT 1
426.643 212.574 322.615 404.667 0.696747 0.696747 HessianAffine RootSIFT 1
137.224 258.053 529.424 200.731 0.696949 0.696949 HessianAffine RootSIFT 0
562.493 429.151 322.459 793.304 0.697388 0.697388 HessianAffine RootSIFT 0
808.646 332.795 430.976 471.388 0.69746 0.69746 HessianAffine RootSIFT 0
680.716 218.063 488.118 540.593 0.69914 0.69914 HessianAffine RootSIFT 0
507.361 486.822 380.325 907.616 0.700196 0.700196 HessianAffine RootSIFT 0
936.869 405.81 470.939 610.211 0.701337 0.701337 HessianAffine RootSIFT 0
395.077 494.429 252.096 826.443 0.701794 0.952003 HessianAffine RootSIFT 0
714.673 409.62 366.787 716.346 0.701801 0.701801 HessianAffine RootSIFT 1
819.072 466.37 395.262 820.557 0.702085 0.702085 HessianAffine RootSIFT 0
817.309 380.548 429.775 565.906 0.702239 0.702239 HessianAffine RootSIFT 0
713.509 232.27 416.513 291.217 0.702366 0.702366 HessianAffine RootSIFT 0
703.448 402.141 365.105 704.182 0.702884 0.702884 HessianAffine RootSIFT 1
516.384 470.74 389.111 860.546 0.703533 0.703533 HessianAffine RootSIFT 0
667.716 219.589 432.284 351.831 0.704749 0.704749 HessianAffine RootSIFT 0
759.023 241.123 534.766 178.949 0.705325 0.705325 HessianAffine RootSIFT 0
639.913 413.289 444.509 192.286 0.705349 0.705349 HessianAffine RootSIFT 0
777.851 246.511 443.541 272.034 0.705484 0.705484 HessianAffine RootSIFT 0
279.934 474.071 369.341 436.094 0.705852 0.705852 HessianAffine RootSIFT 0
439.7 310.846 309.069 601.502 0.706206 0.706206 HessianAffine RootSIFT 0
934.689 264.352 523.776 191.945 0.706709 0.706709 HessianAffine RootSIFT 0
752.311 207.814 509.831 505.903 0.706804 0.706804 HessianAffine RootSIFT 0
441.66 402.704 287.636 794.273 0.707256 0.707256 HessianAffine RootSIFT 0
654.661 277.826 442.883 879.813 0.707521 0.707521 HessianAffine RootSIFT 0
826.712 455.983 399.285 803.43 0.707613 0.707613 HessianAffine RootSIFT 0
925.012 502.536 259.482 809.399 0.708149 0.708149 HessianAffine RootSIFT 0
245.477 494.222 261.982 824.108 0.708905 0.708905 HessianAffine RootSIFT 0
491.973 453.814 306.86 644.131 0.70898 0.70898 HessianAffine RootSIFT 0
874.054 368.864 453.995 536.054 0.709038 0.709038 HessianAffine RootSIFT 1
351.535 487.68 392.375 301.806 0.710281 0.710281 HessianAffine RootSIFT 0
493.836 491.663 306.475 761.469 0.710317 0.710317 HessianAffine RootSIFT 0
582.598 489.739 392.375 301.806 0.710451 0.710451 HessianAffine RootSIFT 0
636.416 218.211 459.694 563.898 0.710543 0.710543 HessianAffine RootSIFT 0
471.597 362.489 299.218 692.632 0.710757 0.710757 HessianAffine RootSIFT 0
504.882 463.09 434.525 269.806 0.711739 0.711739 HessianAffine RootSIFT 0
774.135 214.918 450.087 200.615 0.711907 0.711907 HessianAffine RootSIFT 0
452.996 275.127 315.261 529.15 0.711926 0.711926 HessianAffine RootSIFT 0
389.568 331.023 476.871 613.48 0.712147 0.879865 HessianAffine RootSIFT 0
451.132 213.282 327.603 399.217 0.712162 0.712162 HessianAffine RootSIFT 0
469.552 428.789 394.751 833.396 0.712365 0.712365 MSER RootSIFT 0
932.26 457.508 455.591 758.004 0.713044 0.713044 HessianAffine RootSIFT 0
868.733 272.359 486.901 253.931 0.713094 0.713094 HessianAffine RootSIFT 0
619.924 332.972 356.836 562.819 0.713221 0.883172 MSER RootSIFT 0
508.694 291.717 328.144 528.863 0.713393 0.912774 HessianAffine RootSIFT 1
818.735 487.588 385.174 891.958 0.713887 0.913553 MSER RootSIFT 0
376.527 321.149 405.509 389.998 0.714186 0.714186 HessianAffine RootSIFT 0
659.365 510.377 89.6323 539.169 0.71445 0.71445 HessianAffine RootSIFT 0
388.299 338.615 281.939 667.237 0.714562 0.714562 HessianAffine RootSIFT 0
310.919 271.066 277.447 573.214 0.71532 0.71532 HessianAffine RootSIFT 0
807.675 499.824 331.161 747.744 0.715404 0.917994 HessianAffine RootSIFT 0
495.871 488.762 309.469 755.656 0.715885 0.715885 HessianAffine RootSIFT 0
466.742 493.058 257.804 821.836 0.715938 0.933938 HessianAffine RootSIFT 0
356.465 470.099 391.08 855.543 0.71618 0.71618 HessianAffine RootSIFT 0
670.376 488.406 392.375 301.806 0.716702 0.716702 HessianAffine RootSIFT 0
627.777 196.104 407.055 247.33 0.716864 0.875192 HessianAffine RootSIFT 0
480.845 445.821 285.233 645.963 0.717186 0.897208 HessianAffine RootSIFT 0
933.451 452.209 453.783 752.329 0.717629 0.717629 HessianAffine RootSIFT 0
246.439 243.475 526.399 155.896 0.717644 0.717644 HessianAffine RootSIFT 0
664.512 290.068 383.255 444.05 0.717658 0.717658 HessianAffine RootSIFT 0
398.308 356.32 529.424 200.731 0.717785 0.717785 HessianAffine RootSIFT 0
372.365 333.788 544.212 229.189 0.718192 0.826801 HessianAffine RootSIFT 0
451.108 281.125 312.796 534.218 0.718544 0.896882 HessianAffine RootSIFT 1
358.369 205.502 526.114 372.811 0.719235 0.719235 HessianAffine RootSIFT 0
499.005 492.091 314.391 759.199 0.719308 0.950734 HessianAffine RootSIFT 0
287.429 492.196 340.258 833.69 0.719422 0.719422 HessianAffine RootSIFT 0
393.333 378.25 273.208 756.592 0.719663 0.719663 HessianAffine RootSIFT 0
635.067 243.902 393.934 335.187 0.719836 0.719836 MSER RootSIFT 0
266.009 469.453 398.995 804.596 0.720924 0.720924 HessianAffine RootSIFT 0
729.138 443.883 275.423 865.192 0.721159 0.721159 MSER RootSIFT 0
134.335 265.287 528.719 175.773 0.721275 0.721275 HessianAffine RootSIFT 0
810.317 319.483 432.707 443.944 0.721294 0.721294 HessianAffine RootSIFT 0
879.966 346.644 465.082 472.372 0.721485 0.721485 HessianAffine RootSIFT 0
363.996 452.909 392.375 301.806 0.721489 0.721489 HessianAffine RootSIFT 0
581.784 443.782 306.633 851.211 0.721511 0.721511 HessianAffine RootSIFT 0
267.713 453.683 306.86 644.131 0.721683 0.721683 HessianAffine RootSIFT 0
918.925 457.341 446.725 767.444 0.721736 0.721736 HessianAffine RootSIFT 1
119.269 694.918 556.704 217.932 0.721943 0.721943 HessianAffine RootSIFT 0
887.136 448.934 434.98 737.641 0.72255 0.72255 HessianAffine RootSIFT 0
776.497 221.278 472.059 603.468 0.723116 0.723116 HessianAffine RootSIFT 0
395.077 494.429 253.202 821.083 0.723763 0.723763 HessianAffine RootSIFT 0
694.876 281.702 402.221 406.396 0.724026 0.724026 HessianAffine RootSIFT 0
479.245 332.314 307.049 639.437 0.724097 0.724097 HessianAffine RootSIFT 0
299.205 263.834 528.719 175.773 0.724161 0.724161 HessianAffine RootSIFT 0
490.475 371.758 302.897 706.881 0.725047 0.725047 HessianAffine RootSIFT 0
444.542 384.676 284.264 750.077 0.72544 0.72544 HessianAffine RootSIFT 1
384.469 287.662 320.782 392.665 0.725487 0.725487 HessianAffine RootSIFT 0
486.655 454.144 392.375 301.806 0.725874 0.725874 HessianAffine RootSIFT 0
628.501 483.429 311.848 929.912 0.726299 0.726299 HessianAffine RootSIFT 0
837.821 334.116 415.724 688.289 0.726442 0.726442 HessianAffine RootSIFT 0
513.3 482.875 385.174 891.958 0.727165 0.979797 MSER RootSIFT 0
594.518 455.941 392.375 301.806 0.727294 0.727294 HessianAffine RootSIFT 0
368.204 211.303 435.952 479.331 0.727537 0.727537 HessianAffine RootSIFT 0
547.864 212.144 360.64 334.059 0.727695 0.959249 HessianAffine RootSIFT 0
701.17 497.564 429.637 904.405 0.72916 0.937667 HessianAffine RootSIFT 0
275.975 472.738 270.138 751.221 0.729266 0.729266 HessianAffine RootSIFT 0
407.903 329.912 442.883 879.813 0.729639 0.729639 HessianAffine RootSIFT 0
358.509 399.851 258.802 814.489 0.729648 0.961393 HessianAffine RootSIFT 0
494.82 369.288 299.877 717.662 0.730042 0.730042 HessianAffine RootSIFT 0
475.15 473.866 270.138 751.221 0.730071 0.730071 HessianAffine RootSIFT 0
556.957 401.681 314.391 759.199 0.731383 0.859178 HessianAffine RootSIFT 0
888.714 372.445 461.988 536.713 0.731633 0.731633 HessianAffine RootSIFT 0
949.966 261.221 488.118 540.593 0.732012 0.732012 HessianAffine RootSIFT 0
376.024 494.225 252.096 826.443 0.732283 0.935369 HessianAffine RootSIFT 0
692.301 396.266 364.759 681.804 0.732557 0.890867 HessianAffine RootSIFT 0
635.15 252.828 381.101 369.489 0.732576 0.991891 MSER RootSIFT 0
434.037 488.171 309.469 755.656 0.732666 0.732666 HessianAffine RootSIFT 0
672.111 449.111 430.976 471.388 0.73284 0.73284 HessianAffine RootSIFT 0
837.883 401.775 424.307 646.246 0.733786 0.733786 HessianAffine RootSIFT 1
316.731 266.263 277.447 573.214 0.734469 0.734469 HessianAffine RootSIFT 0
614.178 322.361 350.751 550.991 0.734715 0.889498 HessianAffine RootSIFT 0
737.689 498.812 259.482 809.399 0.734945 0.734945 HessianAffine RootSIFT 0
449.366 278.611 421.658 501.428 0.735451 0.735451 HessianAffine RootSIFT 0
720.576 404.182 373.265 703.315 0.735862 0.735862 HessianAffine RootSIFT 0
604.706 314.598 353.92 543.513 0.736411 0.736411 HessianAffine RootSIFT 0
836.22 665.448 383.631 881.077 0.736412 0.890564 HessianAffine RootSIFT 0
773.292 339.454 312.796 534.218 0.737101 0.737101 HessianAffine RootSIFT 0
875.125 267.582 486.901 253.931 0.737716 0.737716 HessianAffine RootSIFT 1
636.087 449.737 253.202 821.083 0.738293 0.919319 HessianAffine RootSIFT 0
662.054 491.624 309.883 739.017 0.738515 0.738515 HessianAffine RootSIFT 0
403.976 338.217 472.068 462.051 0.738788 0.738788 HessianAffine RootSIFT 0
620.081 451.014 407.158 914.989 0.739186 0.739186 HessianAffine RootSIFT 0
547.375 446.76 450.461 454.681 0.739601 0.739601 HessianAffine RootSIFT 0
595.558 268.429 529.424 200.731 0.740006 0.740006 HessianAffine RootSIFT 0
357.904 404.067 257.662 822.998 0.740146 0.740146 HessianAffine RootSIFT 0
85.8426 266.401 528.719 175.773 0.740435 0.850423 HessianAffine RootSIFT 0
503.132 219.136 465.049 518.386 0.740752 0.740752 HessianAffine RootSIFT 0
697.874 451.454 450.461 454.681 0.740781 0.824382 HessianAffine RootSIFT 0
488.291 284.916 252.096 826.443 0.741545 0.741545 HessianAffine RootSIFT 0
713.69 392.527 480.217 552.792 0.741598 0.741598 HessianAffine RootSIFT 0
908.715 686.64 560.337 785.173 0.741818 0.873948 HessianAffine RootSIFT 0
580.329 451.909 306.168 864.009 0.742436 0.742436 HessianAffine RootSIFT 0
661.887 448.751 335.225 829.451 0.743029 0.743029 HessianAffine RootSIFT 1
119.269 694.918 439.178 474.754 0.743163 0.743163 HessianAffine RootSIFT 0
881.055 230.92 495.304 181.446 0.74318 0.74318 HessianAffine RootSIFT 0
286.451 495.948 393.214 926.014 0.743193 0.743193 HessianAffine RootSIFT 0
903.821 452.139 438.63 760.286 0.743424 0.743424 HessianAffine RootSIFT 1
748.555 256.878 428.52 304.277 0.74417 0.99462 HessianAffine RootSIFT 0
747.943 206.587 444.509 192.286 0.744246 0.744246 HessianAffine RootSIFT 0
609.293 395.207 339.681 708.72 0.744938 0.825404 HessianAffine RootSIFT 0
422.103 245.552 310.803 480.143 0.744987 0.977483 MSER RootSIFT 0
315.275 447.9 407.158 914.989 0.745545 0.745545 HessianAffine RootSIFT 0
390.196 376.059 472.068 462.051 0.746889 0.746889 HessianAffine RootSIFT 0
524.304 412.242 301.375 792.012 0.746964 0.746964 HessianAffine RootSIFT 0
434.721 486.415 488.252 546.552 0.747349 0.747349 HessianAffine RootSIFT 0
904.748 506.34 422.75 914.491 0.747409 0.802024 HessianAffine RootSIFT 1
432.414 446.98 540.163 242.972 0.747743 0.747743 HessianAffine RootSIFT 0
356.995 397.502 259.482 809.399 0.748018 0.884065 HessianAffine RootSIFT 0
434.141 330.829 302.193 641.937 0.748657 0.964079 HessianAffine RootSIFT 0
287.613 452.851 392.375 301.806 0.748772 0.748772 HessianAffine RootSIFT 0
589 271.962 275.977 744.794 0.748828 0.748828 HessianAffine RootSIFT 0
388.149 460.823 428.298 358.033 0.749025 0.749025 HessianAffine RootSIFT 0
517.416 461.013 395.262 820.557 0.749171 0.749171 HessianAffine RootSIFT 0
657.254 283.482 382.114 433.507 0.74954 0.74954 HessianAffine RootSIFT 0
890.294 203.838 513.27 77.8382 0.749548 0.749548 HessianAffine RootSIFT 0
934.366 384.952 465.049 518.386 0.749858 0.749858 HessianAffine RootSIFT 0
888.853 501.202 415.037 906.234 0.750324 0.750324 HessianAffine RootSIFT 1
698.105 462.778 403.174 280.029 0.750579 0.750579 HessianAffine RootSIFT 0
873.838 214.46 258.802 814.489 0.751568 0.751568 HessianAffine RootSIFT 0
876.435 660.8 377.538 861.122 0.751572 0.997462 HessianAffine RootSIFT 0
511.098 378.394 310.243 703.591 0.752586 0.752586 HessianAffine RootSIFT 0
935.649 494.077 441.992 869.68 0.753152 0.867375 HessianAffine RootSIFT 1
411.709 493.16 407.158 914.989 0.754124 0.754124 HessianAffine RootSIFT 0
891.164 292.182 430.976 471.388 0.754686 0.754686 HessianAffine RootSIFT 0
582.135 451.554 298.493 866.854 0.754732 0.951061 HessianAffine RootSIFT 0
703.66 206.092 410.404 415.344 0.754842 0.754842 HessianAffine RootSIFT 0
437.218 491.249 314.391 759.199 0.754912 0.961557 HessianAffine RootSIFT 0
539.667 460.333 291.406 894.368 0.755917 0.985845 MSER RootSIFT 0
780.895 274.085 451.913 247.955 0.756137 0.756137 HessianAffine RootSIFT 0
946.317 268.407 530.628 202.186 0.756216 0.756216 HessianAffine RootSIFT 0
724.503 341.132 502.789 512.993 0.756717 0.756717 HessianAffine RootSIFT 0
942.584 386.217 481.416 549.829 0.756948 0.756948 HessianAffine RootSIFT 0
262.67 452.848 392.375 301.806 0.757047 0.757047 HessianAffine RootSIFT 0
336.54 269.286 522.319 78.9101 0.757494 0.757494 HessianAffine RootSIFT 0
356.225 475.643 391.08 855.543 0.757495 0.757495 HessianAffine RootSIFT 0
770.758 487.455 404.369 319.582 0.757524 0.757524 HessianAffine RootSIFT 0
785.795 725.961 377.538 861.122 0.75811 0.75811 HessianAffine RootSIFT 0
814.902 476.279 477.772 232.234 0.758241 0.758241 HessianAffine RootSIFT 0
539.774 498.955 453.783 752.329 0.758591 0.758591 HessianAffine RootSIFT 0
254.754 474.075 436.174 305.132 0.758637 0.758637 HessianAffine RootSIFT 0
293.604 482.839 438.238 855.806 0.75894 0.945909 HessianAffine RootSIFT 0
304.012 495.255 425.627 221.389 0.758998 0.758998 HessianAffine RootSIFT 0
437.698 217.293 326.893 405.403 0.759104 0.759104 HessianAffine RootSIFT 0
701.432 375.426 373.135 639.9 0.759281 0.939575 MSER RootSIFT 1
889.67 456.031 453.043 762.514 0.759341 0.759341 HessianAffine RootSIFT 0
916.838 506.562 429.997 908.916 0.759344 0.759344 HessianAffine RootSIFT 0
721.864 219.496 420.126 269.411 0.759671 0.759671 HessianAffine RootSIFT 0
366.583 455.36 249.278 908.222 0.760254 0.760254 MSER RootSIFT 0
526.637 492.952 429.637 904.405 0.760316 0.911184 HessianAffine RootSIFT 0
508.611 283.471 328.274 514.32 0.760534 0.760534 HessianAffine RootSIFT 0
486.731 449.141 227.192 923.997 0.760637 0.760637 HessianAffine RootSIFT 0
743.541 275.174 350.874 368.118 0.761008 0.761008 HessianAffine RootSIFT 0
854.016 450.858 470.277 337.211 0.761027 0.761027 HessianAffine RootSIFT 0
884.933 288.814 257.804 821.836 0.761088 0.942323 HessianAffine RootSIFT 0
761.612 275.945 465.049 518.386 0.761143 0.761143 HessianAffine RootSIFT 0
446.403 213.051 378.217 315.857 0.761387 0.761387 HessianAffine RootSIFT 0
456.44 219.045 469.064 606.274 0.761728 0.761728 HessianAffine RootSIFT 0
281.985 443.952 444.509 192.286 0.762168 0.762168 HessianAffine RootSIFT 0
786.938 499.205 368.05 929.757 0.762204 0.762204 HessianAffine RootSIFT 0
519.007 218.09 350.874 368.118 0.762242 0.762242 HessianAffine RootSIFT 1
877.158 495.805 392.375 301.806 0.76283 0.76283 HessianAffine RootSIFT 0
811.481 455.366 280.191 664.623 0.762853 0.762853 HessianAffine RootSIFT 0
386.418 323.725 285.233 645.963 0.763253 0.763253 HessianAffine RootSIFT 0
643.296 480.853 445.085 851.65 0.763267 0.763267 HessianAffine RootSIFT 0
902.079 212.239 486.941 204.957 0.763278 0.763278 HessianAffine RootSIFT 0
870.453 377.668 448.181 557.312 0.763282 0.904033 HessianAffine RootSIFT 0
314.726 432.443 306.633 851.211 0.763632 0.845066 HessianAffine RootSIFT 0
761.522 280.511 80.3116 534.071 0.764172 0.764172 HessianAffine RootSIFT 0
585.941 262.143 275.977 744.794 0.764387 0.764387 HessianAffine RootSIFT 0
592.275 272.015 480.217 552.792 0.764413 0.764413 HessianAffine RootSIFT 0
604.489 345.552 346.377 621.211 0.764448 0.810691 HessianAffine RootSIFT 0
808.86 503.249 504.773 128.692 0.765135 0.839224 HessianAffine RootSIFT 0
830.837 344 502.789 512.993 0.765162 0.765162 HessianAffine RootSIFT 0
862.471 463.439 416.924 795.634 0.765619 0.765619 HessianAffine RootSIFT 0
841.491 671.86 383.631 881.077 0.76562 0.971789 HessianAffine RootSIFT 0
875.753 501.023 407.765 908.204 0.765703 0.765703 HessianAffine RootSIFT 1
340.121 437.791 519.32 462.954 0.765725 0.765725 HessianAffine RootSIFT 0
699.131 407.87 366.787 716.346 0.766029 0.978502 HessianAffine RootSIFT 0
437.667 351.5 289.985 685.696 0.766673 0.871654 MSER RootSIFT 1
829.454 490.144 481.83 541.268 0.767072 0.767072 HessianAffine RootSIFT 0
757.096 279.58 282.938 673.183 0.767205 0.767205 HessianAffine RootSIFT 0
605.411 499.968 453.837 747.075 0.767366 0.767366 HessianAffine RootSIFT 0
910.064 484.123 369.341 436.094 0.767475 0.767475 HessianAffine RootSIFT 0
768.097 306.836 425.645 425.761 0.767543 0.767543 HessianAffine RootSIFT 0
695.805 469.456 189.759 554.207 0.767708 0.862452 HessianAffine RootSIFT 0
317.136 503.983 306.633 851.211 0.767993 0.767993 HessianAffine RootSIFT 0
874.054 368.864 421.296 369.215 0.768055 0.768055 HessianAffine RootSIFT 0
269.498 336.592 341.491 750.248 0.768552 0.768552 HessianAffine RootSIFT 0
624.481 495.891 429.637 904.405 0.768642 0.947697 HessianAffine RootSIFT 0
674.136 452.667 557.72 211.373 0.768774 0.806282 HessianAffine RootSIFT 0
691.15 497.667 407.158 914.989 0.769023 0.769023 HessianAffine RootSIFT 0
389.077 205.239 415.724 688.289 0.769546 0.769546 HessianAffine RootSIFT 0
364.413 409.071 257.299 829.145 0.770928 0.824647 HessianAffine RootSIFT 0
380.155 215.69 502.789 512.993 0.770993 0.770993 HessianAffine RootSIFT 0
384.444 285.865 314.125 621.901 0.771521 0.771521 HessianAffine RootSIFT 0
373.12 292.059 290.531 586.123 0.771848 0.771848 HessianAffine RootSIFT 0
829.161 495.815 394.178 908.148 0.77198 0.77198 HessianAffine RootSIFT 0
186.848 27.185 560.136 119.88 0.772051 0.772051 HessianAffine RootSIFT 0
786.718 497.834 370.743 923.06 0.772102 0.772102 HessianAffine RootSIFT 0
854.944 456.427 503.973 280.077 0.772258 0.772258 HessianAffine RootSIFT 0
649.57 404.234 256.674 842.208 0.772269 0.981824 HessianAffine RootSIFT 0
606.677 214.867 378.217 315.857 0.772636 0.772636 HessianAffine RootSIFT 0
868.436 245.469 430.976 471.388 0.772646 0.772646 HessianAffine RootSIFT 0
557.771 398.713 446.68 256.882 0.772752 0.772752 HessianAffine RootSIFT 0
903.289 506.911 429.765 915.203 0.772971 0.772971 HessianAffine RootSIFT 0
898.993 451.757 432.259 761.129 0.773101 0.80816 HessianAffine RootSIFT 0
464.191 347.825 443.546 777.505 0.773344 0.773344 HessianAffine RootSIFT 0
594.585 220.152 379.793 316.384 0.774151 0.774151 HessianAffine RootSIFT 0
852.766 370.719 407.158 914.989 0.77439 0.77439 HessianAffine RootSIFT 0
729.933 482.744 438.582 857.645 0.77485 0.813099 HessianAffine RootSIFT 0
677.586 476.857 259.643 940.604 0.775545 0.775545 HessianAffine RootSIFT 0
759.396 326.017 409.104 477.262 0.775833 0.775833 HessianAffine RootSIFT 0
698.803 714.419 613.988 345.727 0.776139 0.776139 HessianAffine RootSIFT 0
524.112 229.498 304.206 653.584 0.776575 0.776575 HessianAffine RootSIFT 0
386.967 360.602 534.766 178.949 0.777581 0.777581 HessianAffine RootSIFT 0
834.344 410.482 498.065 123.25 0.778151 0.778151 HessianAffine RootSIFT 0
532.269 498.309 256.674 842.208 0.778344 0.954432 HessianAffine RootSIFT 0
389.79 378.957 433.126 312.435 0.778435 0.778435 HessianAffine RootSIFT 0
680.6 413.02 352.895 742.143 0.778629 0.977566 HessianAffine RootSIFT 0
416.354 204.989 509.831 505.903 0.779114 0.779114 HessianAffine RootSIFT 0
867.995 361.108 309.769 483.823 0.779298 0.779298 MSER RootSIFT 0
518.893 210.943 307.049 639.437 0.779394 0.779394 HessianAffine RootSIFT 0
848.103 720.247 598.983 342.935 0.779936 0.779936 HessianAffine RootSIFT 0
139.058 277.984 526.399 155.896 0.779974 0.779974 HessianAffine RootSIFT 0
640.006 452.81 340.258 833.69 0.77998 0.77998 HessianAffine RootSIFT 0
294.086 491.948 259.482 809.399 0.780152 0.875156 HessianAffine RootSIFT 0
291.502 487.848 278.651 569.421 0.780405 0.869432 HessianAffine RootSIFT 0
272.741 489.13 423.455 907.288 0.78061 0.894597 HessianAffine RootSIFT 0
892.443 457.75 432.109 776.041 0.780766 0.780766 HessianAffine RootSIFT 1
698.279 456.362 423.455 907.288 0.780825 0.849509 HessianAffine RootSIFT 0
753.111 578.556 671.878 623.743 0.780847 0.780847 MSER RootSIFT 0
94.9596 264.486 531.599 157.593 0.781015 0.781015 HessianAffine RootSIFT 0
738.138 217.715 438.495 930.35 0.781237 0.955029 HessianAffine RootSIFT 0
940.702 506.268 441.376 905.722 0.781241 0.98525 HessianAffine RootSIFT 1
810.657 474.785 457.149 253.65 0.781522 0.801858 HessianAffine RootSIFT 0
632.926 414.268 444.509 192.286 0.781821 0.781821 HessianAffine RootSIFT 0
839.974 696.512 616.031 368.567 0.781849 0.781849 HessianAffine RootSIFT 0
842.997 320.94 448.388 435.57 0.781939 0.781939 HessianAffine RootSIFT 0
910.66 478.331 434.81 830.527 0.782016 0.782016 HessianAffine RootSIFT 1
267.567 491.924 282.914 574.812 0.782202 0.782202 HessianAffine RootSIFT 0
384.444 285.865 415.724 688.289 0.782295 0.782295 HessianAffine RootSIFT 0
716.282 276.636 444.509 192.286 0.782641 0.782641 HessianAffine RootSIFT 0
464.245 366.245 442.883 879.813 0.782975 0.782975 HessianAffine RootSIFT 0
528.111 444.774 306.633 851.211 0.783009 0.824565 HessianAffine RootSIFT 0
309.595 273.156 94.1258 567.939 0.783332 0.783332 HessianAffine RootSIFT 0
555.266 445.873 306.633 851.211 0.783379 0.836002 HessianAffine RootSIFT 0
414.545 252.221 309.769 483.823 0.783869 0.783869 MSER RootSIFT 0
880.436 470.401 376.841 611.023 0.783873 0.940224 MSER RootSIFT 0
889.998 347.167 472.068 462.051 0.784103 0.784103 HessianAffine RootSIFT 0
342.626 282.947 282.914 574.812 0.784264 0.784264 HessianAffine RootSIFT 0
629.828 345.185 356.836 562.819 0.784284 0.923585 MSER RootSIFT 0
653.124 494.231 358.459 927.384 0.784436 0.784436 HessianAffine RootSIFT 0
539.878 454.882 369.341 436.094 0.784468 0.784468 HessianAffine RootSIFT 0
862.688 214.739 421.047 669.856 0.784742 0.784742 HessianAffine RootSIFT 0
845.107 657.223 386.502 891.544 0.784953 0.993878 HessianAffine RootSIFT 0
735.05 289.858 352.218 342.409 0.785182 0.785182 HessianAffine RootSIFT 0
475.876 340.665 367.506 681.117 0.786087 0.786087 HessianAffine RootSIFT 0
631.065 496.11 259.482 809.399 0.786235 0.786235 HessianAffine RootSIFT 0
616.792 495.202 407.158 914.989 0.786269 0.786269 HessianAffine RootSIFT 0
433.666 334.393 294.844 645.424 0.786676 0.786676 HessianAffine RootSIFT 0
903.821 452.139 375.675 812.188 0.786738 0.863435 HessianAffine RootSIFT 0
486.284 459.878 293.029 685.45 0.786784 0.929582 MSER RootSIFT 0
810.106 493.231 382.948 674.824 0.786816 0.786816 HessianAffine RootSIFT 0
911.174 683.598 616.031 368.567 0.78698 0.78698 HessianAffine RootSIFT 0
762.796 452.695 509.99 494.006 0.787209 0.976886 HessianAffine RootSIFT 0
754.854 215.875 298.011 710.991 0.787309 0.787309 HessianAffine RootSIFT 0
607.945 212.801 442.883 879.813 0.787616 0.787616 HessianAffine RootSIFT 0
719.969 224.156 423.728 241.387 0.787687 0.787687 HessianAffine RootSIFT 0
245.477 494.222 430.976 471.388 0.787753 0.787753 HessianAffine RootSIFT 0
911.481 447.064 432.707 443.944 0.787998 0.787998 HessianAffine RootSIFT 0
528.29 304.33 382.397 496.138 0.787999 0.787999 HessianAffine RootSIFT 0
688.132 222.951 306.86 644.131 0.788156 0.788156 HessianAffine RootSIFT 0
403.832 203.412 433.282 208.329 0.788246 0.788246 HessianAffine RootSIFT 0
322.263 491.149 307.049 639.437 0.788459 0.913311 HessianAffine RootSIFT 0
295.159 269.108 560.136 119.88 0.788479 0.788479 HessianAffine RootSIFT 0
415.56 218.369 542.948 236.394 0.788809 0.969148 HessianAffine RootSIFT 0
496.881 350.297 407.158 914.989 0.788957 0.788957 HessianAffine RootSIFT 0
771.88 337.333 421.658 501.428 0.788974 0.788974 HessianAffine RootSIFT 0
402.541 446.396 252.096 826.443 0.789132 0.975645 HessianAffine RootSIFT 0
339.821 469.57 448.837 587.266 0.789304 0.789304 HessianAffine RootSIFT 0
584.806 491.597 409.618 905.951 0.789418 0.789418 MSER RootSIFT 0
880.991 487.024 391.08 855.543 0.789428 0.789428 HessianAffine RootSIFT 0
615.241 200.304 406.583 248.283 0.789437 0.979515 HessianAffine RootSIFT 0
493.265 445.694 450.461 454.681 0.789932 0.927615 HessianAffine RootSIFT 0
646.827 281.822 404.369 319.582 0.790261 0.790261 HessianAffine RootSIFT 0
280.532 468.561 434.81 830.527 0.790363 0.852172 HessianAffine RootSIFT 0
654.371 425.338 347.153 753.698 0.790514 0.847809 HessianAffine RootSIFT 0
251.518 473.435 41.9445 812.047 0.790526 0.790526 HessianAffine RootSIFT 0
262.176 468.78 457.569 638.64 0.790751 0.790751 HessianAffine RootSIFT 0
601.93 212.909 380.333 308.964 0.790912 0.855381 HessianAffine RootSIFT 1
784.319 470.097 420.187 832.691 0.791466 0.791466 HessianAffine RootSIFT 0
920.261 261.254 526.399 155.896 0.791925 0.791925 HessianAffine RootSIFT 0
424.284 208.074 467.945 442.102 0.791973 0.791973 HessianAffine RootSIFT 0
670.136 491.75 382.948 674.824 0.792024 0.792024 HessianAffine RootSIFT 0
726.691 488.561 358.459 927.384 0.79207 0.79207 HessianAffine RootSIFT 0
487.107 335.954 306.86 644.131 0.792101 0.901981 HessianAffine RootSIFT 0
768.826 273.913 465.049 518.386 0.792106 0.792106 HessianAffine RootSIFT 0
889.152 341.864 450.087 200.615 0.792356 0.792356 HessianAffine RootSIFT 0
889.462 356.775 294.525 660.836 0.792575 0.792575 HessianAffine RootSIFT 0
659.789 415.623 470.277 337.211 0.792621 0.792621 HessianAffine RootSIFT 0
950.009 456.113 252.096 826.443 0.792838 0.990614 HessianAffine RootSIFT 0
596.639 450.963 446.725 767.444 0.792872 0.792872 HessianAffine RootSIFT 0
845.935 249.684 477.772 232.234 0.793324 0.793324 HessianAffine RootSIFT 1
361.606 398.507 257.662 822.998 0.793509 0.793509 HessianAffine RootSIFT 0
898.302 356.828 470.426 490.05 0.793516 0.793516 HessianAffine RootSIFT 1
882.81 475.445 391.08 855.543 0.793616 0.793616 HessianAffine RootSIFT 0
750.062 245.755 427.685 313.722 0.793866 0.793866 HessianAffine RootSIFT 0
287.613 452.851 369.341 436.094 0.793894 0.793894 HessianAffine RootSIFT 0
258.451 443.825 285.233 645.963 0.794152 0.943194 HessianAffine RootSIFT 0
897.383 654.393 613.988 345.727 0.794256 0.794256 HessianAffine RootSIFT 0
277.462 464.844 73.0724 538.116 0.794297 0.914574 HessianAffine RootSIFT 0
900.39 733.291 600.853 487.941 0.794299 0.794299 MSER RootSIFT 0
416.354 204.989 444.509 192.286 0.794471 0.794471 HessianAffine RootSIFT 0
626.844 497.585 253.202 821.083 0.794529 0.794529 HessianAffine RootSIFT 0
838.098 285.597 460.031 335.785 0.79464 0.930103 HessianAffine RootSIFT 0
506.532 508.868 374.182 803.5 0.794658 0.794658 HessianAffine RootSIFT 0
359.57 448.41 244.909 914.013 0.795551 0.93215 HessianAffine RootSIFT 0
560.357 279.042 345.383 492.292 0.795703 0.795703 HessianAffine RootSIFT 0
771.003 456.313 375.675 812.188 0.79573 0.79573 HessianAffine RootSIFT 0
724.503 341.132 542.948 236.394 0.795901 0.795901 HessianAffine RootSIFT 0
415.517 467.394 189.759 554.207 0.79593 0.971178 HessianAffine RootSIFT 0
343.849 277.636 257.804 821.836 0.795974 0.969553 HessianAffine RootSIFT 0
629.716 254.187 289.985 685.696 0.796011 0.952826 MSER RootSIFT 0
473.488 220.156 338.136 390.93 0.796043 0.796043 HessianAffine RootSIFT 0
405.346 437.482 306.633 851.211 0.796087 0.796087 HessianAffine RootSIFT 0
884.489 371.498 282.938 673.183 0.796151 0.796151 HessianAffine RootSIFT 0
772.674 256.966 469.064 606.274 0.796247 0.796247 HessianAffine RootSIFT 0
817.747 340.569 434.492 493.962 0.796264 0.796264 HessianAffine RootSIFT 1
353.032 442.217 306.633 851.211 0.796626 0.849714 HessianAffine RootSIFT 0
513.123 233.929 488.118 540.593 0.796787 0.796787 HessianAffine RootSIFT 0
755.373 377.408 382.948 674.824 0.796806 0.796806 HessianAffine RootSIFT 0
490.64 454.196 488.252 546.552 0.79689 0.79689 HessianAffine RootSIFT 0
798.53 398.178 404.167 675.98 0.797054 0.797054 HessianAffine RootSIFT 0
500.933 444.817 306.633 851.211 0.797525 0.797525 HessianAffine RootSIFT 0
864.49 256.026 487.01 234.925 0.797901 0.797901 HessianAffine RootSIFT 0
446.894 491.19 257.117 835.451 0.797983 0.797983 HessianAffine RootSIFT 0
525.851 378.496 397.071 800.529 0.798002 0.996824 MSER RootSIFT 0
610.56 481.492 63.8308 381.512 0.798053 0.952543 HessianAffine RootSIFT 0
493.816 503.114 374.182 803.5 0.798191 0.926723 HessianAffine RootSIFT 0
519.6 493.547 328.274 514.32 0.798453 0.798453 HessianAffine RootSIFT 0
861.443 249.959 258.802 814.489 0.798537 0.798537 HessianAffine RootSIFT 0
791.227 402.083 443.541 272.034 0.798556 0.798556 HessianAffine RootSIFT 0
819.608 504.215 407.055 782.925 0.798654 0.798654 HessianAffine RootSIFT 0
521.678 446.492 450.461 454.681 0.798797 0.931439 HessianAffine RootSIFT 0
854.766 500.202 391.097 908.423 0.798898 0.99006 HessianAffine RootSIFT 0
720.771 400.83 465.049 518.386 0.799069 0.799069 HessianAffine RootSIFT 0
905.468 508.126 70.1162 526.552 0.799228 0.799228 HessianAffine RootSIFT 0
593.705 380.203 319.491 720.686 0.799439 0.799439 HessianAffine RootSIFT 0
422.682 212.139 544.393 231.38 0.799625 0.99743 HessianAffine RootSIFT 0
394.82 365.96 443.541 272.034 0.799731 0.799731 HessianAffine RootSIFT 0
291.754 452.823 488.252 546.552 0.799938 0.799938 HessianAffine RootSIFT 0
680.938 225.854 410.443 289.238 0.801647 0.801647 MSER RootSIFT 0
763.175 256.366 430.846 327.331 0.802898 0.802898 MSER RootSIFT 0
691.471 238.5 410.263 289.32 0.805595 0.805595 MSER RootSIFT 0
614.489 326.543 355.39 544.878 0.80601 0.90867 MSER RootSIFT 0
937.096 483.462 430.846 327.331 0.807457 0.807457 MSER RootSIFT 0
677.448 237.495 399.437 341.282 0.809006 0.99607 MSER RootSIFT 0
644.544 479.589 446.512 842.209 0.809019 0.809019 MSER RootSIFT 0
880.436 470.401 379.355 604.85 0.812125 0.973942 MSER RootSIFT 0
522.682 461.864 286.5 899.236 0.814655 0.814655 MSER RootSIFT 0
287.333 458.167 291.406 894.368 0.814841 0.952844 MSER RootSIFT 0
484.804 353.583 311.395 859.184 0.817153 0.942347 MSER RootSIFT 0
416.688 474.007 295.413 505.48 0.818019 0.988476 MSER RootSIFT 0
552.333 476.889 393.918 827.056 0.818558 0.818558 MSER RootSIFT 0
545.071 388.817 399.437 341.282 0.820614 0.998673 MSER RootSIFT 0
362.582 248.615 294.95 502.347 0.820937 0.820937 MSER RootSIFT 0
352.781 479.686 386.183 908.167 0.821164 0.821164 MSER RootSIFT 0
792.196 485.923 383.901 842.419 0.821708 0.821708 MSER RootSIFT 0
655.243 576.986 98.7231 170.634 0.821856 0.89828 MSER RootSIFT 0
607.868 324.671 355.39 544.878 0.822223 0.972877 MSER RootSIFT 0
375.895 370.625 419.831 579.659 0.824414 0.98139 MSER RootSIFT 0
394.485 260.233 303.927 502.566 0.824962 0.824962 MSER RootSIFT 0
576.459 249.87 421.676 580.921 0.825129 0.932071 MSER RootSIFT 0
362.775 470.611 295.413 505.48 0.825186 0.971936 MSER RootSIFT 0
101.335 142.652 621.849 368.795 0.825349 0.946305 MSER RootSIFT 0
350.277 252.333 293.707 507.527 0.828596 0.858539 MSER RootSIFT 0
833.5 256.5 361.609 800.674 0.833299 0.833299 MSER RootSIFT 0
811.402 376.292 421.676 580.921 0.834558 0.865097 MSER RootSIFT 0
576.994 251.441 410.263 289.32 0.83463 0.83463 MSER RootSIFT 0
442.585 471.077 399.437 341.282 0.835769 0.995409 MSER RootSIFT 0
886.796 487.006 370.76 341.776 0.83588 0.83588 MSER RootSIFT 0
282.952 470.794 295.413 505.48 0.83774 0.988092 MSER RootSIFT 0
866.499 356.255 309.769 483.823 0.838132 0.838132 MSER RootSIFT 0
358.433 470.401 376.47 373.843 0.838408 0.899698 MSER RootSIFT 0
358.371 468.061 381.837 370.307 0.839453 0.969305 MSER RootSIFT 0
50.8154 279.896 588.42 498.74 0.841847 0.841847 MSER RootSIFT 0
308.295 472.41 555.47 797.27 0.841919 0.884013 MSER RootSIFT 0
755.967 266.706 355.636 916.818 0.842069 0.842069 MSER RootSIFT 0
259.577 465.758 295.025 507.355 0.842144 0.99808 MSER RootSIFT 0
685.76 230 410.443 289.238 0.842262 0.842262 MSER RootSIFT 0
909.167 497.306 376.75 922.583 0.842365 0.842365 MSER RootSIFT 0
624.866 327.76 358.136 558.279 0.842798 0.993478 MSER RootSIFT 1
388.726 472.384 295.413 505.48 0.843302 0.870679 MSER RootSIFT 0
414.425 364.53 276.028 752.593 0.844288 0.93275 MSER RootSIFT 0
853.988 508.988 352.533 540.686 0.844743 0.986787 MSER RootSIFT 0
106.066 143.98 372.441 350.868 0.845251 0.845251 MSER RootSIFT 0
635.15 252.828 289.143 689.223 0.846908 0.989649 MSER RootSIFT 0
102.282 140.138 593.562 506.562 0.847462 0.964473 MSER RootSIFT 0
624.866 327.76 358.991 552.417 0.848197 0.848197 MSER RootSIFT 0
589.133 473.05 376.47 373.843 0.84851 0.881105 MSER RootSIFT 0
361.866 254.771 295.025 507.355 0.848813 0.951936 MSER RootSIFT 0
276.791 466.867 293.796 502.839 0.849541 0.887401 MSER RootSIFT 0
