111.759 193.435 306.855 169.268 0.371974 0.94322 MSER RootSIFT 0
98.105 205.45 255.275 168.417 0.38301 0.975515 MSER RootSIFT 0
123.893 201.127 270.78 172.96 0.393447 0.393447 HessianAffine RootSIFT 0
121.382 166.125 422.865 166.252 0.411436 0.411436 HessianAffine RootSIFT 0
309.851 222.764 164.3 213.241 0.436151 0.436151 HessianAffine RootSIFT 1
256.317 207.695 242.486 201.1 0.443874 0.443874 MSER RootSIFT 0
77.2669 197.255 286.449 162.859 0.468137 0.838981 HessianAffine RootSIFT 0
97.8434 228.911 145.312 169.148 0.470375 0.470375 HessianAffine RootSIFT 1
108.386 218.014 193.652 169.562 0.477566 0.99876 MSER RootSIFT 0
101.965 217.751 192.689 168.619 0.488286 0.852936 HessianAffine RootSIFT 1
115.022 169.245 412.842 166.612 0.490535 0.490535 HessianAffine RootSIFT 0
104.481 199.875 281.043 168.642 0.498334 0.946199 MSER RootSIFT 0
194.02 175.293 385.535 185.042 0.510458 0.831654 HessianAffine RootSIFT 1
144.708 198.74 115.872 222.775 0.512243 0.902481 MSER RootSIFT 0
389.526 206.273 232.719 232.12 0.513028 0.513028 HessianAffine RootSIFT 0
116.209 167.493 422.865 166.252 0.514355 0.514355 HessianAffine RootSIFT 0
101.423 212.194 220.439 168.232 0.51582 0.51582 HessianAffine RootSIFT 1
182.575 175.383 388.665 183.859 0.516889 0.516889 HessianAffine RootSIFT 0
259.457 199.643 274.823 200.546 0.520716 0.520716 MSER RootSIFT 1
321.295 177.368 386.655 213.017 0.521004 0.9273 HessianAffine RootSIFT 0
368.049 174.561 392.278 225.353 0.523764 0.883288 HessianAffine RootSIFT 0
254.386 199.984 274.823 200.546 0.547731 0.547731 MSER RootSIFT 0
445.508 168.317 419.088 243.206 0.550995 0.550995 HessianAffine RootSIFT 0
399.035 164.261 440.687 228.708 0.554833 0.554833 HessianAffine RootSIFT 0
97.5869 165.61 428.386 162.172 0.562954 0.562954 HessianAffine RootSIFT 0
219.323 203.632 258.064 193.066 0.56849 0.968086 HessianAffine RootSIFT 0
296.14 171.903 409.671 210.539 0.572867 0.998066 HessianAffine RootSIFT 0
295.461 169.825 423.486 207.473 0.573432 0.573432 MSER RootSIFT 0
335.994 178.802 372.794 215.241 0.576061 0.576061 HessianAffine RootSIFT 0
117.221 159.021 455.549 166.091 0.590801 0.860371 HessianAffine RootSIFT 0
315.928 172.176 401.11 209.419 0.592071 0.936511 HessianAffine RootSIFT 0
197.46 200.22 275.636 187.697 0.594306 0.945624 MSER RootSIFT 0
389.923 218.585 175.741 230.164 0.597808 0.961471 HessianAffine RootSIFT 0
303.358 161.236 455.419 208.088 0.602355 0.602355 HessianAffine RootSIFT 1
366.33 214.896 199.449 226.078 0.605581 0.605581 HessianAffine RootSIFT 1
387.847 204.203 250.639 230.949 0.606317 0.606317 MSER RootSIFT 0
464.529 180.583 355.986 248.574 0.608523 0.965583 HessianAffine RootSIFT 0
163.623 183.788 344.709 178.713 0.611024 0.840127 HessianAffine RootSIFT 1
83.5739 169.889 406.503 159.756 0.617858 0.617858 HessianAffine RootSIFT 0
326.871 199.814 271.227 215.833 0.618435 0.895581 MSER RootSIFT 1
72.4572 150.399 112.201 157.883 0.624077 0.828168 HessianAffine RootSIFT 0
465.532 160.097 457.78 245.857 0.625776 0.946061 HessianAffine RootSIFT 0
225.582 214.385 207.98 195.941 0.628916 0.628916 HessianAffine RootSIFT 0
100.228 190.283 301.47 182.575 0.63214 0.63214 HessianAffine RootSIFT 0
482.633 173.05 394.896 252.068 0.632431 0.900593 HessianAffine RootSIFT 0
58.2437 229.52 103.553 239.917 0.63273 0.927885 HessianAffine RootSIFT 0
74.644 217.831 194.226 162.6 0.636415 0.636415 HessianAffine RootSIFT 0
160.626 182.863 337.079 178.57 0.642329 0.975124 HessianAffine RootSIFT 0
198.545 184.659 343.643 186.246 0.647752 0.647752 MSER RootSIFT 1
113.248 166.124 429.107 165.678 0.649035 0.862769 MSER RootSIFT 0
342.394 167.747 424.675 218.581 0.651296 0.651296 HessianAffine RootSIFT 1
96.3013 217.698 191.987 167.693 0.653342 0.935707 HessianAffine RootSIFT 1
195.515 165.951 432.733 183.743 0.655863 0.655863 HessianAffine RootSIFT 1
198.15 194.075 300.023 186.746 0.65616 0.934911 MSER RootSIFT 1
73.9536 211.579 222.981 163.144 0.656249 0.656249 HessianAffine RootSIFT 1
163.227 226.015 158.457 181.6 0.657003 0.920872 MSER RootSIFT 0
166.833 229.5 140.385 182.254 0.658103 0.944653 MSER RootSIFT 0
95.9281 225.148 159.147 168.77 0.658752 0.658752 HessianAffine RootSIFT 0
361.421 225.102 146.084 225.125 0.663016 0.663016 HessianAffine RootSIFT 0
325.066 225.085 150.058 216.249 0.665489 0.665489 HessianAffine RootSIFT 0
210.11 170.524 414.606 187.323 0.667851 0.667851 MSER RootSIFT 0
394.8 174.707 393.157 228.982 0.670909 0.989934 HessianAffine RootSIFT 0
404.239 211.281 217.339 235.993 0.673352 0.673352 HessianAffine RootSIFT 0
484.083 163.653 440.431 250.068 0.673588 0.951419 HessianAffine RootSIFT 0
78.1051 184.435 344.45 161.185 0.680617 0.980765 HessianAffine RootSIFT 1
543.114 149.035 113.778 158.911 0.68073 0.860863 HessianAffine RootSIFT 0
430.293 220.714 163.575 241.39 0.683381 0.683381 HessianAffine RootSIFT 0
578.683 238.708 519.622 268.461 0.686525 0.686525 HessianAffine RootSIFT 0
256.735 192.716 304.935 199.452 0.688335 0.920874 MSER RootSIFT 1
444.613 157.483 478.176 236.779 0.689738 0.840208 HessianAffine RootSIFT 0
359.972 174.487 389.382 224.782 0.690286 0.978729 HessianAffine RootSIFT 0
161.202 229.059 140.385 182.254 0.690696 0.928852 MSER RootSIFT 1
464.155 173.627 391.773 248.409 0.692292 0.692292 MSER RootSIFT 0
142.681 217.053 204.158 177.979 0.694758 0.694758 HessianAffine RootSIFT 0
543.156 148.043 519.622 268.461 0.69651 0.942247 HessianAffine RootSIFT 0
320.439 162.616 445.763 212.577 0.69709 0.931821 HessianAffine RootSIFT 0
91.8168 157.991 456.304 162.184 0.701935 0.960486 HessianAffine RootSIFT 0
333.483 205.865 244.854 227.928 0.703442 0.703442 HessianAffine RootSIFT 0
303.656 172.253 404.023 209.472 0.704018 0.704018 HessianAffine RootSIFT 1
75.6237 189.127 321.685 161.044 0.704846 0.866659 HessianAffine RootSIFT 1
497.421 158.354 476.16 257.691 0.70509 0.980083 HessianAffine RootSIFT 0
440.311 167.58 425.641 240.524 0.705955 0.989504 HessianAffine RootSIFT 0
199.543 184.7 336.551 185.949 0.706422 0.952504 MSER RootSIFT 0
341.492 190.45 477.344 223.87 0.707177 0.707177 MSER RootSIFT 0
103.301 225.263 159.147 168.77 0.708983 0.708983 HessianAffine RootSIFT 0
446.579 213.27 193.936 245.03 0.713944 0.882234 HessianAffine RootSIFT 0
132.932 168.734 415.592 169.284 0.714143 0.714143 HessianAffine RootSIFT 0
81.7547 165.216 423.535 158.108 0.715832 0.947743 HessianAffine RootSIFT 0
481.665 160.235 458.887 251.756 0.716456 0.716456 HessianAffine RootSIFT 0
439.685 192.062 305.603 243.655 0.716658 0.716658 HessianAffine RootSIFT 0
119.75 175.472 389.7 168.1 0.717242 0.900262 MSER RootSIFT 0
364.032 211.554 208.698 225.876 0.71787 0.890457 HessianAffine RootSIFT 0
340.421 226.671 143.598 219.348 0.719769 0.884457 MSER RootSIFT 0
450.831 210.621 221.125 246.484 0.723554 0.972279 MSER RootSIFT 0
258.402 222.207 176.059 202.381 0.726432 0.726432 MSER RootSIFT 0
49.8566 264.909 86.8359 289.294 0.728778 0.950775 HessianAffine RootSIFT 0
133.33 160.219 455.549 166.091 0.733754 0.733754 HessianAffine RootSIFT 0
55.9919 242.555 97.3974 265.141 0.738874 0.738874 HessianAffine RootSIFT 0
438.583 202.888 261.918 244.52 0.740648 0.740648 HessianAffine RootSIFT 0
361.789 218.828 179.618 224.105 0.74339 0.852692 HessianAffine RootSIFT 0
258.25 178.639 377.273 200.147 0.745892 0.983098 MSER RootSIFT 0
372.26 214.274 199.449 226.078 0.746183 0.875679 HessianAffine RootSIFT 0
283.949 208.376 228.56 207.7 0.746926 0.746926 HessianAffine RootSIFT 1
397.241 221.052 169.872 233.383 0.751409 0.751409 MSER RootSIFT 1
354.161 174.718 389.382 224.782 0.75271 0.880954 HessianAffine RootSIFT 0
201.5 217.646 201.54 190.8 0.755538 0.755538 MSER RootSIFT 0
205.441 184.232 352.077 188.183 0.756781 0.756781 HessianAffine RootSIFT 0
347.265 196.716 286.886 220.157 0.757034 0.874687 MSER RootSIFT 1
280.703 211.253 210.212 169.04 0.758403 0.758403 HessianAffine RootSIFT 0
406.572 200.192 262.16 234.851 0.760413 0.760413 HessianAffine RootSIFT 1
75.5468 151.913 70.902 291.265 0.761078 0.761078 HessianAffine RootSIFT 0
116.64 184.54 346.567 168.678 0.762922 0.858934 MSER RootSIFT 1
545.671 161.867 481.373 179.497 0.763488 0.948998 HessianAffine RootSIFT 0
77.5839 218.478 217.455 168.698 0.763851 0.763851 HessianAffine RootSIFT 0
283.854 207.06 239.105 206.583 0.764028 0.764028 HessianAffine RootSIFT 1
404.239 211.281 224.562 236.153 0.764516 0.943298 HessianAffine RootSIFT 0
139.768 175.914 173.54 268.031 0.76525 0.76525 HessianAffine RootSIFT 0
409.259 209.18 229.891 236.093 0.766217 0.766217 HessianAffine RootSIFT 0
423.417 208.551 229.03 237.525 0.76656 0.88508 HessianAffine RootSIFT 0
547.921 156.496 512.263 286.237 0.766736 0.766736 HessianAffine RootSIFT 0
541.656 153.215 95.6806 284.388 0.767126 0.957314 HessianAffine RootSIFT 0
408.937 208.7 217.339 235.993 0.76746 0.871252 HessianAffine RootSIFT 0
390.6 165.243 438.016 230.62 0.767605 0.767605 MSER RootSIFT 0
408.937 208.7 224.562 236.153 0.769278 0.906099 HessianAffine RootSIFT 1
161.202 229.059 119.903 232.872 0.774184 0.774184 MSER RootSIFT 0
132.458 204.569 217.455 168.698 0.77671 0.832275 HessianAffine RootSIFT 0
326.571 179.738 372.559 215.618 0.77702 0.868784 MSER RootSIFT 0
574.035 229.473 507.813 277.286 0.777668 0.999088 HessianAffine RootSIFT 0
193.269 217.054 201.54 190.8 0.779903 0.779903 MSER RootSIFT 0
342.645 172.887 121.424 224.484 0.780337 0.780337 HessianAffine RootSIFT 0
220.299 175.492 160.34 271.335 0.783048 0.933174 HessianAffine RootSIFT 0
121.995 190.003 312.357 165.766 0.783849 0.783849 HessianAffine RootSIFT 0
343.508 218.439 177.283 226.641 0.784556 0.903762 HessianAffine RootSIFT 0
396.618 165.202 433.4 223.05 0.786835 0.918508 MSER RootSIFT 0
487.612 212.573 201.611 255.365 0.788215 0.788215 HessianAffine RootSIFT 0
85.2818 217.46 208.301 168.036 0.788791 0.948121 HessianAffine RootSIFT 0
65.2294 244.399 113.592 270.811 0.790124 0.790124 HessianAffine RootSIFT 0
545.671 161.867 513.226 266.668 0.790256 0.922918 HessianAffine RootSIFT 0
82.9184 157.489 459.855 157.858 0.790441 0.95375 HessianAffine RootSIFT 0
80.5943 192.283 305.093 162.159 0.79239 0.79239 HessianAffine RootSIFT 0
512.343 212.283 117.159 228.258 0.797131 0.797131 HessianAffine RootSIFT 0
121.444 195.036 312.683 171.299 0.799862 0.943109 HessianAffine RootSIFT 0
304.705 216.992 172.669 230.505 0.800756 0.888693 MSER RootSIFT 0
340.5 173.446 410.584 213.619 0.810835 0.810835 MSER RootSIFT 0
215.433 225.233 162.784 193.604 0.822686 0.822686 MSER RootSIFT 0
344.478 176.176 116.089 243.554 0.823657 0.823657 MSER RootSIFT 0
174.5 239.714 137.211 223.526 0.826144 0.996577 MSER RootSIFT 0
407.881 220.921 176.371 234.532 0.828157 0.828157 MSER RootSIFT 0
225.052 200.49 404.932 204.932 0.828461 0.873082 MSER RootSIFT 0
301.312 201.707 477.344 223.87 0.830146 0.830146 MSER RootSIFT 0
307.227 191.273 359.5 215.565 0.833271 0.833271 MSER RootSIFT 0
102.474 229.263 170.004 230.775 0.838495 0.978281 MSER RootSIFT 0
343.532 169.637 196.176 169.554 0.838652 0.838652 MSER RootSIFT 0
160.045 212.082 390.559 188.417 0.840027 0.980734 MSER RootSIFT 0
325.873 190.114 316.5 215.106 0.846413 0.908436 MSER RootSIFT 1
344.478 176.176 473.395 261.746 0.847603 0.979397 MSER RootSIFT 0
166.833 229.5 119.903 232.872 0.848961 0.848961 MSER RootSIFT 0
203.717 180.152 366.516 186.935 0.849096 0.899121 MSER RootSIFT 1
