307.029 126.966 560.837 92.8055 0.477917 0.477917 HessianAffine RootSIFT 0
746.558 48.4255 622.717 100.002 0.543588 0.889766 HessianAffine RootSIFT 0
403.39 448.203 567.001 453.567 0.546882 0.984556 HessianAffine RootSIFT 0
215.711 224.141 379.071 229.857 0.571257 0.571257 HessianAffine RootSIFT 0
294.578 156.013 559.588 156.277 0.573904 0.573904 HessianAffine RootSIFT 0
319.07 119.788 560.837 92.8055 0.578371 0.578371 HessianAffine RootSIFT 0
333.252 247.353 564.866 282.243 0.591212 0.917773 HessianAffine RootSIFT 0
630.032 72.295 607.399 107.425 0.595385 0.817176 HessianAffine RootSIFT 1
438.889 613.892 568.995 521.212 0.597388 0.873953 HessianAffine RootSIFT 0
360.472 238.326 565.938 280.163 0.597491 0.999427 MSER RootSIFT 0
595.49 333.26 578.702 380.218 0.60313 0.60313 HessianAffine RootSIFT 0
273.946 144.528 553.44 130.323 0.603534 0.603534 HessianAffine RootSIFT 0
159.023 473.701 60.586 279.734 0.606701 0.844292 HessianAffine RootSIFT 0
391.625 352.247 569.214 393.127 0.60731 0.873146 HessianAffine RootSIFT 0
521.782 368.918 579.01 421.551 0.607704 0.979885 HessianAffine RootSIFT 0
477.094 327.053 577.017 383.164 0.607996 0.607996 HessianAffine RootSIFT 0
244.534 206.485 551.955 216.218 0.608697 0.860315 HessianAffine RootSIFT 0
193.774 408.019 553.775 406.256 0.611173 0.894004 HessianAffine RootSIFT 0
374.593 110.405 570.984 89.4037 0.613434 0.968779 HessianAffine RootSIFT 0
494.637 282.965 578.769 348.458 0.615228 0.89609 HessianAffine RootSIFT 0
767.738 49.9532 623.92 114.607 0.615345 0.921217 HessianAffine RootSIFT 1
49.956 288.449 513.164 286.139 0.617271 0.617271 HessianAffine RootSIFT 0
553.275 620.748 576.231 525.47 0.621861 0.962361 HessianAffine RootSIFT 0
410.702 106.504 577.199 95.5398 0.622019 0.622019 HessianAffine RootSIFT 1
348.255 228.727 566.328 270.923 0.625475 0.625475 HessianAffine RootSIFT 0
821.061 547.669 60.586 279.734 0.628819 0.8335 HessianAffine RootSIFT 0
556.487 311.459 582.752 382.181 0.629251 0.902961 HessianAffine RootSIFT 0
545.078 643.346 575.243 532.024 0.631691 0.956687 HessianAffine RootSIFT 0
516.358 313.631 578.009 382.13 0.632711 0.860821 HessianAffine RootSIFT 0
425.605 235.272 83.7188 295.466 0.633278 0.971032 HessianAffine RootSIFT 0
515.064 433.514 518.83 344 0.636192 0.953801 HessianAffine RootSIFT 0
243.045 327.602 575.774 334.61 0.638865 0.638865 HessianAffine RootSIFT 0
360.738 131.818 568.748 121.196 0.640097 0.918691 HessianAffine RootSIFT 0
259.87 151.172 552.851 126.221 0.640563 0.899158 HessianAffine RootSIFT 0
793.706 595.919 704.235 251.852 0.641913 0.897788 HessianAffine RootSIFT 0
400.663 271.234 571.333 327.134 0.641941 0.641941 HessianAffine RootSIFT 0
322.872 197.458 562.888 228.274 0.643244 0.990389 HessianAffine RootSIFT 0
406.683 614.881 568.995 521.212 0.643795 0.993713 HessianAffine RootSIFT 0
350.783 106.877 566.924 71.9841 0.646701 0.961154 HessianAffine RootSIFT 0
592.175 81.4643 602.422 108.918 0.647242 0.990333 HessianAffine RootSIFT 1
604.391 331.611 586.527 402.808 0.648524 0.932838 HessianAffine RootSIFT 0
560.589 621.094 576.309 525.448 0.648936 0.648936 HessianAffine RootSIFT 0
322.317 290.814 561.345 331.27 0.649006 0.884049 MSER RootSIFT 1
355.563 236.895 565.938 280.163 0.649634 0.98693 MSER RootSIFT 0
380.512 109.987 572.038 89.3865 0.650085 0.650085 HessianAffine RootSIFT 0
565.437 436.711 581.124 457.534 0.653451 0.848813 HessianAffine RootSIFT 0
298.838 168.567 560.115 176.748 0.654586 0.654586 HessianAffine RootSIFT 0
409.943 318.706 571.141 371.205 0.654868 0.654868 HessianAffine RootSIFT 0
464.43 276.769 575.153 340.576 0.655058 0.655058 HessianAffine RootSIFT 0
520.002 280.503 581.129 354.933 0.656982 0.656982 HessianAffine RootSIFT 0
200.131 425.158 553.469 422.151 0.656983 0.997937 HessianAffine RootSIFT 0
504.396 275.373 583.344 323.951 0.658372 0.658372 HessianAffine RootSIFT 0
390.664 571.123 566.227 499.498 0.658793 0.992245 HessianAffine RootSIFT 0
428.385 193.11 575.285 243.801 0.659034 0.899895 HessianAffine RootSIFT 0
324.332 151.138 340.12 618.011 0.660033 0.660033 HessianAffine RootSIFT 0
569.776 497.536 578.317 480.387 0.660901 0.884176 HessianAffine RootSIFT 0
469.428 428.337 186.991 198.356 0.661485 0.968402 HessianAffine RootSIFT 0
472.072 231.962 189.803 33.0053 0.662012 0.99167 HessianAffine RootSIFT 0
564.741 606.56 577.182 520.216 0.66219 0.966202 HessianAffine RootSIFT 0
528.94 134.718 590.833 180.291 0.66271 0.979642 HessianAffine RootSIFT 1
455.568 105.264 581.905 102.342 0.662983 0.891322 HessianAffine RootSIFT 0
634.289 168.917 209.758 230.547 0.663266 0.967743 HessianAffine RootSIFT 0
615.205 64.8542 606.044 88.4296 0.664176 0.904699 HessianAffine RootSIFT 0
433.179 272.583 572.808 330.971 0.664211 0.870186 HessianAffine RootSIFT 0
331.199 290 561.345 331.27 0.664825 0.948169 MSER RootSIFT 0
67.5739 585.582 260.161 610.416 0.664993 0.664993 HessianAffine RootSIFT 0
507.546 264.79 580.591 329.038 0.665006 0.99525 HessianAffine RootSIFT 0
886.918 222.841 559.237 276.471 0.666238 0.666238 HessianAffine RootSIFT 0
51.3745 277.569 186.991 198.356 0.666641 0.997164 HessianAffine RootSIFT 0
360.298 225.702 567.506 263.397 0.667169 0.667169 HessianAffine RootSIFT 0
217.475 372.897 555.019 387.985 0.667233 0.998492 HessianAffine RootSIFT 0
522.425 130.844 457.017 113.531 0.6679 0.82911 HessianAffine RootSIFT 0
417.714 314.824 571.134 370.303 0.668143 0.668143 HessianAffine RootSIFT 1
596.463 330.938 585.759 400.836 0.668534 0.835643 HessianAffine RootSIFT 0
354.735 118.224 569.343 93.2667 0.668866 0.906125 HessianAffine RootSIFT 1
543.053 199.354 576.374 384.385 0.669798 0.912114 HessianAffine RootSIFT 0
400.691 299.981 569.671 393.104 0.670527 0.831205 HessianAffine RootSIFT 0
298.474 578.553 230.725 721.575 0.670875 0.670875 MSER RootSIFT 0
200.557 377.787 550.408 389.048 0.671316 0.876794 HessianAffine RootSIFT 0
534.198 468.178 577.508 465.444 0.672594 0.908912 HessianAffine RootSIFT 0
339.03 220.635 565.679 255.266 0.674291 0.674291 HessianAffine RootSIFT 0
235.506 136.814 550.235 82.3776 0.675214 0.885891 HessianAffine RootSIFT 0
555.212 536.2 577.646 492.214 0.675804 0.675804 HessianAffine RootSIFT 0
419.048 198.087 574.14 246.362 0.676029 0.8623 HessianAffine RootSIFT 0
531.907 92.1522 593.394 110.836 0.677024 0.925243 HessianAffine RootSIFT 0
435.68 589.853 568.6 511.622 0.677844 0.989154 HessianAffine RootSIFT 0
380.747 125.505 571.772 120.551 0.678043 0.801998 HessianAffine RootSIFT 0
443.783 245.617 576.295 300.182 0.678922 0.678922 HessianAffine RootSIFT 0
309.801 293.116 560.645 334.452 0.679106 0.679106 MSER RootSIFT 0
315.656 290.625 560.645 334.452 0.679457 0.897185 MSER RootSIFT 0
420.765 445.77 567.001 453.567 0.679889 0.980398 HessianAffine RootSIFT 0
336.888 229.103 566.642 262.026 0.679949 0.958314 HessianAffine RootSIFT 0
193.603 431.82 553.469 422.151 0.680062 0.916008 HessianAffine RootSIFT 0
537.877 326.169 581.566 391.726 0.680471 0.832074 HessianAffine RootSIFT 0
463.251 311.874 576.266 369.119 0.681309 0.82748 HessianAffine RootSIFT 0
642.376 347.204 579.198 394.237 0.68177 0.902629 HessianAffine RootSIFT 0
184.399 440.328 553.469 422.151 0.682629 0.975346 HessianAffine RootSIFT 0
583.99 82.8869 599.567 117.083 0.682808 0.682808 HessianAffine RootSIFT 0
523.962 281.229 584.153 350.817 0.683704 0.683704 HessianAffine RootSIFT 0
575.65 94.0638 599.338 128.193 0.684825 0.816711 HessianAffine RootSIFT 1
462.703 219.632 577.942 279.293 0.685577 0.685577 HessianAffine RootSIFT 0
824.783 651.16 831.864 234.5 0.687194 0.687194 MSER RootSIFT 0
724.891 65.4113 618.368 121.626 0.687975 0.687975 HessianAffine RootSIFT 0
551.347 287.776 583.007 349.925 0.688338 0.688338 HessianAffine RootSIFT 0
510.022 313.755 579.875 379.18 0.690159 0.852465 HessianAffine RootSIFT 1
447.099 221.438 577.268 278.81 0.690221 0.848396 HessianAffine RootSIFT 0
558.359 252.908 586.775 325.592 0.690393 0.820309 HessianAffine RootSIFT 0
528.457 129.629 591.223 176.444 0.690456 0.690456 HessianAffine RootSIFT 0
426.444 255.28 574.77 310.978 0.690723 0.874977 HessianAffine RootSIFT 0
499.33 251.643 581.196 309.027 0.691082 0.820145 HessianAffine RootSIFT 0
382.822 354.365 571.135 390.468 0.691582 0.973918 HessianAffine RootSIFT 0
233.085 255.885 551.989 283.336 0.691855 0.691855 HessianAffine RootSIFT 0
149.978 373.097 249.964 438.948 0.692417 0.942833 HessianAffine RootSIFT 0
490.326 418.785 515.613 258.551 0.692894 0.994082 HessianAffine RootSIFT 0
146.022 226.022 539.474 221.132 0.693118 0.693118 MSER RootSIFT 0
431.31 700.497 173.44 289.369 0.693424 0.693424 HessianAffine RootSIFT 0
523.845 132.002 590.186 176.281 0.69372 0.917398 HessianAffine RootSIFT 0
764.984 552.806 84.6269 254.142 0.693975 0.693975 HessianAffine RootSIFT 0
499.326 410.287 513.164 286.139 0.695064 0.695064 HessianAffine RootSIFT 0
337.093 201.265 564.938 232.134 0.695488 0.916303 HessianAffine RootSIFT 0
560.857 323.287 579.877 394.937 0.695766 0.695766 HessianAffine RootSIFT 0
402.414 137.045 575.419 150.021 0.695802 0.695802 MSER RootSIFT 0
471.303 328.479 577.017 383.164 0.696036 0.696036 HessianAffine RootSIFT 0
321.895 258.253 561.803 302.188 0.696062 0.937929 HessianAffine RootSIFT 0
366.412 112.753 571.261 89.1226 0.696505 0.914122 HessianAffine RootSIFT 1
576.325 477.451 825.448 170.578 0.696911 0.874145 HessianAffine RootSIFT 0
434.21 541.931 60.586 279.734 0.696933 0.696933 HessianAffine RootSIFT 0
495.697 263.512 580.591 329.038 0.697278 0.973085 HessianAffine RootSIFT 1
634.595 209.858 595.992 298.328 0.697948 0.936565 MSER RootSIFT 0
544.951 380.684 579.01 421.551 0.69922 0.69922 HessianAffine RootSIFT 0
605.252 89.1104 71.8736 136.177 0.699996 0.699996 HessianAffine RootSIFT 0
960.937 462.409 944.083 228.37 0.700216 0.966689 HessianAffine RootSIFT 0
407.918 199.715 573.888 245.957 0.70026 0.888675 HessianAffine RootSIFT 0
508.943 256.316 581.271 320.614 0.700462 0.820771 HessianAffine RootSIFT 0
828.633 305.963 172.121 98.55 0.701215 0.835736 HessianAffine RootSIFT 0
584.699 450.967 557.868 401.318 0.701218 0.908245 HessianAffine RootSIFT 0
232.782 275.569 856.501 207.276 0.702022 0.889091 HessianAffine RootSIFT 0
378.74 284.079 568.566 339.285 0.702299 0.702299 HessianAffine RootSIFT 0
875.499 216.54 560.161 262.349 0.703004 0.703004 HessianAffine RootSIFT 0
594.547 285.642 589.019 353.835 0.703067 0.703067 HessianAffine RootSIFT 0
815.933 208.569 691.168 178.729 0.703085 0.703085 HessianAffine RootSIFT 0
534.851 92.313 595.495 117.746 0.703154 0.9784 HessianAffine RootSIFT 0
621.703 76.2469 606.184 107.78 0.703483 0.904156 HessianAffine RootSIFT 0
551.888 473.869 577.117 82.2694 0.703649 0.915761 HessianAffine RootSIFT 0
488.217 275.458 583.007 349.925 0.703809 0.703809 HessianAffine RootSIFT 0
199.957 342.859 186.535 198.486 0.703922 0.846986 HessianAffine RootSIFT 0
258.195 328.067 556.546 357.435 0.706256 0.990108 HessianAffine RootSIFT 0
251.606 223.315 554.302 240.152 0.707468 0.964885 HessianAffine RootSIFT 0
574.937 511.424 577.646 492.214 0.707749 0.9743 HessianAffine RootSIFT 0
710.425 346.487 854.356 270.561 0.707946 0.934489 HessianAffine RootSIFT 0
511.83 289.489 581.129 354.933 0.70852 0.70852 HessianAffine RootSIFT 1
255.038 260.788 553.667 292.56 0.709882 0.979551 HessianAffine RootSIFT 0
837.595 324.252 925.582 340.036 0.710024 0.710024 HessianAffine RootSIFT 0
499.123 256.987 581.048 325.307 0.710051 0.8639 HessianAffine RootSIFT 1
824.089 280.718 948.594 358.682 0.710182 0.999523 HessianAffine RootSIFT 0
240.26 346.39 560.787 253.065 0.710723 0.894018 HessianAffine RootSIFT 0
511.717 133.702 589.82 174.706 0.71101 0.826196 HessianAffine RootSIFT 0
307.792 145.732 562.057 122.947 0.71122 0.970257 HessianAffine RootSIFT 0
309.139 142.72 347.25 613.388 0.711958 0.98489 HessianAffine RootSIFT 0
441.973 409.93 572.246 438.073 0.71248 0.910087 HessianAffine RootSIFT 0
323.789 350.495 561.506 383.369 0.712544 0.809144 HessianAffine RootSIFT 0
568.59 89.3629 598.519 117.812 0.713622 0.858997 HessianAffine RootSIFT 1
515.705 457.296 577.681 462.424 0.714099 0.714099 HessianAffine RootSIFT 0
176.582 248.057 545.754 269.465 0.714152 0.927992 HessianAffine RootSIFT 0
552.347 292.975 585.245 365.782 0.714329 0.714329 HessianAffine RootSIFT 0
370.354 171.972 168.686 75.7014 0.714774 0.714774 HessianAffine RootSIFT 0
409.626 262.593 575.228 323.365 0.715323 0.715323 HessianAffine RootSIFT 0
603.207 343.422 586.527 402.808 0.715537 0.806256 HessianAffine RootSIFT 0
548.932 638.441 575.243 532.024 0.715994 0.715994 HessianAffine RootSIFT 0
802.079 622.218 663.4 382.036 0.716752 0.971559 HessianAffine RootSIFT 0
577.914 290.356 586.731 360.799 0.716849 0.922255 HessianAffine RootSIFT 0
847.263 151.535 505.104 227.04 0.716951 0.845642 HessianAffine RootSIFT 0
537.708 89.0772 610.171 482.951 0.717559 0.717559 HessianAffine RootSIFT 0
305.947 141.325 129.295 609.449 0.718194 0.919115 HessianAffine RootSIFT 0
731.188 66.4277 619.186 131.599 0.719433 0.935244 HessianAffine RootSIFT 0
230.598 253.027 836.422 229.627 0.71997 0.99874 HessianAffine RootSIFT 0
613.386 342.556 587.391 405.854 0.719988 0.931808 HessianAffine RootSIFT 0
714.975 50.6759 618.609 97.5839 0.720121 0.870215 HessianAffine RootSIFT 1
831.298 146.206 60.586 279.734 0.720701 0.828004 HessianAffine RootSIFT 0
480.996 445.159 203.736 660.057 0.721605 0.945561 HessianAffine RootSIFT 0
236.106 306.662 577.861 81.792 0.721966 0.985419 HessianAffine RootSIFT 0
523.322 397.839 578.36 430.49 0.722253 0.722253 HessianAffine RootSIFT 0
543.053 199.354 579.16 379.024 0.7223 0.865576 HessianAffine RootSIFT 0
214.651 275.202 551.146 301.078 0.722646 0.722646 HessianAffine RootSIFT 0
466.009 424.987 186.701 189.845 0.723055 0.877972 HessianAffine RootSIFT 0
876.437 228.388 554.326 277.776 0.72437 0.72437 HessianAffine RootSIFT 0
291.173 231.806 560.161 262.349 0.724661 0.840031 HessianAffine RootSIFT 0
540.952 368.778 579.01 421.551 0.724817 0.913705 HessianAffine RootSIFT 0
294.036 165.848 560.115 176.748 0.724844 0.724844 HessianAffine RootSIFT 0
193.552 329.842 229.002 117.872 0.725075 0.952441 HessianAffine RootSIFT 0
598.622 463.14 581.124 457.534 0.725176 0.872215 HessianAffine RootSIFT 0
331.034 131.314 563.312 118.921 0.725422 0.725422 HessianAffine RootSIFT 0
556.642 281.502 583.007 349.925 0.725631 0.725631 HessianAffine RootSIFT 0
185.782 432.819 553.469 422.151 0.726577 0.970064 HessianAffine RootSIFT 0
721.665 64.5235 617.85 126.751 0.726866 0.726866 HessianAffine RootSIFT 0
737.56 345.96 488.604 399.448 0.727405 0.727405 MSER RootSIFT 0
740.751 596.67 485.633 249.833 0.728268 0.849306 HessianAffine RootSIFT 0
250.109 327.851 556.546 357.435 0.72842 0.995923 HessianAffine RootSIFT 0
415.107 140.909 575.842 150.98 0.728698 0.979732 MSER RootSIFT 0
385.279 441.908 567.001 453.567 0.728918 0.978344 HessianAffine RootSIFT 0
321.99 265.53 563.271 310.819 0.730213 0.93905 HessianAffine RootSIFT 0
441.411 633.996 569.264 529.141 0.730538 0.961361 HessianAffine RootSIFT 0
527.754 229.457 624.599 341.686 0.730543 0.979977 HessianAffine RootSIFT 0
517.617 99.1302 594.13 122.399 0.730796 0.951461 HessianAffine RootSIFT 0
203.888 372.329 550.408 389.048 0.730884 0.969666 HessianAffine RootSIFT 0
478.473 631.392 631.696 203.099 0.730933 0.730933 HessianAffine RootSIFT 0
543.108 321.772 581.566 391.726 0.731036 0.854766 HessianAffine RootSIFT 0
170.242 307.338 546.962 330.192 0.731218 0.959276 HessianAffine RootSIFT 0
724.005 51.6014 616.908 100.13 0.731517 0.853124 HessianAffine RootSIFT 0
521.437 147.45 455.837 123.854 0.731947 0.960049 HessianAffine RootSIFT 0
538.396 480.072 930.842 292.942 0.732022 0.950341 HessianAffine RootSIFT 0
930.501 314.142 214.735 147.249 0.732656 0.951446 HessianAffine RootSIFT 0
56.2661 277.743 520.223 295.702 0.732697 0.732697 HessianAffine RootSIFT 0
241.162 173.724 163.533 580.657 0.732776 0.869516 HessianAffine RootSIFT 0
523.241 434.145 75.1498 299.847 0.732868 0.732868 HessianAffine RootSIFT 0
456.594 426.526 191.69 687.531 0.733183 0.733183 HessianAffine RootSIFT 0
827.975 347.289 632.65 202.077 0.733452 0.944191 HessianAffine RootSIFT 0
476.002 614.291 569.499 522.899 0.733808 0.883228 HessianAffine RootSIFT 0
475.511 239.518 580.933 297.637 0.734341 0.862667 HessianAffine RootSIFT 0
447.783 141.999 580.408 178.031 0.734764 0.984011 HessianAffine RootSIFT 0
245.521 362.942 641.501 449.229 0.735012 0.983168 HessianAffine RootSIFT 0
564.008 258.462 587.101 329.106 0.735546 0.868385 HessianAffine RootSIFT 0
514.457 532.437 766.837 544.229 0.735764 0.735764 HessianAffine RootSIFT 0
433.988 634.596 876.185 326.436 0.736037 0.844696 HessianAffine RootSIFT 0
255.894 219.22 553.022 242.11 0.736215 0.8417 HessianAffine RootSIFT 0
451.725 241.832 654.348 298.082 0.736279 0.966075 HessianAffine RootSIFT 0
524.109 469.834 576.76 466.624 0.736597 0.807562 HessianAffine RootSIFT 0
346.628 235.481 568.342 277.249 0.737059 0.737059 HessianAffine RootSIFT 0
390.056 214.894 569.752 257.45 0.737836 0.737836 HessianAffine RootSIFT 0
817.139 70.9057 633.295 130.733 0.738004 0.738004 HessianAffine RootSIFT 0
609.395 626.84 876.185 326.436 0.738222 0.892269 HessianAffine RootSIFT 0
584.106 106.138 576.909 295.05 0.738593 0.954771 HessianAffine RootSIFT 0
499.942 176.6 584.377 237.76 0.738641 0.951926 HessianAffine RootSIFT 0
533.627 330.607 581.359 395.048 0.738911 0.973867 HessianAffine RootSIFT 1
771.277 561.633 87.1884 270.316 0.738959 0.917549 HessianAffine RootSIFT 0
578.058 453.785 581.124 457.534 0.739328 0.739328 HessianAffine RootSIFT 0
539.117 577.897 87.3029 232.325 0.739562 0.739562 HessianAffine RootSIFT 0
504.904 244.555 580.986 315.9 0.739987 0.872739 MSER RootSIFT 0
778.001 298.748 527.42 513.299 0.74082 0.993571 HessianAffine RootSIFT 0
572.506 259.327 587.064 338.028 0.741017 0.98751 HessianAffine RootSIFT 0
318.403 146.534 567.728 175.089 0.741343 0.914552 HessianAffine RootSIFT 0
302.034 693.232 457.586 229.673 0.741398 0.822674 HessianAffine RootSIFT 0
265.988 227.945 555.336 252.251 0.741478 0.741478 HessianAffine RootSIFT 0
972.586 139.597 608.026 309.493 0.741746 0.956116 HessianAffine RootSIFT 0
358.992 689.361 632.413 310.74 0.741758 0.741758 HessianAffine RootSIFT 0
532.201 192.371 635.502 291.07 0.741854 0.741854 HessianAffine RootSIFT 0
407.918 199.715 605.563 254.102 0.741927 0.741927 HessianAffine RootSIFT 0
524.71 457.59 577.681 462.424 0.742367 0.742367 HessianAffine RootSIFT 0
617.719 503.423 582.25 487.483 0.742369 0.915257 HessianAffine RootSIFT 0
445.264 429.253 515.609 258.449 0.742467 0.977551 HessianAffine RootSIFT 0
583.655 293.355 589.019 353.835 0.742609 0.742609 HessianAffine RootSIFT 0
501.831 468.469 575.49 466.222 0.742968 0.96233 HessianAffine RootSIFT 0
435.913 103.878 580.831 98.4605 0.7431 0.949567 HessianAffine RootSIFT 1
411.332 212.636 468.967 105.016 0.743332 0.998717 HessianAffine RootSIFT 0
565.531 552.651 102.808 170.141 0.743371 0.743371 HessianAffine RootSIFT 0
337.082 617.884 563.15 521.227 0.743384 0.743384 HessianAffine RootSIFT 0
93.1872 384.92 698.352 628.596 0.743433 0.924519 HessianAffine RootSIFT 0
671.862 675.004 153.797 46.6611 0.743629 0.743629 HessianAffine RootSIFT 0
379.384 224.302 569.984 268.041 0.743941 0.94791 HessianAffine RootSIFT 0
588.529 290.771 586.731 360.799 0.743999 0.743999 HessianAffine RootSIFT 0
543.104 224.843 571.24 389.117 0.744029 0.744029 HessianAffine RootSIFT 0
504.198 408.765 576.751 435.498 0.744107 0.976938 HessianAffine RootSIFT 0
606.908 337.998 578.702 380.218 0.744179 0.860498 HessianAffine RootSIFT 0
580.38 452.058 553.775 406.256 0.744548 0.934761 HessianAffine RootSIFT 0
906.548 235.525 629.356 401.157 0.744703 0.82057 HessianAffine RootSIFT 0
621.924 78.331 633.273 120.317 0.744789 0.954049 HessianAffine RootSIFT 0
507.973 134.349 199.085 668.915 0.744923 0.744923 HessianAffine RootSIFT 0
444.754 402.625 572.246 438.073 0.745168 0.952131 HessianAffine RootSIFT 0
528.477 609.315 631.839 205.019 0.745515 0.893091 HessianAffine RootSIFT 0
324.577 264.087 560.719 303.016 0.74554 0.74554 HessianAffine RootSIFT 0
65.2014 590.98 250.793 373.873 0.745727 0.8678 HessianAffine RootSIFT 0
82.307 594.404 150.053 235.196 0.745895 0.745895 HessianAffine RootSIFT 0
304.284 231.921 560.161 262.349 0.74597 0.916502 HessianAffine RootSIFT 1
314.402 445.817 230.725 721.575 0.746262 0.975616 MSER RootSIFT 0
552.633 246.191 587.027 320.488 0.746316 0.950373 HessianAffine RootSIFT 1
531.344 116.234 591.976 148.214 0.746374 0.746374 HessianAffine RootSIFT 0
780.925 282.667 593.202 250.55 0.746377 0.746377 MSER RootSIFT 0
266.264 118.98 554.973 56.0268 0.746583 0.746583 HessianAffine RootSIFT 0
536.209 274.631 575.228 323.365 0.746933 0.746933 HessianAffine RootSIFT 0
673.469 690.653 153.797 46.6611 0.747362 0.747362 HessianAffine RootSIFT 0
529.87 127.172 591.238 171.221 0.747831 0.998822 HessianAffine RootSIFT 0
254.199 322.395 586.87 315.23 0.748447 0.748447 HessianAffine RootSIFT 0
463.417 446.468 570.98 79.489 0.748849 0.971111 HessianAffine RootSIFT 0
706.932 51.2834 618.609 97.5839 0.748911 0.748911 HessianAffine RootSIFT 0
397.557 196.848 573.17 248.19 0.749165 0.846705 HessianAffine RootSIFT 0
133.541 620.598 766.837 544.229 0.749523 0.749523 HessianAffine RootSIFT 0
395.397 264.692 571.939 318.399 0.749593 0.749593 HessianAffine RootSIFT 0
268.693 678.953 867.919 333.412 0.749844 0.988705 HessianAffine RootSIFT 0
319.458 279.001 560.174 325.219 0.749893 0.749893 HessianAffine RootSIFT 0
806.27 639.482 515.792 257.622 0.749992 0.991344 HessianAffine RootSIFT 0
413.067 147.776 425.909 128.269 0.750073 0.96841 HessianAffine RootSIFT 0
97.2266 611.889 388.917 108.207 0.750408 0.949073 HessianAffine RootSIFT 0
179.276 690.001 161.044 265.269 0.750649 0.750649 HessianAffine RootSIFT 0
299.697 158.704 332.567 608.619 0.750822 0.880587 HessianAffine RootSIFT 0
424.278 211.326 576.435 260.338 0.751003 0.751003 HessianAffine RootSIFT 0
529.327 199.254 148.882 184.359 0.751101 0.751101 HessianAffine RootSIFT 0
774.175 83.7872 334.491 590.933 0.751266 0.926233 HessianAffine RootSIFT 0
400.556 615.599 570.027 70.5753 0.751337 0.751337 HessianAffine RootSIFT 0
812.939 54.3176 141.409 608.261 0.75136 0.84352 HessianAffine RootSIFT 0
481.172 434.77 186.991 198.356 0.751733 0.992317 HessianAffine RootSIFT 0
375.336 264.919 568.32 393.602 0.751786 0.93127 HessianAffine RootSIFT 0
509.945 248.977 581.523 315.672 0.751821 0.918784 HessianAffine RootSIFT 0
574.81 99.1534 599.338 128.193 0.752055 0.752055 HessianAffine RootSIFT 0
516.389 366.18 579.01 421.551 0.752096 0.948974 HessianAffine RootSIFT 1
70.256 665.402 165.601 296.448 0.752097 0.752097 HessianAffine RootSIFT 0
245.104 192.328 551.517 195.964 0.752106 0.752106 HessianAffine RootSIFT 0
453.323 274.008 572.817 332.675 0.752183 0.752183 HessianAffine RootSIFT 0
318.145 156.382 338.605 620.814 0.75247 0.89706 HessianAffine RootSIFT 0
616.237 488.446 811.522 237.096 0.752501 0.920711 HessianAffine RootSIFT 0
494.842 277.633 581.129 354.933 0.752729 0.752729 HessianAffine RootSIFT 0
525.279 95.6701 595.495 117.746 0.754175 0.923596 HessianAffine RootSIFT 0
454.976 315.065 576.266 369.119 0.754224 0.754224 HessianAffine RootSIFT 0
419.87 255.527 574.668 312.342 0.754388 0.924476 HessianAffine RootSIFT 0
909.683 253.488 610.459 484.977 0.754811 0.858569 HessianAffine RootSIFT 0
846.128 532.319 58.9904 283.875 0.755299 0.755299 HessianAffine RootSIFT 0
409.444 193.909 573.17 248.19 0.755911 0.755911 HessianAffine RootSIFT 0
244.152 310.435 621.909 479.806 0.756061 0.756061 HessianAffine RootSIFT 0
516.645 645.25 753.558 406.127 0.756328 0.937719 HessianAffine RootSIFT 0
889.07 281.987 949.916 314.924 0.756348 0.981074 HessianAffine RootSIFT 0
769.976 692.91 675.886 644.406 0.756384 0.860377 HessianAffine RootSIFT 0
242.486 370.334 557.318 383.996 0.756511 0.917785 HessianAffine RootSIFT 0
223.017 274.852 551.146 301.078 0.756703 0.756703 HessianAffine RootSIFT 0
614.493 456.437 581.79 461.47 0.756825 0.973386 HessianAffine RootSIFT 0
578.367 281.035 586.711 364.424 0.757009 0.757009 HessianAffine RootSIFT 0
384.709 230.396 570.963 282.442 0.757254 0.99173 HessianAffine RootSIFT 0
144.417 208.746 202.125 573.796 0.757379 0.965543 HessianAffine RootSIFT 0
891.148 193.571 557.224 308.142 0.757469 0.993348 HessianAffine RootSIFT 0
517.455 95.8908 587.69 111.494 0.757553 0.951464 HessianAffine RootSIFT 0
322.786 142.96 338.072 618.297 0.757859 0.757859 HessianAffine RootSIFT 0
596.281 348.224 586.527 402.808 0.758166 0.982714 HessianAffine RootSIFT 0
372.318 172.05 556.976 161.699 0.758355 0.758355 HessianAffine RootSIFT 0
508.25 398.379 576.751 435.498 0.758415 0.979933 HessianAffine RootSIFT 0
483.099 284.739 580.972 348.917 0.759192 0.759192 HessianAffine RootSIFT 0
340.006 194.428 565.856 227.081 0.759198 0.759198 HessianAffine RootSIFT 0
278.988 163.851 557.049 159.054 0.759282 0.759282 HessianAffine RootSIFT 0
530.927 155.612 933.816 267.848 0.759384 0.759384 HessianAffine RootSIFT 0
809.577 353.383 670.774 194.725 0.759557 0.850164 HessianAffine RootSIFT 0
106.504 489.723 527.374 526.736 0.759862 0.961761 HessianAffine RootSIFT 0
278.309 324.934 556.546 357.435 0.759892 0.993597 HessianAffine RootSIFT 0
881.735 212.956 560.161 262.349 0.759929 0.759929 HessianAffine RootSIFT 0
347.964 123.267 348.135 609.296 0.760138 0.886596 HessianAffine RootSIFT 0
510.606 96.1272 592.829 111.565 0.760383 0.967547 HessianAffine RootSIFT 0
798.8 278.166 649.43 166.579 0.760437 0.999559 HessianAffine RootSIFT 0
411.596 210.329 577.117 82.2694 0.760464 0.968647 HessianAffine RootSIFT 0
334.25 645.359 148.114 285.534 0.760706 0.760706 HessianAffine RootSIFT 0
559.335 353.472 553.583 405.411 0.760721 0.760721 HessianAffine RootSIFT 0
451.415 150.644 582.363 186.144 0.760741 0.984785 HessianAffine RootSIFT 0
804.425 611.709 689.384 265.35 0.760777 0.88706 HessianAffine RootSIFT 0
157.98 114.225 194.162 576.38 0.761162 0.951255 HessianAffine RootSIFT 0
433.956 255.708 575.591 305.167 0.76124 0.76124 HessianAffine RootSIFT 0
478.441 512.118 866.963 319.051 0.76135 0.921999 HessianAffine RootSIFT 0
380.246 209.656 60.586 279.734 0.761557 0.809868 HessianAffine RootSIFT 0
813.116 564.421 95.7784 142.465 0.76159 0.966693 HessianAffine RootSIFT 0
198.817 321.281 771.181 185.235 0.761626 0.904501 HessianAffine RootSIFT 0
636.726 81.4591 376.056 70.9382 0.76173 0.828024 HessianAffine RootSIFT 0
75.9725 504.91 104.963 213.804 0.761789 0.761789 HessianAffine RootSIFT 0
410.139 690.764 650.26 242.379 0.762323 0.970277 HessianAffine RootSIFT 0
505.986 631.931 695.274 148.614 0.762449 0.966769 HessianAffine RootSIFT 0
947.892 407.483 506.286 543.268 0.762502 0.967392 HessianAffine RootSIFT 0
573.731 554.464 808.351 382.57 0.762525 0.762525 HessianAffine RootSIFT 0
512.845 191.796 176.114 245.354 0.763083 0.763083 HessianAffine RootSIFT 0
838.966 67.5444 337.504 628.407 0.763163 0.763163 HessianAffine RootSIFT 0
559.365 132.593 353.525 273.338 0.763169 0.994412 HessianAffine RootSIFT 0
830.846 604.135 724.504 288.856 0.763199 0.990527 HessianAffine RootSIFT 0
254.697 381.18 556.331 396.934 0.763285 0.872646 HessianAffine RootSIFT 0
156.991 370.032 202.125 573.796 0.763853 0.932799 HessianAffine RootSIFT 0
301.477 231.388 560.099 268.734 0.763963 0.977242 HessianAffine RootSIFT 0
421.093 137.934 579.978 158.831 0.764111 0.764111 HessianAffine RootSIFT 0
315.563 150.854 567.728 175.089 0.764208 0.809101 HessianAffine RootSIFT 0
405.403 150.646 576.14 180.416 0.764573 0.984528 HessianAffine RootSIFT 0
398.429 609.907 379.071 229.857 0.764612 0.764612 HessianAffine RootSIFT 0
509.945 248.977 581.196 309.027 0.764624 0.895652 HessianAffine RootSIFT 0
99.4473 585.447 69.9288 240.236 0.764667 0.99423 HessianAffine RootSIFT 0
882.11 421.788 884.993 237.664 0.76472 0.991466 HessianAffine RootSIFT 0
436.404 237.804 515.007 349.987 0.76474 0.76474 HessianAffine RootSIFT 0
817.117 676.196 119.104 127.293 0.764872 0.764872 HessianAffine RootSIFT 0
68.1106 586.759 281.118 380.645 0.765141 0.806868 HessianAffine RootSIFT 0
680.082 298.543 868.881 326.903 0.765203 0.839797 HessianAffine RootSIFT 0
787.669 629.748 648.361 296.608 0.765209 0.765209 HessianAffine RootSIFT 0
438.77 213.103 218.221 678.446 0.765233 0.973512 HessianAffine RootSIFT 0
133.159 680.363 141.4 294.711 0.765844 0.97382 HessianAffine RootSIFT 0
307.029 126.966 559.178 101.647 0.76591 0.76591 HessianAffine RootSIFT 0
478.746 420.337 228.128 645.88 0.765926 0.983739 HessianAffine RootSIFT 0
200.131 425.158 555.911 416.134 0.765945 0.991975 HessianAffine RootSIFT 0
284.508 200.147 307.566 614.135 0.766054 0.888203 HessianAffine RootSIFT 0
327.87 606.79 718.598 258.595 0.766104 0.958123 HessianAffine RootSIFT 0
75.9736 592.069 933.614 391.926 0.766118 0.766118 HessianAffine RootSIFT 0
578.564 518.823 467.51 368.028 0.766248 0.828169 HessianAffine RootSIFT 0
250.782 348.322 191.122 186.233 0.766343 0.954161 HessianAffine RootSIFT 0
85.4107 577.517 144.484 586.03 0.766344 0.766344 HessianAffine RootSIFT 0
787.405 707.992 248.595 287.281 0.766587 0.964552 HessianAffine RootSIFT 0
782.257 201.429 867.207 337.189 0.76675 0.819527 HessianAffine RootSIFT 0
154.095 116.386 662.45 312.314 0.766951 0.966831 HessianAffine RootSIFT 0
218.952 253.991 549.63 282.849 0.767021 0.767021 HessianAffine RootSIFT 0
457.251 218.451 577.942 279.293 0.767243 0.801628 HessianAffine RootSIFT 0
371.606 236.769 566.785 276.051 0.767252 0.939046 MSER RootSIFT 0
476.468 226.819 189.827 33.1084 0.767326 0.993578 HessianAffine RootSIFT 0
563.836 417.458 581.192 451.943 0.767425 0.9714 HessianAffine RootSIFT 0
184.774 224.696 544.5 228.383 0.767551 0.877383 HessianAffine RootSIFT 0
567.728 556.976 583.645 301.347 0.767766 0.904379 HessianAffine RootSIFT 0
710.06 546.834 827.021 345.009 0.767927 0.871156 HessianAffine RootSIFT 0
390.782 283.341 628.014 295.708 0.768003 0.800373 HessianAffine RootSIFT 0
297.38 320.694 558.63 356.12 0.768195 0.980802 HessianAffine RootSIFT 0
226.084 373.85 557.318 383.996 0.768212 0.890842 HessianAffine RootSIFT 0
180.582 241.485 194.841 575.451 0.768422 0.856528 HessianAffine RootSIFT 0
189.108 280.181 144.103 678.692 0.768616 0.936848 HessianAffine RootSIFT 0
560.805 145.116 89.9532 268.581 0.768642 0.864423 HessianAffine RootSIFT 0
565.846 258.849 635.502 291.07 0.768672 0.768672 HessianAffine RootSIFT 0
334.844 292.925 561.506 383.369 0.768804 0.843975 HessianAffine RootSIFT 0
157.76 114.869 451.483 206.832 0.769329 0.977316 HessianAffine RootSIFT 0
495.536 668.241 869.712 334.353 0.769365 0.987508 HessianAffine RootSIFT 0
394.229 217.381 534.001 333.182 0.769452 0.978647 HessianAffine RootSIFT 0
218.71 361.319 58.9904 283.875 0.769523 0.974109 HessianAffine RootSIFT 0
457.972 148.698 581.887 184.82 0.76956 0.955489 HessianAffine RootSIFT 0
260.434 720.43 139.313 210.842 0.769665 0.769665 HessianAffine RootSIFT 0
847.747 60.8846 344.89 623.207 0.769801 0.858471 HessianAffine RootSIFT 0
51.2971 276.603 186.701 189.845 0.769821 0.995742 HessianAffine RootSIFT 0
399.596 153.315 575.105 180.511 0.769939 0.969184 HessianAffine RootSIFT 0
466.48 188.178 152.421 642.51 0.770017 0.904163 HessianAffine RootSIFT 0
579.941 443.768 581.124 457.534 0.770064 0.770064 HessianAffine RootSIFT 0
446.096 639.913 569.816 532.178 0.77019 0.86604 HessianAffine RootSIFT 0
531.517 262.03 568.566 339.285 0.770471 0.880153 HessianAffine RootSIFT 0
532.916 595.023 95.1524 252.958 0.770614 0.770614 HessianAffine RootSIFT 0
398.97 617.929 515.036 196.449 0.770619 0.884223 HessianAffine RootSIFT 0
452.736 394.894 572.246 438.073 0.770802 0.915941 HessianAffine RootSIFT 1
153.732 320.516 640.8 466.504 0.770839 0.830605 HessianAffine RootSIFT 0
510.287 195.104 68.1846 242.516 0.770861 0.898863 HessianAffine RootSIFT 0
406.308 416.638 508.807 255.994 0.771271 0.820704 HessianAffine RootSIFT 0
450.063 248.05 576.084 301.459 0.771449 0.813741 HessianAffine RootSIFT 0
830.979 53.7899 131.691 621.154 0.771567 0.771567 HessianAffine RootSIFT 0
428.497 258.183 504.84 344.856 0.771625 0.816479 HessianAffine RootSIFT 0
849.933 187 317.791 612.708 0.771673 0.957092 HessianAffine RootSIFT 0
151.095 328.791 633.682 443.286 0.771715 0.898601 HessianAffine RootSIFT 0
385.671 208.324 60.586 279.734 0.771744 0.985798 HessianAffine RootSIFT 0
684.441 277.581 967.012 357.494 0.771866 0.924045 HessianAffine RootSIFT 0
225.153 280.98 353.171 75.6472 0.771985 0.925536 HessianAffine RootSIFT 0
89.1292 432.072 465.055 76.4257 0.772181 0.88486 HessianAffine RootSIFT 0
353.583 201.619 566.482 233.636 0.772278 0.812864 HessianAffine RootSIFT 1
205.375 414.901 553.469 422.151 0.772289 0.97963 HessianAffine RootSIFT 0
725.839 157.154 606.175 255.769 0.772476 0.809418 HessianAffine RootSIFT 0
210.098 332.209 813.323 150.133 0.772489 0.993929 HessianAffine RootSIFT 0
765.976 187.74 229.668 118.263 0.772546 0.772546 HessianAffine RootSIFT 0
857.194 167.373 554.031 401.331 0.772646 0.898085 HessianAffine RootSIFT 0
345.726 157.624 566.024 168.174 0.773016 0.99351 HessianAffine RootSIFT 0
350.572 564.348 564.107 505.754 0.773131 0.974939 HessianAffine RootSIFT 0
569.977 90.4684 605.022 482.745 0.773141 0.773141 HessianAffine RootSIFT 0
451.012 424.7 521.502 295.642 0.773237 0.898223 HessianAffine RootSIFT 0
568.063 321.985 591.97 252.931 0.773245 0.947389 HessianAffine RootSIFT 0
418.904 692.095 631.862 269.744 0.773743 0.991 HessianAffine RootSIFT 0
623.552 598.761 534.581 704.51 0.773787 0.773787 HessianAffine RootSIFT 0
598.508 519.927 183.2 272.963 0.773828 0.773828 HessianAffine RootSIFT 0
561.773 282.115 586.711 364.424 0.773866 0.773866 HessianAffine RootSIFT 0
297.089 165.439 560.424 170.704 0.774022 0.841542 HessianAffine RootSIFT 0
518.091 96.0422 593.693 115.382 0.774139 0.933394 HessianAffine RootSIFT 0
190.015 316.131 210.475 426.182 0.774185 0.774185 HessianAffine RootSIFT 0
156.792 239.095 487.819 231.734 0.774302 0.877193 MSER RootSIFT 0
335.485 264.582 629.115 410.567 0.774318 0.774318 HessianAffine RootSIFT 0
901.909 321.841 689.364 169.831 0.774532 0.999568 HessianAffine RootSIFT 0
410.212 201.525 310.806 626.622 0.774549 0.774549 HessianAffine RootSIFT 0
430.122 217.363 695.385 146.326 0.774714 0.774714 HessianAffine RootSIFT 0
291.156 162.054 559.588 156.277 0.774801 0.774801 HessianAffine RootSIFT 0
416.654 236.69 75.1498 299.847 0.77485 0.77485 HessianAffine RootSIFT 0
475.395 545.46 281.118 380.645 0.775017 0.95567 HessianAffine RootSIFT 0
818.816 631.082 859.325 336.918 0.775095 0.775095 HessianAffine RootSIFT 0
180.434 395.132 230.77 701.128 0.775421 0.824324 HessianAffine RootSIFT 0
305.899 168.2 332.567 608.619 0.776005 0.912348 HessianAffine RootSIFT 0
317.212 91.5112 170.981 90.3765 0.776072 0.776072 HessianAffine RootSIFT 0
403.259 638.38 551.636 299.802 0.776079 0.827939 HessianAffine RootSIFT 0
519.175 449.773 215.75 146.141 0.776088 0.93934 HessianAffine RootSIFT 0
597.05 599.635 510.535 265.599 0.776249 0.914721 HessianAffine RootSIFT 0
292.612 151.393 339.263 603.947 0.77628 0.926246 HessianAffine RootSIFT 0
517.794 266.216 581.924 334.246 0.776397 0.999883 HessianAffine RootSIFT 0
289.82 167.058 560.424 170.704 0.77673 0.911259 HessianAffine RootSIFT 0
898.261 656.796 143.802 288.43 0.776861 0.776861 MSER RootSIFT 0
449.734 212.667 578.455 268.732 0.776896 0.776896 MSER RootSIFT 0
554.396 415.637 533.766 328.567 0.776992 0.776992 HessianAffine RootSIFT 0
230.28 272.069 552.098 298.309 0.777014 0.924495 HessianAffine RootSIFT 0
583.99 82.8869 601.156 110.852 0.77737 0.905789 HessianAffine RootSIFT 1
825.243 649.159 700.574 255.628 0.777376 0.913905 HessianAffine RootSIFT 0
541.536 295.774 626.411 463.638 0.777391 0.777391 HessianAffine RootSIFT 0
157.492 115.029 670.627 108.172 0.777538 0.996845 HessianAffine RootSIFT 0
709.507 280.206 215.75 146.141 0.777682 0.930663 HessianAffine RootSIFT 0
183.333 466.234 553.469 422.151 0.777774 0.955697 HessianAffine RootSIFT 0
826.872 46.9643 411.902 284.222 0.777896 0.932338 HessianAffine RootSIFT 0
602.865 467.47 553.775 406.256 0.778012 0.93282 HessianAffine RootSIFT 0
838.559 594.371 806.79 244.037 0.778123 0.947979 HessianAffine RootSIFT 0
530.637 464.139 577.681 462.424 0.77814 0.987444 HessianAffine RootSIFT 0
825.566 357.823 16.2885 66.1238 0.778177 0.851876 HessianAffine RootSIFT 0
841.782 189.987 607.549 420.494 0.778246 0.778246 HessianAffine RootSIFT 0
454.895 271.176 583.007 349.925 0.778377 0.778377 HessianAffine RootSIFT 0
296.866 261.108 684.547 248.192 0.77838 0.77838 HessianAffine RootSIFT 0
241.792 390.148 596.872 474.885 0.7784 0.929956 HessianAffine RootSIFT 0
506.609 283.09 583.358 345.254 0.778486 0.877707 HessianAffine RootSIFT 0
462.199 570.887 571.274 502.294 0.778629 0.937164 HessianAffine RootSIFT 0
498.324 421.817 513.164 286.139 0.778915 0.778915 HessianAffine RootSIFT 0
527.588 127.803 457.017 113.531 0.778936 0.949953 HessianAffine RootSIFT 0
507.07 194.497 66.7192 247.913 0.778961 0.929685 HessianAffine RootSIFT 0
242.503 136.804 551.191 82.0897 0.77904 0.77904 HessianAffine RootSIFT 0
438.405 248.073 601.873 470.876 0.779187 0.779187 HessianAffine RootSIFT 0
609.126 503.894 579.829 481.788 0.779209 0.934034 HessianAffine RootSIFT 0
526.513 592.619 89.0722 243.265 0.779289 0.779289 HessianAffine RootSIFT 0
189.087 409.325 241.172 615.054 0.779354 0.779354 HessianAffine RootSIFT 0
447.451 652.642 668.05 346.451 0.779427 0.779427 HessianAffine RootSIFT 0
266.784 264.609 560.161 262.349 0.779551 0.779551 HessianAffine RootSIFT 0
492.821 205.337 575.542 490.689 0.779639 0.994675 HessianAffine RootSIFT 0
891.925 312.426 570.311 531.687 0.77964 0.893288 HessianAffine RootSIFT 0
604.531 188.09 571.304 306.243 0.779646 0.846444 HessianAffine RootSIFT 0
332.88 129.866 347.058 612.634 0.779665 0.963403 HessianAffine RootSIFT 0
560.99 300.065 585.73 362.668 0.779832 0.875488 HessianAffine RootSIFT 0
130.231 417.51 539.621 687.784 0.780004 0.780004 HessianAffine RootSIFT 0
484.213 420.319 129.348 676.06 0.780317 0.780317 HessianAffine RootSIFT 0
755.886 584.916 831.246 234.744 0.780472 0.780472 HessianAffine RootSIFT 0
264.825 123.171 657.41 170.4 0.78049 0.78049 HessianAffine RootSIFT 0
625.607 84.7972 130.658 605.951 0.7805 0.902035 HessianAffine RootSIFT 0
575.364 437.215 581.192 451.943 0.780519 0.991271 HessianAffine RootSIFT 0
828.505 648.492 515.905 205.299 0.780616 0.998191 HessianAffine RootSIFT 0
199.752 221.86 520.337 293.913 0.780925 0.780925 HessianAffine RootSIFT 0
662.991 652.902 647.352 341.723 0.780927 0.844152 HessianAffine RootSIFT 0
402.021 140 573.776 156.965 0.780948 0.869957 MSER RootSIFT 0
754.979 358.656 263.988 428.699 0.781073 0.937464 HessianAffine RootSIFT 0
437.603 440.177 567.001 453.567 0.781225 0.961694 HessianAffine RootSIFT 0
375.298 602.05 63.9688 122.598 0.781314 0.781314 HessianAffine RootSIFT 0
383.271 265.221 569.758 391.906 0.781517 0.999011 HessianAffine RootSIFT 0
156.151 661.822 791.539 394.105 0.781604 0.781604 HessianAffine RootSIFT 0
954.011 540.646 615.263 149.105 0.782049 0.782049 HessianAffine RootSIFT 0
803.181 193.447 557.396 526.092 0.782252 0.782252 HessianAffine RootSIFT 0
467.584 148.055 586.468 182.743 0.782284 0.901461 HessianAffine RootSIFT 0
356.663 599.288 83.7188 295.466 0.782299 0.90422 HessianAffine RootSIFT 0
873.763 191.579 578.505 339.49 0.782542 0.866293 HessianAffine RootSIFT 0
695.413 581.484 607.113 386.46 0.782554 0.782554 HessianAffine RootSIFT 0
394.045 245.216 569.407 286.248 0.782575 0.782575 HessianAffine RootSIFT 0
531.855 137.617 593.633 187.671 0.782881 0.888716 HessianAffine RootSIFT 0
709.127 331.753 581.905 102.342 0.7831 0.969985 HessianAffine RootSIFT 0
456.662 207.142 578.71 265.638 0.783102 0.783102 MSER RootSIFT 0
631.787 481.392 633.824 301.077 0.783385 0.783385 HessianAffine RootSIFT 0
734.237 119.692 744.492 301.432 0.78342 0.868103 HessianAffine RootSIFT 0
551.967 489.688 577.385 471.132 0.783498 0.783498 HessianAffine RootSIFT 0
741.525 173.152 384.735 231.531 0.783729 0.783729 HessianAffine RootSIFT 0
530.297 618.598 173.406 423.278 0.783763 0.978729 HessianAffine RootSIFT 0
484.89 183.345 721.203 274.087 0.783857 0.877826 HessianAffine RootSIFT 0
110.975 238.779 464.715 84.3467 0.78397 0.78397 HessianAffine RootSIFT 0
224.166 126.395 662.886 137.921 0.784042 0.97076 MSER RootSIFT 0
424.904 614.584 568.731 521.198 0.784092 0.814346 HessianAffine RootSIFT 0
91.5062 697.767 835.474 221.643 0.784175 0.908103 HessianAffine RootSIFT 0
268.949 215.805 569.979 510.911 0.78425 0.944927 HessianAffine RootSIFT 0
220.847 237.091 943.645 416.574 0.784392 0.985903 HessianAffine RootSIFT 0
624.724 613.319 609.366 257.81 0.784437 0.784437 HessianAffine RootSIFT 0
495.555 371.775 578.275 420.714 0.784637 0.991037 HessianAffine RootSIFT 0
805.821 558.569 94.5804 118.602 0.784984 0.999187 HessianAffine RootSIFT 0
512.941 170.081 650.058 342.425 0.785003 0.954412 HessianAffine RootSIFT 0
337.673 293.371 560.645 334.452 0.78505 0.78505 MSER RootSIFT 0
789.733 345.693 893.387 212.065 0.785191 0.897483 HessianAffine RootSIFT 0
529.224 166.419 588.602 230.458 0.785214 0.785214 MSER RootSIFT 0
837.131 669.816 56.8114 227.276 0.785296 0.785296 HessianAffine RootSIFT 0
538.342 195.278 577.773 383.593 0.785345 0.785345 HessianAffine RootSIFT 0
96.3451 521.318 833.426 206.883 0.785387 0.973348 HessianAffine RootSIFT 0
714.812 157.524 516.144 257.026 0.785495 0.966438 HessianAffine RootSIFT 0
537.876 131.742 591.402 181.453 0.785564 0.884904 HessianAffine RootSIFT 0
768.078 336.653 663.4 382.036 0.785646 0.94701 HessianAffine RootSIFT 0
513.7 299.297 228.86 118.642 0.785768 0.997992 HessianAffine RootSIFT 0
558.29 292.585 585.73 362.668 0.785867 0.785867 HessianAffine RootSIFT 0
739.943 290.635 859.229 338.117 0.785911 0.932396 HessianAffine RootSIFT 0
603.847 467.364 353.109 271.716 0.785985 0.892117 HessianAffine RootSIFT 0
178.46 689.724 508.631 247.104 0.786102 0.786102 HessianAffine RootSIFT 0
488.153 416.283 513.164 286.139 0.786125 0.786125 HessianAffine RootSIFT 0
683.248 245.809 214.275 224.702 0.786168 0.973324 HessianAffine RootSIFT 0
340.792 128.169 563.888 114.973 0.786363 0.786363 HessianAffine RootSIFT 0
740.458 304.602 511.454 522.474 0.786673 0.924805 HessianAffine RootSIFT 0
811.059 604.258 632.169 205.374 0.786731 0.923156 HessianAffine RootSIFT 0
383.846 620.192 160.862 427.577 0.786745 0.786745 HessianAffine RootSIFT 0
322.138 284.901 561.261 332.686 0.7868 0.7868 HessianAffine RootSIFT 0
809.444 304.353 366.797 252.35 0.787133 0.787133 HessianAffine RootSIFT 0
105.741 586.118 69.9288 240.236 0.787143 0.998887 HessianAffine RootSIFT 0
519.087 137.848 200.661 661.75 0.787161 0.787161 HessianAffine RootSIFT 0
471.642 423.484 186.701 189.845 0.787253 0.99619 HessianAffine RootSIFT 0
435.047 210.741 824.955 338.648 0.787356 0.787356 HessianAffine RootSIFT 0
229.183 293.203 925.728 261.726 0.787397 0.787397 HessianAffine RootSIFT 0
432.985 255.227 812.919 244.571 0.787476 0.889161 HessianAffine RootSIFT 0
852.957 564.508 824.081 205.727 0.787514 0.882567 HessianAffine RootSIFT 0
424.348 566.255 512.278 219.627 0.78755 0.832039 HessianAffine RootSIFT 0
346.119 206.555 565.011 240.31 0.787616 0.960974 HessianAffine RootSIFT 0
332.297 80.8144 451.483 206.832 0.787757 0.84362 HessianAffine RootSIFT 0
478.983 143.559 586.468 182.743 0.787943 0.940313 HessianAffine RootSIFT 0
809.594 169.687 512.174 311.282 0.788063 0.878527 HessianAffine RootSIFT 0
329.793 89.0122 656.94 74.96 0.788068 0.955273 MSER RootSIFT 0
931.381 415.55 603.168 392.304 0.788178 0.788178 HessianAffine RootSIFT 0
892.813 314.707 815.355 181.238 0.788232 0.989254 HessianAffine RootSIFT 0
722.889 136.644 663.143 398.4 0.788296 0.944727 HessianAffine RootSIFT 0
859.63 145.754 557.004 381.066 0.788353 0.955422 HessianAffine RootSIFT 0
76.4127 398.024 456.046 82.7121 0.78854 0.78854 HessianAffine RootSIFT 0
905.601 401.806 474.006 283.965 0.788687 0.962196 HessianAffine RootSIFT 0
418.151 627.425 316.735 604.339 0.788854 0.874534 HessianAffine RootSIFT 0
429.933 267.947 575.228 323.365 0.788862 0.882089 HessianAffine RootSIFT 0
455.286 459.606 230.77 701.128 0.789097 0.789097 HessianAffine RootSIFT 0
130.989 651.073 131.85 231.315 0.789189 0.789189 HessianAffine RootSIFT 0
143.709 321.605 722.937 176.09 0.789239 0.983268 HessianAffine RootSIFT 0
653.212 132.002 90.2338 257.3 0.789335 0.876696 HessianAffine RootSIFT 0
235.511 376.928 557.318 383.996 0.789358 0.962227 HessianAffine RootSIFT 0
470.518 431.29 520.302 293.972 0.789378 0.973653 HessianAffine RootSIFT 0
790 88.5965 330.855 600.734 0.789405 0.789405 HessianAffine RootSIFT 0
26.6299 489.719 291.452 219.041 0.789475 0.96468 HessianAffine RootSIFT 0
349.817 589.057 190.142 23.7187 0.789583 0.789583 HessianAffine RootSIFT 0
148.038 404.481 814.684 367.147 0.789613 0.962357 HessianAffine RootSIFT 0
652.889 68.3908 905.174 462.801 0.789635 0.906331 HessianAffine RootSIFT 0
589.506 99.817 601.892 472.034 0.789653 0.976788 HessianAffine RootSIFT 0
835.774 388.091 19.3477 75.9089 0.789654 0.789654 HessianAffine RootSIFT 0
497.636 300.013 75.9263 139.255 0.789686 0.789686 HessianAffine RootSIFT 0
777.602 323.136 571.826 379.107 0.790057 0.936802 HessianAffine RootSIFT 0
118.598 565.381 579.895 391.75 0.790098 0.882541 HessianAffine RootSIFT 0
366.935 239.152 565.938 280.163 0.790099 0.988846 MSER RootSIFT 0
733.6 298.554 828.119 163.166 0.790188 0.850982 HessianAffine RootSIFT 0
884.587 225.635 556 403.643 0.790221 0.929071 HessianAffine RootSIFT 0
213.164 302.543 924.511 222.247 0.790259 0.912487 HessianAffine RootSIFT 0
853.033 265.309 643.217 269.459 0.790353 0.981861 HessianAffine RootSIFT 0
190.932 618.323 834.132 217.993 0.79054 0.997409 HessianAffine RootSIFT 0
217.04 387.536 555.83 386.566 0.79063 0.9847 HessianAffine RootSIFT 0
808.415 152.956 24.197 725.983 0.790634 0.862212 HessianAffine RootSIFT 0
812.464 347.208 408.48 257.26 0.790697 0.883453 HessianAffine RootSIFT 0
258.799 143.786 662.682 709.392 0.790723 0.974452 HessianAffine RootSIFT 0
568.004 631.868 662.904 306.318 0.791027 0.974676 HessianAffine RootSIFT 0
563.836 417.458 580.963 446.149 0.791035 0.971858 HessianAffine RootSIFT 0
825.767 656.894 803.445 196.097 0.791497 0.791497 HessianAffine RootSIFT 0
595.642 463.436 352.97 272.871 0.791522 0.945841 HessianAffine RootSIFT 0
465.05 416.738 180.593 188.549 0.791596 0.942923 HessianAffine RootSIFT 0
842.562 295.517 632.169 205.374 0.791688 0.854032 HessianAffine RootSIFT 0
470.643 263.349 610.171 482.951 0.792024 0.792024 HessianAffine RootSIFT 0
372.245 359.958 568.901 394.052 0.792133 0.965329 HessianAffine RootSIFT 0
297.774 146.91 573.497 97.1867 0.792238 0.940047 HessianAffine RootSIFT 0
445.279 653.775 532.799 536.652 0.792292 0.792292 HessianAffine RootSIFT 0
121.638 211.775 461.572 402.416 0.792327 0.792327 HessianAffine RootSIFT 0
679.103 690.746 153.797 46.6611 0.792374 0.920064 HessianAffine RootSIFT 0
668.993 507.345 168.167 238.729 0.792417 0.949651 HessianAffine RootSIFT 0
278.679 367.709 557.318 383.996 0.792436 0.842482 HessianAffine RootSIFT 0
529.482 358.854 579.807 403.333 0.792629 0.792629 HessianAffine RootSIFT 0
172.535 360.599 411.687 240.415 0.792636 0.792636 HessianAffine RootSIFT 0
247.819 405.374 586.87 315.23 0.792675 0.792675 HessianAffine RootSIFT 0
415.885 725.707 291.55 218.997 0.792682 0.978053 HessianAffine RootSIFT 0
399.596 153.315 571.828 174.38 0.792757 0.841748 HessianAffine RootSIFT 0
457.752 443.22 512.535 374.691 0.79281 0.79281 HessianAffine RootSIFT 0
812.85 132.116 499.71 546.563 0.792987 0.948582 HessianAffine RootSIFT 0
227.911 255.605 551.114 283.039 0.793011 0.793011 HessianAffine RootSIFT 0
352.258 678.435 146.498 180.498 0.793021 0.918875 HessianAffine RootSIFT 0
739.484 301.955 514.515 534.254 0.793063 0.973975 HessianAffine RootSIFT 0
263.377 118.691 551.68 64.6029 0.793085 0.793085 HessianAffine RootSIFT 0
221.793 623.387 846.613 343.23 0.793122 0.955983 HessianAffine RootSIFT 0
940.785 360.687 805.414 376.096 0.793146 0.793146 HessianAffine RootSIFT 0
710.06 546.834 144.512 249.467 0.793286 0.819485 HessianAffine RootSIFT 0
854.161 266.264 550.116 355.019 0.793405 0.899734 HessianAffine RootSIFT 0
790.443 600.939 583.951 363.978 0.793424 0.898023 HessianAffine RootSIFT 0
898.64 676.155 469.287 425.116 0.793563 0.793563 HessianAffine RootSIFT 0
485.467 431.445 223.14 646.508 0.793678 0.825299 HessianAffine RootSIFT 0
551.954 228.812 587.067 312.925 0.793688 0.793688 HessianAffine RootSIFT 0
172.679 298.365 224.815 688.089 0.793879 0.898881 HessianAffine RootSIFT 0
874.432 229.355 607.549 420.494 0.79388 0.79388 HessianAffine RootSIFT 0
174.91 383.38 533.791 239.865 0.794012 0.794012 HessianAffine RootSIFT 0
109.917 609.25 610.362 269.391 0.794014 0.918624 MSER RootSIFT 0
723.605 197.871 262.107 456.806 0.794125 0.906566 HessianAffine RootSIFT 0
338.008 227.928 566.328 270.923 0.794455 0.991494 HessianAffine RootSIFT 0
778.914 85.9196 334.491 590.933 0.794495 0.973206 HessianAffine RootSIFT 0
562.126 257.545 578.702 380.218 0.794497 0.843966 HessianAffine RootSIFT 0
572.408 554.143 163.811 297.146 0.794557 0.999158 HessianAffine RootSIFT 0
826.44 133.336 560.716 520.397 0.794865 0.975477 HessianAffine RootSIFT 0
197.213 450.913 610.459 484.977 0.794999 0.794999 HessianAffine RootSIFT 0
640.189 220.976 595.789 301.7 0.795016 0.992445 MSER RootSIFT 0
602.69 393.466 564.408 311.951 0.795035 0.795035 HessianAffine RootSIFT 0
884.073 274.41 719.736 264.265 0.795043 0.893533 HessianAffine RootSIFT 0
457.635 425.058 187.454 188.237 0.795078 0.862009 HessianAffine RootSIFT 0
918.918 338.144 529.146 519.039 0.795149 0.886017 HessianAffine RootSIFT 0
771.81 590.393 212.11 613.299 0.79517 0.79517 HessianAffine RootSIFT 0
173.945 391.753 956.571 360.794 0.795266 0.795266 HessianAffine RootSIFT 0
243.144 135.139 599.657 105.033 0.79535 0.924492 HessianAffine RootSIFT 0
569.988 656.306 666.36 708.546 0.795351 0.993767 HessianAffine RootSIFT 0
824.974 145.389 490.3 286.667 0.795403 0.890026 HessianAffine RootSIFT 0
556.655 145.453 87.6434 277.892 0.795436 0.985552 HessianAffine RootSIFT 0
926.42 731.592 161.044 265.269 0.795466 0.795466 HessianAffine RootSIFT 0
149.455 716.964 803.445 196.097 0.795467 0.795467 HessianAffine RootSIFT 0
239.86 359.649 557.318 383.996 0.795488 0.977317 HessianAffine RootSIFT 0
707.354 610.766 871.49 214.212 0.795533 0.795533 HessianAffine RootSIFT 0
490.507 574.962 797.824 410.608 0.795561 0.999422 HessianAffine RootSIFT 0
674.989 301.315 807.521 238.865 0.795651 0.935783 HessianAffine RootSIFT 0
756.939 311.484 883.499 237.742 0.795674 0.99955 HessianAffine RootSIFT 0
140.069 332.712 632.204 205.035 0.795755 0.981827 HessianAffine RootSIFT 0
862.423 188.334 628.902 390.357 0.795781 0.823317 HessianAffine RootSIFT 0
902.25 545.904 794.269 195.397 0.795827 0.795827 HessianAffine RootSIFT 0
952.906 457.317 79.7899 326.275 0.795905 0.795905 HessianAffine RootSIFT 0
143.706 703.242 633.57 308.593 0.795914 0.85886 HessianAffine RootSIFT 0
429.208 184.676 575.367 243.045 0.795919 0.890247 HessianAffine RootSIFT 0
108.242 213.746 70.9708 139.691 0.795932 0.897563 HessianAffine RootSIFT 0
103.26 594.335 548.989 506.706 0.795933 0.795933 HessianAffine RootSIFT 0
178.99 228.09 835.074 346.106 0.796313 0.796313 HessianAffine RootSIFT 0
499.325 318.813 578.009 382.13 0.796389 0.946394 HessianAffine RootSIFT 0
855.179 696.42 629.422 362.841 0.79645 0.79645 HessianAffine RootSIFT 0
297.818 320.885 209.774 230.793 0.796472 0.995675 HessianAffine RootSIFT 0
188.022 263.402 229.002 117.872 0.796547 0.903079 HessianAffine RootSIFT 0
497.433 503.088 339.229 72.7174 0.79656 0.955998 HessianAffine RootSIFT 0
438.74 255.546 576.046 298.454 0.796573 0.796573 HessianAffine RootSIFT 0
552.975 275.143 583.096 346.274 0.796673 0.844504 HessianAffine RootSIFT 0
757.157 187.101 552.932 529.215 0.796715 0.80584 HessianAffine RootSIFT 0
910.992 307.57 159.462 245.257 0.796725 0.860291 HessianAffine RootSIFT 0
376.427 566.337 563.02 503.48 0.796733 0.990373 HessianAffine RootSIFT 0
731.261 66.5303 618.368 121.626 0.796811 0.796811 HessianAffine RootSIFT 0
83.0513 709.303 47.5007 204.14 0.79682 0.993428 HessianAffine RootSIFT 0
40.04 398.633 894.983 282.421 0.796853 0.852998 HessianAffine RootSIFT 0
799.36 279.019 392.776 111.846 0.796905 0.796905 HessianAffine RootSIFT 0
532.602 610.312 177.221 432.379 0.797019 0.94314 HessianAffine RootSIFT 0
413.655 149.296 577.136 179.057 0.797088 0.968038 HessianAffine RootSIFT 0
889.879 419.29 282.698 425.693 0.797266 0.848469 HessianAffine RootSIFT 0
240.824 313.037 229.668 118.263 0.797378 0.962315 HessianAffine RootSIFT 0
933.22 414.386 582.987 244.212 0.797593 0.956829 HessianAffine RootSIFT 0
295.732 208.828 302.876 629.773 0.797659 0.966414 HessianAffine RootSIFT 0
747.469 610.592 704.817 251.577 0.797728 0.985912 HessianAffine RootSIFT 0
524.188 617.824 833.348 155.134 0.797755 0.945777 HessianAffine RootSIFT 0
817.765 687.727 248.294 234.312 0.797763 0.797763 HessianAffine RootSIFT 0
484.466 117.133 143.824 686.123 0.79779 0.913446 HessianAffine RootSIFT 0
839.93 150.866 596.872 474.885 0.797997 0.985712 HessianAffine RootSIFT 0
838.229 605.984 823.013 209.604 0.798143 0.983521 HessianAffine RootSIFT 0
423.204 224.871 73.3945 605.146 0.798166 0.798166 HessianAffine RootSIFT 0
455.484 249.198 576.084 301.459 0.798242 0.798242 HessianAffine RootSIFT 0
750.354 46.4433 348.692 84.4378 0.798307 0.948957 HessianAffine RootSIFT 0
236.527 266.879 886.771 275.142 0.79833 0.79833 HessianAffine RootSIFT 0
855.308 669.98 214.988 296.745 0.798385 0.798385 HessianAffine RootSIFT 0
463.953 437.423 515.894 368.345 0.798387 0.989367 HessianAffine RootSIFT 0
920.023 411.42 800.986 393.348 0.798437 0.798437 HessianAffine RootSIFT 0
254.09 209.731 525.028 200.397 0.798451 0.798451 HessianAffine RootSIFT 0
792.32 176.02 798.015 441.316 0.798471 0.903926 HessianAffine RootSIFT 0
520.12 422.198 578.519 442.036 0.798539 0.939241 HessianAffine RootSIFT 0
826.142 82.9231 511.091 668.148 0.79857 0.8771 HessianAffine RootSIFT 0
633.649 484.224 635.502 291.07 0.798622 0.798622 HessianAffine RootSIFT 0
140.284 664.696 118.456 177.59 0.798675 0.798675 HessianAffine RootSIFT 0
766.584 189.077 874.674 198.667 0.798676 0.798676 HessianAffine RootSIFT 0
243.346 249.077 553.587 268.417 0.798805 0.8707 HessianAffine RootSIFT 0
428.087 640.199 515.79 251.005 0.798816 0.983104 HessianAffine RootSIFT 0
456.484 256.719 505.978 544.917 0.798974 0.798974 HessianAffine RootSIFT 0
479.256 476.616 517.531 538.728 0.799108 0.900653 HessianAffine RootSIFT 0
339.915 305.623 561.318 352.957 0.799319 0.812324 HessianAffine RootSIFT 0
920.186 596.591 790.84 397.603 0.799348 0.799348 HessianAffine RootSIFT 0
299.684 165.391 330.816 610.259 0.799383 0.799383 HessianAffine RootSIFT 0
575.65 94.0638 599.431 121.688 0.799481 0.799481 HessianAffine RootSIFT 0
488.126 284.187 627.532 465.616 0.799503 0.976661 HessianAffine RootSIFT 0
454.688 182.746 643.307 508.995 0.79955 0.79955 HessianAffine RootSIFT 0
340.006 194.428 634.621 363.587 0.799599 0.838257 HessianAffine RootSIFT 0
927.941 330.895 829.196 164.779 0.799692 0.879429 HessianAffine RootSIFT 0
489.156 490.429 116.497 389.061 0.799695 0.992577 HessianAffine RootSIFT 0
878.77 420.315 549.63 282.849 0.799871 0.909684 HessianAffine RootSIFT 0
281.303 323.5 488.604 399.448 0.803682 0.803682 MSER RootSIFT 0
448.477 212.778 597.106 390.083 0.806149 0.982881 MSER RootSIFT 0
122.76 607.838 606.006 376.511 0.80733 0.80733 MSER RootSIFT 0
168.091 400.934 912.117 335.591 0.814056 0.814056 MSER RootSIFT 0
754.429 433.238 230.583 721.533 0.816163 0.982699 MSER RootSIFT 0
900.363 368.021 452.481 199.154 0.819979 0.882741 MSER RootSIFT 0
862.527 496.365 230.725 721.575 0.820261 0.820261 MSER RootSIFT 0
719.218 683.577 803.948 169.431 0.820261 0.820261 MSER RootSIFT 0
884.478 399.122 538.258 388.265 0.820704 0.933135 MSER RootSIFT 0
657.975 542.825 706.009 273.303 0.822937 0.960121 MSER RootSIFT 0
248.609 359.63 522.878 277.043 0.823455 0.976281 MSER RootSIFT 0
398.367 142.875 575.419 150.021 0.824654 0.954821 MSER RootSIFT 0
420.105 624.026 480.748 296.537 0.824683 0.824683 MSER RootSIFT 0
232.223 627.691 595.992 298.328 0.827064 0.905841 MSER RootSIFT 0
144.419 224.3 886.333 259.222 0.82747 0.885945 MSER RootSIFT 0
98.1685 228.925 831.009 343.53 0.829848 0.829848 MSER RootSIFT 0
203.903 645.058 91.9 178.46 0.830357 0.830357 MSER RootSIFT 0
100.684 230.071 521.886 276.834 0.831797 0.831797 MSER RootSIFT 0
766.563 166.988 610.578 269.319 0.831814 0.958074 MSER RootSIFT 0
300.071 711.971 114.449 128.958 0.832589 0.832589 MSER RootSIFT 0
743.25 678.3 139.032 210.564 0.839297 0.839297 MSER RootSIFT 0
616.201 697.83 706.233 271.8 0.839716 0.959323 MSER RootSIFT 0
544.983 114.353 792.639 225.828 0.840049 0.984517 MSER RootSIFT 0
503.701 708.079 521.347 274.82 0.840145 0.840145 MSER RootSIFT 0
685.173 441.173 230.725 721.575 0.840887 0.840887 MSER RootSIFT 0
850.662 332.122 523.937 276.222 0.841312 0.963454 MSER RootSIFT 0
943.457 718.564 196.575 308.066 0.841787 0.841787 MSER RootSIFT 0
451.357 212.821 521.074 280.656 0.841939 0.841939 MSER RootSIFT 0
669.714 712.214 831.864 234.5 0.844382 0.844382 MSER RootSIFT 0
451.929 207.542 521.658 277.82 0.847995 0.8662 MSER RootSIFT 0
232.315 660.278 143.802 288.43 0.848219 0.848219 MSER RootSIFT 0
185.107 683.839 532.315 432.139 0.848523 0.985333 MSER RootSIFT 0
813.207 374.671 765.316 576.947 0.849707 0.849707 MSER RootSIFT 0
