280.706 658.552 432.773 773.548 0.352147 0.352147 MSER RootSIFT 1
414.889 404.328 425.759 353.287 0.38265 0.38265 MSER RootSIFT 1
340.653 281.908 400.08 185.25 0.404125 0.404125 MSER RootSIFT 1
403.228 504.46 436.239 517.043 0.415209 0.415209 MSER RootSIFT 1
434.412 216.23 406.488 51.0802 0.442219 0.964585 MSER RootSIFT 1
226.933 536.041 409.421 586.2 0.502753 0.502753 MSER RootSIFT 0
154.805 592.378 406.758 688.478 0.504033 0.504033 MSER RootSIFT 0
138.974 630.863 407.878 746.39 0.516993 0.516993 MSER RootSIFT 1
288.798 298.464 393.602 225.13 0.528057 0.528057 MSER RootSIFT 1
428.306 215.926 406.488 51.0802 0.528321 0.528321 MSER RootSIFT 1
401.111 662.357 453.595 766.857 0.593243 0.593243 MSER RootSIFT 0
367.273 320.869 408.616 239.146 0.619109 0.619109 MSER RootSIFT 1
327.123 466.285 419.849 471.965 0.619395 0.966543 MSER RootSIFT 0
344.489 638.31 441.234 735.643 0.631047 0.631047 MSER RootSIFT 1
368.974 380.997 415.659 327.421 0.6312 0.6312 MSER RootSIFT 1
339.961 213.306 392.841 78.8659 0.6484 0.952231 MSER RootSIFT 0
180.192 353.147 383.988 336.866 0.65728 0.999579 MSER RootSIFT 1
265.163 598.549 423.696 682.252 0.661828 0.661828 MSER RootSIFT 1
302.938 530.638 422.134 571.426 0.681555 0.681555 MSER RootSIFT 0
442.541 713.197 467.082 848.482 0.687147 0.687147 MSER RootSIFT 1
244.793 769.62 419.643 233.414 0.689968 0.689968 MSER RootSIFT 0
148.581 133.48 356.65 27.85 0.694282 0.928159 MSER RootSIFT 1
431.812 447.458 434.179 420.725 0.703476 0.703476 MSER RootSIFT 1
265.524 258.903 386.574 175.622 0.712478 0.950651 MSER RootSIFT 0
413.286 397.151 425.231 343.885 0.722865 0.722865 MSER RootSIFT 1
335.823 440.908 418.5 434.155 0.729561 0.729561 MSER RootSIFT 0
436.542 221.805 408.294 58.0588 0.730145 0.730145 MSER RootSIFT 1
194.327 226.561 372.623 150.126 0.736781 0.736781 MSER RootSIFT 0
215.556 635.93 420.058 742.173 0.742132 0.742132 MSER RootSIFT 0
228.666 335.936 389.475 297.425 0.743458 0.743458 MSER RootSIFT 1
212.512 286.382 381.984 228.392 0.744702 0.744702 MSER RootSIFT 1
318.39 309.71 400.46 234.28 0.749968 0.749968 MSER RootSIFT 0
166.828 377.274 384.464 372.664 0.755471 0.755471 MSER RootSIFT 1
164.225 726.31 120.333 314.283 0.757269 0.859791 MSER RootSIFT 0
462.418 510.484 446.522 517.5 0.759233 0.759233 MSER RootSIFT 1
211.136 50.2103 436.239 517.043 0.76642 0.76642 MSER RootSIFT 0
42.0783 761.994 213.985 872.371 0.768069 0.977993 MSER RootSIFT 0
338.406 386.47 408.294 58.0588 0.772664 0.772664 MSER RootSIFT 0
379.018 503.957 118.276 519.619 0.776322 0.776322 MSER RootSIFT 0
233.885 546.305 409.421 586.2 0.781777 0.781777 MSER RootSIFT 0
126.452 247.29 381.984 228.392 0.782378 0.782378 MSER RootSIFT 0
389.319 710.819 457.341 847.958 0.783142 0.783142 MSER RootSIFT 1
201.528 378.157 390.459 366.143 0.788999 0.788999 MSER RootSIFT 0
297.917 544.515 423.167 596.889 0.789855 0.789855 MSER RootSIFT 1
120.891 189.514 89.7547 583.388 0.79376 0.916896 MSER RootSIFT 0
262.253 103.805 407.554 751.041 0.798558 0.903113 MSER RootSIFT 0
167.35 440.965 391.517 466.4 0.800154 0.800154 MSER RootSIFT 1
333.722 436.759 354.793 297.085 0.803583 0.921399 MSER RootSIFT 0
395.028 676.407 135.121 595.052 0.80386 0.80386 MSER RootSIFT 0
421.257 226.608 49.8023 261.895 0.804311 0.804311 MSER RootSIFT 0
297.917 544.515 423.684 603.211 0.805545 0.859294 MSER RootSIFT 0
504.756 401.833 159.962 837.91 0.807276 0.995145 MSER RootSIFT 0
235.176 205.392 407.878 746.39 0.808189 0.808189 MSER RootSIFT 0
375.586 583.328 451.847 688.745 0.809222 0.809222 MSER RootSIFT 0
218.409 336.53 408.294 58.0588 0.810674 0.810674 MSER RootSIFT 0
365.878 638.77 420.062 332.938 0.813246 0.813246 MSER RootSIFT 0
279.208 651.462 432.773 773.548 0.813876 0.813876 MSER RootSIFT 0
248.656 76.2556 105.639 176.629 0.814009 0.814009 MSER RootSIFT 0
23.0588 901.529 330.071 311.729 0.817126 0.817126 MSER RootSIFT 0
13.9286 27.4048 87.2083 781.25 0.820339 0.993137 MSER RootSIFT 0
322.765 476.412 422.155 488.828 0.82555 0.82555 MSER RootSIFT 0
160.247 671.896 440.798 852.548 0.826366 0.826366 MSER RootSIFT 0
38.7254 931.549 340.761 221.343 0.828005 0.828005 MSER RootSIFT 0
348.325 338.425 411.921 422.526 0.832347 0.832347 MSER RootSIFT 0
184.222 340.211 382.848 317.295 0.832637 0.832637 MSER RootSIFT 0
189.905 411.703 451.847 688.745 0.832661 0.949878 MSER RootSIFT 0
413.286 397.151 61.9094 528.063 0.83485 0.83485 MSER RootSIFT 0
78.2925 402.112 72.2517 488.748 0.835132 0.857464 MSER RootSIFT 0
193.136 170.905 143.52 560.46 0.836682 0.925117 MSER RootSIFT 0
287.024 55.6429 457.341 847.958 0.837225 0.837225 MSER RootSIFT 0
394.224 608.531 451.847 688.745 0.839168 0.839168 MSER RootSIFT 0
447.892 190.085 125.114 470.835 0.840537 0.963234 MSER RootSIFT 0
365.964 114.503 451.847 688.745 0.841686 0.841686 MSER RootSIFT 0
155.891 436.065 150.731 638.731 0.841711 0.841711 MSER RootSIFT 0
147.361 351.889 86.8662 453.063 0.842619 0.842619 MSER RootSIFT 0
181.417 144.25 173.552 874.655 0.843279 0.843279 MSER RootSIFT 0
53.1087 590.88 213.985 872.371 0.845048 0.984081 MSER RootSIFT 0
227.673 758.87 138.709 56.4552 0.846427 0.846427 MSER RootSIFT 0
341.183 537.375 423.321 216.136 0.846499 0.846499 MSER RootSIFT 0
394.986 587.912 451.847 688.745 0.84675 0.84675 MSER RootSIFT 0
457.845 522.098 144.593 785.547 0.846993 0.846993 MSER RootSIFT 0
230.74 191.548 182.735 896.833 0.847487 0.847487 MSER RootSIFT 0
337.636 553.911 424.646 231.427 0.847931 0.847931 MSER RootSIFT 0
