838.769 890.976 791.368 592.154 0.215882 0.215882 HessianAffine RootSIFT 1
859.875 851.25 791.924 572.443 0.26539 0.26539 MSER RootSIFT 0
994.171 602.32 799.54 459.252 0.280502 0.280502 HessianAffine RootSIFT 0
683.465 777.625 776.006 533.071 0.29712 0.29712 HessianAffine RootSIFT 0
925.548 389.097 792.332 346.689 0.316707 0.316707 MSER RootSIFT 0
851.403 682.985 789.446 493.394 0.333943 0.333943 HessianAffine RootSIFT 0
720.46 618.914 777.365 453.462 0.37195 0.37195 HessianAffine RootSIFT 0
443.712 500.555 750.241 374.217 0.373664 0.94819 HessianAffine RootSIFT 0
1102.26 632.035 806.101 478.701 0.374856 0.374856 HessianAffine RootSIFT 0
387.63 707.506 750.377 488.25 0.389227 0.389227 HessianAffine RootSIFT 0
965.565 577.03 798.09 444.495 0.391363 0.830511 HessianAffine RootSIFT 0
516.974 850.251 763.331 565.237 0.392922 0.392922 MSER RootSIFT 0
725.697 695.093 779.13 491.105 0.39826 0.39826 MSER RootSIFT 0
864 860.036 792.427 577.518 0.400562 0.400562 MSER RootSIFT 1
982.103 602.508 799.54 459.252 0.406654 0.406654 HessianAffine RootSIFT 0
276.192 931.786 743.493 603.691 0.407142 0.407142 HessianAffine RootSIFT 0
1000.75 537.057 799.22 424.931 0.407786 0.842392 HessianAffine RootSIFT 0
523.209 677.946 761.41 475.589 0.408789 0.874339 HessianAffine RootSIFT 0
1141.2 297.95 807.292 319.367 0.414997 0.917515 MSER RootSIFT 0
847.948 863.119 791.442 578.116 0.41826 0.41826 HessianAffine RootSIFT 1
1129.12 370.771 808.28 355.147 0.42246 0.42246 HessianAffine RootSIFT 0
437.254 701.022 754.173 484.251 0.42943 0.833433 HessianAffine RootSIFT 0
903.218 707.579 793.352 506.822 0.429465 0.998845 HessianAffine RootSIFT 0
934.42 458.924 794.279 385.798 0.430526 0.430526 HessianAffine RootSIFT 0
813.319 278.033 783.693 280.776 0.43396 0.43396 HessianAffine RootSIFT 0
762.373 532.585 778.038 416.241 0.436725 0.914142 HessianAffine RootSIFT 0
715.639 702.823 778.111 495.04 0.439267 0.439267 MSER RootSIFT 0
1005.03 533.173 800.113 426.917 0.440365 0.440365 HessianAffine RootSIFT 0
803.919 878.09 788.731 585.425 0.443417 0.443417 HessianAffine RootSIFT 0
720.294 692.655 779.13 491.105 0.447025 0.447025 MSER RootSIFT 1
1011.1 602.507 799.54 459.252 0.448702 0.448702 HessianAffine RootSIFT 0
715.279 622.693 777.365 453.462 0.455735 0.455735 HessianAffine RootSIFT 0
945.475 458.307 794.279 385.798 0.456532 0.456532 HessianAffine RootSIFT 1
971.659 204.103 793.547 256.432 0.457493 0.457493 HessianAffine RootSIFT 1
1074.21 602.09 805.539 459.989 0.460859 0.460859 HessianAffine RootSIFT 1
897.822 860.765 795.059 576.273 0.469462 0.469462 HessianAffine RootSIFT 0
1143 153.15 805.178 242.952 0.475628 0.475628 HessianAffine RootSIFT 0
444.93 464.592 751.827 357.157 0.476678 0.945631 HessianAffine RootSIFT 0
774.795 867.863 786.492 581.238 0.478535 0.478535 HessianAffine RootSIFT 0
827.923 648.107 787.57 478.081 0.479356 0.479356 HessianAffine RootSIFT 0
1010.85 461.695 800.018 386.174 0.480093 0.480093 HessianAffine RootSIFT 0
717.832 538.604 778.038 416.241 0.481716 0.917048 HessianAffine RootSIFT 0
508.832 851.755 762.923 567.419 0.482124 0.482124 HessianAffine RootSIFT 1
855.095 853.118 791.924 572.443 0.482968 0.482968 MSER RootSIFT 1
1193.55 644.535 815.255 484.702 0.48653 0.48653 HessianAffine RootSIFT 0
1346.65 526.844 824.036 437.261 0.489242 0.489242 HessianAffine RootSIFT 1
1005.93 192.254 795.798 253.342 0.491196 0.491196 MSER RootSIFT 0
1010.73 193.909 795.798 253.342 0.4926 0.990974 MSER RootSIFT 0
362.413 682.789 746.988 476.657 0.494038 0.494038 HessianAffine RootSIFT 0
736.599 530.869 778.038 416.241 0.497078 0.955589 HessianAffine RootSIFT 0
998.423 199.43 795 256.286 0.502322 0.502322 MSER RootSIFT 0
1164.22 522.049 812.037 424.582 0.508892 0.508892 MSER RootSIFT 0
1252.89 682.172 818.293 505.298 0.521065 0.521065 HessianAffine RootSIFT 0
923.028 615.723 792.431 464.657 0.525342 0.525342 HessianAffine RootSIFT 0
898.341 684.446 793.183 494.644 0.529858 0.529858 HessianAffine RootSIFT 1
348.892 243.424 737.856 221.967 0.530886 0.530886 MSER RootSIFT 0
377.281 494.582 743.714 373.645 0.536987 0.966692 HessianAffine RootSIFT 0
864.435 553.534 789.826 431.955 0.54023 0.806813 HessianAffine RootSIFT 0
927.073 520.083 794.643 416.698 0.552357 0.881747 HessianAffine RootSIFT 0
1092.94 648.783 806.958 485.592 0.552915 0.552915 HessianAffine RootSIFT 0
1149.94 300.686 807.961 316.242 0.559696 0.964538 MSER RootSIFT 0
509.277 846.299 762.923 567.419 0.559786 0.559786 HessianAffine RootSIFT 0
311.9 929.078 747.152 602.025 0.560298 0.560298 HessianAffine RootSIFT 0
458.786 484.216 752.206 367.571 0.562527 0.562527 HessianAffine RootSIFT 0
803.26 438.249 785.27 361.722 0.562793 0.905649 HessianAffine RootSIFT 0
385.813 442.007 745.985 340.492 0.565122 0.565122 HessianAffine RootSIFT 0
1007.68 183.803 795 256.286 0.568614 0.568614 MSER RootSIFT 0
366.531 510.723 745.329 383.282 0.570175 0.570175 HessianAffine RootSIFT 0
671.974 379.931 774.621 324.071 0.573368 0.573368 HessianAffine RootSIFT 0
1199.49 309.815 812.317 321.746 0.580334 0.580334 HessianAffine RootSIFT 0
608.947 839.948 771.272 563.139 0.580537 0.580537 HessianAffine RootSIFT 0
895.148 711.621 793.352 506.822 0.580976 0.580976 HessianAffine RootSIFT 1
741.091 468 778 374 0.58279 0.58279 MSER RootSIFT 0
421.564 880.571 755.981 581.135 0.58284 0.58284 MSER RootSIFT 1
309.645 424.155 738.367 327.242 0.585376 0.877091 HessianAffine RootSIFT 0
671.436 777.282 776.006 533.071 0.58638 0.58638 HessianAffine RootSIFT 1
148.294 855.368 728.06 559.12 0.589769 0.589769 HessianAffine RootSIFT 0
300.082 419.257 736.463 321.406 0.591553 0.591553 HessianAffine RootSIFT 0
1088.96 598.113 805.539 459.989 0.592368 0.592368 HessianAffine RootSIFT 0
800.86 280.845 783.693 280.776 0.592438 0.592438 HessianAffine RootSIFT 0
420.503 690.016 753.195 477.413 0.595177 0.86835 HessianAffine RootSIFT 0
469.336 577.302 756.072 422.416 0.596624 0.596624 HessianAffine RootSIFT 0
715.896 602.691 777.736 447.572 0.597667 0.597667 HessianAffine RootSIFT 1
869.6 852.667 791.924 572.443 0.602552 0.602552 MSER RootSIFT 0
1007.28 225.697 374.219 898.185 0.602672 0.967856 HessianAffine RootSIFT 0
636.583 93.9672 761.09 164.66 0.605186 0.912997 MSER RootSIFT 0
454.94 464.404 753.532 353.731 0.605541 0.605541 HessianAffine RootSIFT 0
1105.5 301.84 805.194 311.623 0.608378 0.925891 HessianAffine RootSIFT 0
984.519 284.751 796.281 300.275 0.609286 0.609286 HessianAffine RootSIFT 0
990.291 293.917 796.281 300.275 0.610335 0.610335 HessianAffine RootSIFT 0
516.934 671.937 761.41 475.589 0.610339 0.610339 HessianAffine RootSIFT 0
338.438 659.94 1255.65 587.589 0.612509 0.612509 HessianAffine RootSIFT 0
698.174 590.651 775.701 444.259 0.612954 0.612954 HessianAffine RootSIFT 0
1000.13 193.727 795.798 253.342 0.614128 0.614128 MSER RootSIFT 1
1129.24 174.8 804.237 252.177 0.615743 0.906476 HessianAffine RootSIFT 0
997.232 523.426 800.655 416.468 0.615916 0.615916 HessianAffine RootSIFT 0
455.667 720.13 755.654 490.409 0.616135 0.616135 HessianAffine RootSIFT 0
706.669 492.853 775.89 386.307 0.616549 0.952785 HessianAffine RootSIFT 0
706.077 455.847 776.423 368.921 0.622169 0.622169 HessianAffine RootSIFT 0
900.041 872.472 794.966 583.98 0.622219 0.622219 HessianAffine RootSIFT 0
458.192 574.58 756.072 422.416 0.624041 0.624041 HessianAffine RootSIFT 0
715.154 466.087 776.482 373.733 0.624125 0.914916 MSER RootSIFT 0
77.4243 42.9832 369.688 854.151 0.624449 0.84542 HessianAffine RootSIFT 0
357.664 447.366 742.387 346.393 0.625194 0.625194 HessianAffine RootSIFT 0
820.657 237.997 789.91 434.713 0.627701 0.921071 HessianAffine RootSIFT 0
819.407 811.622 789.551 555.541 0.627865 0.627865 HessianAffine RootSIFT 0
322.851 238.498 590.896 620.57 0.628873 0.628873 HessianAffine RootSIFT 0
288.148 919.375 744.772 597.073 0.629584 0.629584 HessianAffine RootSIFT 0
1102.6 659.144 806.958 485.592 0.635184 0.635184 HessianAffine RootSIFT 0
1045.53 305.992 363.216 854.755 0.635616 0.635616 HessianAffine RootSIFT 0
714.436 421.416 776.031 350.658 0.639305 0.639305 HessianAffine RootSIFT 0
357.413 687.199 746.988 476.657 0.640705 0.640705 HessianAffine RootSIFT 0
643.265 731.463 412.028 828.388 0.643343 0.643343 HessianAffine RootSIFT 0
1227.25 688.304 1120.72 291.233 0.643659 0.643659 HessianAffine RootSIFT 0
857.398 858.571 792.427 577.518 0.645442 0.645442 MSER RootSIFT 1
1132.65 301.143 807.292 319.367 0.647748 0.876697 MSER RootSIFT 0
1370.37 437.695 760.584 163.918 0.64797 0.85883 HessianAffine RootSIFT 0
443.288 495.014 750.349 373.58 0.650816 0.922859 HessianAffine RootSIFT 0
1131.4 174.012 805.178 242.952 0.652578 0.922052 HessianAffine RootSIFT 0
707.032 713.046 778.111 495.04 0.654091 0.654091 MSER RootSIFT 0
838.396 245.885 783.34 268.33 0.655336 0.655336 HessianAffine RootSIFT 1
1141.8 637.353 812.288 480.454 0.656167 0.656167 HessianAffine RootSIFT 0
1351.02 502.576 824.62 430.226 0.660117 0.809107 HessianAffine RootSIFT 0
722.211 467.895 777.133 376.597 0.661639 0.866209 MSER RootSIFT 0
643.514 842.995 774.388 570.703 0.662906 0.662906 HessianAffine RootSIFT 0
837.003 653.714 776.006 533.071 0.665262 0.665262 HessianAffine RootSIFT 0
1050.85 392.661 387.336 444.285 0.667147 0.667147 HessianAffine RootSIFT 0
996.075 751.714 801.169 533.621 0.667557 0.667557 HessianAffine RootSIFT 0
1180.89 689.745 814.451 507.279 0.668202 0.668202 HessianAffine RootSIFT 0
1190.08 332.757 565.278 379.676 0.668977 0.818868 HessianAffine RootSIFT 0
948.578 372.392 794.203 340.483 0.670215 0.670215 HessianAffine RootSIFT 0
1343.57 616.677 676.478 660.118 0.671639 0.966335 HessianAffine RootSIFT 0
975.246 254.235 795.333 279.608 0.672987 0.997501 HessianAffine RootSIFT 0
1328.54 704.161 1334.66 860.686 0.673256 0.673256 HessianAffine RootSIFT 0
730.958 710.137 779.979 495.128 0.673326 0.673326 MSER RootSIFT 0
705.624 477.207 775.547 377.477 0.675315 0.675315 MSER RootSIFT 0
905.935 951.306 140.815 139.858 0.676606 0.676606 HessianAffine RootSIFT 0
739.2 465.984 774.848 361.605 0.677139 0.834008 HessianAffine RootSIFT 0
866.008 891.888 791.368 592.154 0.679661 0.679661 HessianAffine RootSIFT 0
1058.53 615.789 803.636 460.333 0.680857 0.680857 MSER RootSIFT 0
1095.64 568.011 570.412 898.244 0.684476 0.684476 HessianAffine RootSIFT 0
1023.26 406.261 800.08 358.284 0.684783 0.684783 HessianAffine RootSIFT 0
458.192 574.58 755.723 427.612 0.685924 0.880209 HessianAffine RootSIFT 0
1000.32 487.326 800.08 402.431 0.686772 0.686772 HessianAffine RootSIFT 0
945.203 410.953 776.006 533.071 0.687172 0.687172 HessianAffine RootSIFT 0
1053.51 303.955 558.906 555.129 0.688076 0.688076 HessianAffine RootSIFT 0
826.571 881.217 788.731 585.425 0.69097 0.981108 HessianAffine RootSIFT 0
943.438 615.602 792.431 464.657 0.691321 0.691321 HessianAffine RootSIFT 0
362.939 690.947 746.988 476.657 0.691937 0.691937 HessianAffine RootSIFT 1
1006.61 203.104 795 256.286 0.692073 0.692073 MSER RootSIFT 0
715.882 758.298 779.51 525.53 0.692202 0.692202 HessianAffine RootSIFT 1
297.379 948.039 746.434 613.088 0.693505 0.693505 HessianAffine RootSIFT 0
1075.45 158 1463.89 909.998 0.694505 0.694505 HessianAffine RootSIFT 0
1199.98 125.704 78.0955 307.388 0.696642 0.696642 MSER RootSIFT 0
918.718 398.366 775.89 386.307 0.697461 0.976994 HessianAffine RootSIFT 0
1270.95 365.855 897.584 802.352 0.698346 0.698346 HessianAffine RootSIFT 0
1381.53 438.444 589.61 618.721 0.700198 0.700198 HessianAffine RootSIFT 0
273.29 918.653 744.772 597.073 0.701209 0.701209 HessianAffine RootSIFT 0
704.755 560.828 652.374 766.771 0.704819 0.842307 HessianAffine RootSIFT 0
666.405 368.565 774.621 324.071 0.706646 0.706646 HessianAffine RootSIFT 0
561.389 499.901 764.671 390.898 0.706879 0.706879 HessianAffine RootSIFT 0
1314.85 283.037 761.09 164.66 0.707321 0.956608 MSER RootSIFT 0
420.676 889.061 755.981 581.135 0.70742 0.70742 MSER RootSIFT 0
1098.02 454.529 183.147 687.509 0.708003 0.881425 HessianAffine RootSIFT 0
738.387 455.542 774.848 361.605 0.708152 0.708152 HessianAffine RootSIFT 0
136.464 855.398 728.06 559.12 0.709746 0.709746 HessianAffine RootSIFT 0
303.789 472.591 577.436 665.446 0.709903 0.709903 HessianAffine RootSIFT 0
1121.12 843.458 760.584 163.918 0.710238 0.847284 HessianAffine RootSIFT 0
894.438 870.043 794.966 583.98 0.710877 0.710877 HessianAffine RootSIFT 0
1058.53 615.789 801.951 469.27 0.71101 0.948124 MSER RootSIFT 0
1327.11 720.392 968.063 276.795 0.711482 0.971458 HessianAffine RootSIFT 0
1122.27 840.212 799.401 126.591 0.711494 0.711494 HessianAffine RootSIFT 0
1161.51 626.048 1442.14 797.26 0.712287 0.712287 HessianAffine RootSIFT 0
1399.53 741.755 268.965 448.049 0.712611 0.970576 HessianAffine RootSIFT 0
904.565 230.869 1331.88 497.3 0.715846 0.894875 HessianAffine RootSIFT 0
469.336 577.302 755.723 427.612 0.717329 0.833597 HessianAffine RootSIFT 0
971.637 235.178 360.913 845.528 0.718685 0.718685 HessianAffine RootSIFT 0
875.399 759.964 795.103 528.711 0.719145 0.719145 HessianAffine RootSIFT 0
1339.92 612.563 230.252 651.173 0.719809 0.834103 HessianAffine RootSIFT 0
308.256 419.224 736.463 321.406 0.721261 0.807259 HessianAffine RootSIFT 1
1313.62 285.398 631.675 40.875 0.722722 0.722722 MSER RootSIFT 0
604.266 95.1681 363.216 854.755 0.723334 0.723334 HessianAffine RootSIFT 0
899.442 717.555 793.352 506.822 0.724189 0.724189 HessianAffine RootSIFT 0
891.26 247.818 997.829 198.887 0.726371 0.812243 HessianAffine RootSIFT 0
1119.02 830.856 590.896 620.57 0.726384 0.865669 HessianAffine RootSIFT 0
969.032 335.209 1438.89 538.026 0.72751 0.72751 HessianAffine RootSIFT 0
1326.67 829.82 1474.83 333.121 0.727682 0.727682 HessianAffine RootSIFT 0
706.854 438.202 774.848 361.605 0.728671 0.938271 HessianAffine RootSIFT 0
928.495 504.782 794.126 407.735 0.732095 0.864517 HessianAffine RootSIFT 0
1084.44 601.07 805.539 459.989 0.732854 0.732854 HessianAffine RootSIFT 0
373.853 375.711 1387.76 859.475 0.733373 0.733373 HessianAffine RootSIFT 0
1304.85 716.82 1221.01 848.514 0.733743 0.905384 HessianAffine RootSIFT 0
1128.38 311.548 807.292 319.367 0.7346 0.7346 MSER RootSIFT 0
339.796 237.671 736.96 218.095 0.735783 0.916685 HessianAffine RootSIFT 0
931.532 308.649 790.999 308.687 0.735904 0.964255 HessianAffine RootSIFT 0
1001.27 550.139 800.113 426.917 0.736915 0.894062 HessianAffine RootSIFT 0
1064.85 603.731 805.539 459.989 0.737689 0.737689 HessianAffine RootSIFT 0
504.457 446.888 745.178 364.092 0.738518 0.738518 HessianAffine RootSIFT 0
295.353 917.969 744.772 597.073 0.739161 0.739161 HessianAffine RootSIFT 0
1035.09 307.738 800.683 323.141 0.739601 0.739601 HessianAffine RootSIFT 0
779.561 927.239 347.27 851.924 0.740524 0.740524 HessianAffine RootSIFT 0
643.514 842.995 771.272 563.139 0.743529 0.743529 HessianAffine RootSIFT 0
856.883 583.881 752.206 367.571 0.74466 0.74466 HessianAffine RootSIFT 0
325.023 941.365 1164.68 497.838 0.74486 0.74486 HessianAffine RootSIFT 0
1282.28 632.727 742.75 886.744 0.746597 0.872757 HessianAffine RootSIFT 0
1126.46 294.196 804.313 319.193 0.747513 0.747513 MSER RootSIFT 0
988.405 345.49 1434.91 538.706 0.749238 0.749238 HessianAffine RootSIFT 0
932.968 586.93 798.09 444.495 0.749367 0.749367 HessianAffine RootSIFT 0
1082.68 138.691 799.459 233.553 0.750256 0.958824 HessianAffine RootSIFT 0
264.285 939.599 742.158 609.503 0.750475 0.750475 HessianAffine RootSIFT 0
454.295 472.84 751.827 357.157 0.751087 0.966087 HessianAffine RootSIFT 0
1048.82 315.315 1188.91 406.09 0.751105 0.751105 HessianAffine RootSIFT 0
301.175 937.458 746.434 613.088 0.751946 0.751946 HessianAffine RootSIFT 0
1175.71 605.579 801.017 805.083 0.753073 0.753073 MSER RootSIFT 0
798.343 872.014 786.492 581.238 0.753155 0.824994 HessianAffine RootSIFT 0
1097.17 446.063 185.695 810.464 0.753371 0.753371 HessianAffine RootSIFT 0
981.995 748.186 801.169 533.621 0.753715 0.753715 HessianAffine RootSIFT 0
428.506 701.52 754.173 484.251 0.753777 0.848629 HessianAffine RootSIFT 0
877.561 881.065 845.499 830.328 0.755644 0.755644 HessianAffine RootSIFT 0
920.328 223.765 478.722 781.091 0.755812 0.755812 HessianAffine RootSIFT 0
707.209 548.107 777.396 421.341 0.756066 0.756066 HessianAffine RootSIFT 0
1097.05 373.696 802.593 344.972 0.756718 0.888551 HessianAffine RootSIFT 0
976.809 280.556 796.281 300.275 0.758841 0.758841 HessianAffine RootSIFT 0
1411.51 741.975 1174.18 341.487 0.759041 0.759041 HessianAffine RootSIFT 0
940.323 649.799 24.206 285.796 0.759122 0.759122 HessianAffine RootSIFT 0
1094.62 347 128.796 836.733 0.759384 0.921449 HessianAffine RootSIFT 0
1283.34 633.973 676.478 660.118 0.760083 0.760083 HessianAffine RootSIFT 0
827.764 632.202 154.216 827.376 0.76016 0.873636 HessianAffine RootSIFT 0
860.127 564.467 789.91 434.713 0.761357 0.761357 HessianAffine RootSIFT 0
1103.07 466.489 555.525 780.476 0.761576 0.872571 HessianAffine RootSIFT 0
1373.35 440.982 700.963 54.5185 0.761604 0.761604 MSER RootSIFT 0
1282.78 639.745 676.478 660.118 0.761786 0.761786 HessianAffine RootSIFT 0
711.081 469.814 776.535 374.242 0.762636 0.883526 MSER RootSIFT 0
985.545 255.247 1188.34 190.716 0.763006 0.921619 HessianAffine RootSIFT 0
1079.29 377.507 804.126 358.038 0.764645 0.764645 HessianAffine RootSIFT 0
1347.62 490.496 824.758 420.344 0.765377 0.765377 HessianAffine RootSIFT 0
1191.72 632.222 369.688 854.151 0.765982 0.821553 HessianAffine RootSIFT 0
367.956 432.112 541.493 429.152 0.767141 0.767141 HessianAffine RootSIFT 0
960.727 251.825 1240.71 544.954 0.767445 0.767445 HessianAffine RootSIFT 0
1083.45 572.421 753.195 477.413 0.76782 0.948881 HessianAffine RootSIFT 0
1053.61 302.484 505.463 488.385 0.767836 0.767836 HessianAffine RootSIFT 0
341.982 241.208 760.584 163.918 0.768229 0.971444 HessianAffine RootSIFT 0
863.981 888.307 1185.71 464.54 0.76845 0.76845 HessianAffine RootSIFT 0
859.23 601.004 130.542 827.931 0.768776 0.870479 HessianAffine RootSIFT 0
848.353 625.736 194.318 511.409 0.768958 0.768958 HessianAffine RootSIFT 0
1076.91 612.62 195.897 771.412 0.769295 0.893408 HessianAffine RootSIFT 0
1091.49 179.439 802.703 254.438 0.769465 0.769465 HessianAffine RootSIFT 1
834.504 228.469 172.295 826.7 0.770439 0.770439 HessianAffine RootSIFT 0
315.789 422.444 740.712 313.212 0.770735 0.770735 HessianAffine RootSIFT 0
615.965 806.776 1151.79 236.762 0.771181 0.771181 HessianAffine RootSIFT 0
1365.69 505.899 1481.59 765.517 0.771245 0.771245 HessianAffine RootSIFT 0
906.834 215.277 789.446 493.394 0.771349 0.771349 HessianAffine RootSIFT 0
516.494 660.245 376.767 968.587 0.771543 0.771543 HessianAffine RootSIFT 0
1368.08 446.204 1444.67 954.051 0.771623 0.771623 HessianAffine RootSIFT 0
1078.98 346.237 164.167 744.915 0.771663 0.888315 HessianAffine RootSIFT 0
972.721 231.029 794.109 271.252 0.771848 0.771848 HessianAffine RootSIFT 1
1080.71 268.289 493.837 558.597 0.772144 0.772144 HessianAffine RootSIFT 0
917.221 370.741 774.848 361.605 0.772614 0.858611 HessianAffine RootSIFT 0
1285.44 711.997 140.937 141.952 0.772713 0.919672 HessianAffine RootSIFT 0
307.987 382.363 379.334 765.804 0.772882 0.772882 HessianAffine RootSIFT 0
349.68 227.25 1444.67 954.051 0.773351 0.857267 HessianAffine RootSIFT 0
717.291 627.641 777.365 453.462 0.773493 0.773493 HessianAffine RootSIFT 0
435.756 852.183 828.12 175.973 0.774048 0.774048 HessianAffine RootSIFT 0
307.716 566.566 1237.93 588.42 0.774199 0.774199 HessianAffine RootSIFT 0
1057.05 313.875 362.234 849.995 0.774549 0.849096 HessianAffine RootSIFT 0
324.406 482.902 209.391 665.945 0.776221 0.776221 HessianAffine RootSIFT 0
1128.67 62.7464 378.098 976.964 0.777145 0.777145 HessianAffine RootSIFT 0
786.682 725.3 130.542 827.931 0.777929 0.846955 HessianAffine RootSIFT 0
863.755 665.497 779.51 525.53 0.778316 0.778316 HessianAffine RootSIFT 0
1364.56 528.593 1161.98 799.49 0.779006 0.779006 HessianAffine RootSIFT 0
1280.7 765.087 302.771 385.512 0.779732 0.888406 MSER RootSIFT 0
1084.12 133.799 230.252 651.173 0.779868 0.963795 HessianAffine RootSIFT 0
529.056 957.058 1153.13 329.884 0.780338 0.947207 HessianAffine RootSIFT 0
1286.7 640.039 513.802 453.794 0.781048 0.781048 HessianAffine RootSIFT 0
649.906 772.945 304.039 826.517 0.781539 0.934439 HessianAffine RootSIFT 0
930.454 687.832 793.183 494.644 0.782035 0.782035 HessianAffine RootSIFT 0
1335.65 597.263 505.463 488.385 0.782893 0.782893 HessianAffine RootSIFT 0
662.923 740.593 194.318 511.409 0.783128 0.783128 HessianAffine RootSIFT 0
784.36 672.846 1129.7 199.515 0.783289 0.966566 HessianAffine RootSIFT 0
1360.07 728.326 1304.78 542.353 0.783365 0.783365 HessianAffine RootSIFT 0
343.643 247.371 631.675 40.875 0.783532 0.783532 MSER RootSIFT 0
649.628 777.381 140.627 845.845 0.783565 0.783565 HessianAffine RootSIFT 0
1100.95 555.356 1059.26 540.569 0.783738 0.783738 HessianAffine RootSIFT 0
864.028 587.037 118.19 823.39 0.78427 0.78427 HessianAffine RootSIFT 0
967.833 253.143 1240.71 544.954 0.784492 0.784492 HessianAffine RootSIFT 0
72.7767 36.272 1182.21 408.499 0.784699 0.8796 HessianAffine RootSIFT 0
1128.35 193.174 331.251 586.274 0.785693 0.988869 HessianAffine RootSIFT 0
285.688 939.36 572.125 631.036 0.78652 0.78652 HessianAffine RootSIFT 0
1312.23 287.89 758.741 165.284 0.78662 0.862702 MSER RootSIFT 0
547.787 901.667 968.063 276.795 0.787487 0.995776 HessianAffine RootSIFT 0
1060.02 330.233 363.216 854.755 0.787526 0.80382 HessianAffine RootSIFT 0
955.518 693.972 364.422 891.941 0.787806 0.88879 HessianAffine RootSIFT 0
842.045 651.011 105.216 812.043 0.78795 0.812469 HessianAffine RootSIFT 0
1177.23 529.333 812.037 424.582 0.788342 0.788342 MSER RootSIFT 0
1102.6 659.144 807.938 493.811 0.788581 0.788581 HessianAffine RootSIFT 0
361.371 246.235 590.896 620.57 0.788718 0.923882 HessianAffine RootSIFT 0
320.972 933.732 1320.49 423.924 0.789165 0.789165 HessianAffine RootSIFT 0
310.899 483.064 1118.7 715.406 0.789439 0.803471 HessianAffine RootSIFT 0
1393.24 780.624 742.849 864.523 0.789612 0.789612 MSER RootSIFT 0
889.677 676.16 793.183 494.644 0.790167 0.790167 HessianAffine RootSIFT 0
1348.67 783.1 828.641 505.613 0.79036 0.974586 MSER RootSIFT 0
719.598 606.576 777.736 447.572 0.790579 0.790579 HessianAffine RootSIFT 1
1502.32 88.8585 268.965 448.049 0.790621 0.790621 HessianAffine RootSIFT 0
1315.81 282.411 700.963 54.5185 0.79071 0.79071 MSER RootSIFT 0
1323.3 292.951 369.688 854.151 0.791069 0.791069 HessianAffine RootSIFT 0
1094.66 354.806 395.707 703.657 0.791211 0.833713 HessianAffine RootSIFT 0
942.157 257.676 1297.29 534.238 0.791862 0.791862 HessianAffine RootSIFT 0
1336.47 618.647 142.617 130.767 0.791973 0.98965 HessianAffine RootSIFT 0
1193.03 353.508 568.081 376.162 0.792141 0.81597 HessianAffine RootSIFT 0
1175.42 607.022 1202.76 475.282 0.792174 0.792174 MSER RootSIFT 0
1089.37 563.117 753.195 477.413 0.792712 0.952163 HessianAffine RootSIFT 0
923.964 351.732 1368.05 215.064 0.792824 0.792824 HessianAffine RootSIFT 0
1102.29 424.514 497.599 971.059 0.793048 0.793048 HessianAffine RootSIFT 0
554.015 841.434 1036.65 809.811 0.79312 0.79312 HessianAffine RootSIFT 0
136.464 855.398 1467.45 819.928 0.793505 0.976572 HessianAffine RootSIFT 0
1094.77 167.533 711.664 657.633 0.793931 0.988589 HessianAffine RootSIFT 0
382.722 491.695 479.66 828.037 0.793974 0.793974 HessianAffine RootSIFT 0
785.074 751.503 131.464 836.434 0.794017 0.794017 HessianAffine RootSIFT 0
801.166 290.351 783.693 280.776 0.794295 0.794295 HessianAffine RootSIFT 0
1331.88 619.322 362.449 849.634 0.794654 0.803642 HessianAffine RootSIFT 0
619.412 822.301 378.546 714.564 0.795375 0.795375 HessianAffine RootSIFT 0
1286.15 647.878 1102.63 694.259 0.795402 0.943954 HessianAffine RootSIFT 0
734.727 467.309 777.493 373.115 0.795489 0.795489 MSER RootSIFT 0
1133.96 158.886 575.109 931.987 0.795614 0.795614 HessianAffine RootSIFT 0
827.764 632.202 304.039 826.517 0.796 0.927322 HessianAffine RootSIFT 0
1300.43 279.259 363.216 854.755 0.79627 0.79627 HessianAffine RootSIFT 0
338.75 258.233 1444.67 954.051 0.796329 0.796329 HessianAffine RootSIFT 0
1029.19 605.589 1474.83 333.121 0.79738 0.79738 HessianAffine RootSIFT 0
1001.38 208.125 795 256.286 0.797775 0.797775 MSER RootSIFT 0
743.519 424.658 375.122 969.891 0.797778 0.797778 HessianAffine RootSIFT 0
652.843 712.697 100.37 728.563 0.797828 0.944952 HessianAffine RootSIFT 0
1075.45 158 1251.93 355.894 0.797966 0.797966 HessianAffine RootSIFT 0
718.804 765.701 780.005 527.078 0.799772 0.799772 HessianAffine RootSIFT 1
1122.24 843.86 302.771 385.512 0.801499 0.989577 MSER RootSIFT 0
918.711 387.644 776.535 374.242 0.801538 0.874607 MSER RootSIFT 0
518.11 856.47 763.833 568.833 0.802057 0.802057 MSER RootSIFT 1
629.403 93.169 761.09 164.66 0.802371 0.934849 MSER RootSIFT 0
1311.74 756.621 826.775 535.973 0.805605 0.899346 MSER RootSIFT 0
1354.5 787 850.5 692 0.808234 0.879327 MSER RootSIFT 0
861.611 858.155 763.331 565.237 0.810726 0.810726 MSER RootSIFT 0
1316.65 758.206 302.771 385.512 0.812869 0.940592 MSER RootSIFT 0
722.01 454.724 777.133 376.597 0.815645 0.913149 MSER RootSIFT 0
512.181 854.763 1511.41 784.756 0.817798 0.817798 MSER RootSIFT 0
720.916 693.394 1033.12 273.682 0.820924 0.992256 MSER RootSIFT 0
924.925 396.683 1108.97 900.057 0.821651 0.860185 MSER RootSIFT 0
640.114 95.2571 700.963 54.5185 0.82675 0.82675 MSER RootSIFT 0
1006.61 203.104 562.308 649.111 0.830338 0.830338 MSER RootSIFT 0
715.916 475.015 777.133 376.597 0.830514 0.901611 MSER RootSIFT 0
348.892 243.424 700.963 54.5185 0.831924 0.831924 MSER RootSIFT 0
731.424 683.075 778.111 495.04 0.835358 0.835358 MSER RootSIFT 0
1348.93 790.761 828.641 505.613 0.836175 0.95979 MSER RootSIFT 0
722.286 476.684 777.133 376.597 0.836582 0.836582 MSER RootSIFT 0
924.925 396.683 792.332 346.689 0.837994 0.837994 MSER RootSIFT 0
1354.5 787 736.2 715.15 0.838925 0.838925 MSER RootSIFT 0
847.701 862.284 791.924 572.443 0.841539 0.841539 MSER RootSIFT 0
856.798 858.589 791.924 572.443 0.843362 0.843362 MSER RootSIFT 0
1134.51 309.73 807.292 319.367 0.843645 0.843645 MSER RootSIFT 0
1166.85 595.782 598.662 293.393 0.843784 0.93373 MSER RootSIFT 0
1141.83 211.045 938.667 559.619 0.845643 0.911045 MSER RootSIFT 0
719.375 461.815 776.535 374.242 0.845902 0.978441 MSER RootSIFT 0
1313.11 752.439 302.771 385.512 0.846189 0.846189 MSER RootSIFT 0
856.522 852.534 763.331 565.237 0.847623 0.847623 MSER RootSIFT 0
344.691 243.466 1443.89 946.307 0.848624 0.948602 MSER RootSIFT 0
346.891 243.337 761.09 164.66 0.848896 0.901588 MSER RootSIFT 0
1172.46 603.607 792.427 577.518 0.849195 0.849195 MSER RootSIFT 0
710.452 484.258 775.547 377.477 0.849682 0.922782 MSER RootSIFT 0
