714.328 528.141 568.957 599.5 0.52727 0.955743 MSER RootSIFT 0
245.155 400.369 545.392 540.934 0.558763 0.558763 MSER RootSIFT 0
754.875 409.563 602.747 219.627 0.56069 0.56069 HessianAffine RootSIFT 0
312.265 385.951 550.068 484.081 0.575675 0.575675 MSER RootSIFT 1
300.874 418.309 548.677 553.503 0.587953 0.909844 HessianAffine RootSIFT 0
287.651 354.513 547.658 428.07 0.602388 0.894028 HessianAffine RootSIFT 0
334.655 418.509 551.382 537.264 0.603679 0.838983 HessianAffine RootSIFT 0
376.385 400.321 554.562 482.871 0.614416 0.614416 MSER RootSIFT 0
751.386 531.709 571.012 595.612 0.617453 0.617453 HessianAffine RootSIFT 0
714.26 422.947 588.79 333.873 0.627511 0.627511 HessianAffine RootSIFT 1
495.457 455.036 562.005 542.139 0.63124 0.878883 HessianAffine RootSIFT 0
477.319 451.544 560.056 543.642 0.639283 0.911349 HessianAffine RootSIFT 0
769.957 439.495 593.581 349.371 0.648263 0.648263 HessianAffine RootSIFT 0
710.543 394.091 597.931 199.219 0.657087 0.989627 HessianAffine RootSIFT 0
516.069 393.87 504.446 544.202 0.662121 0.808696 HessianAffine RootSIFT 0
734.122 437.753 587.992 377.469 0.662178 0.898932 HessianAffine RootSIFT 1
542.607 383.308 504.898 544.989 0.663687 0.978304 HessianAffine RootSIFT 0
726.474 437.7 586.897 382.236 0.669661 0.934822 HessianAffine RootSIFT 1
254.044 294.947 543.369 260.164 0.670259 0.893554 HessianAffine RootSIFT 0
740.862 431.145 590.503 344.661 0.671088 0.671088 HessianAffine RootSIFT 1
332.063 307.389 552.213 229.491 0.677304 0.677304 HessianAffine RootSIFT 0
308.967 423.977 549.35 549.92 0.677338 0.677338 HessianAffine RootSIFT 0
353.136 385.217 88.448 248.704 0.679571 0.849607 HessianAffine RootSIFT 0
515.603 452.947 561.619 535.319 0.682029 0.810617 HessianAffine RootSIFT 0
156.8 284.908 537.155 302.502 0.682284 0.682284 HessianAffine RootSIFT 0
274.153 348.615 547.47 418.474 0.682512 0.927532 HessianAffine RootSIFT 0
527.808 351.654 574.472 216.903 0.682702 0.682702 MSER RootSIFT 0
285.661 356.245 548.753 433.621 0.684385 0.884664 HessianAffine RootSIFT 0
174.908 287.64 537.155 302.502 0.686427 0.686427 HessianAffine RootSIFT 0
321.257 423.273 548.493 558.544 0.687627 0.687627 MSER RootSIFT 0
883.194 484.458 595.963 427.339 0.689026 0.922691 HessianAffine RootSIFT 0
674.304 389.938 890.361 464.034 0.692273 0.692273 HessianAffine RootSIFT 0
623.76 432.016 47.8284 315.318 0.693932 0.954959 HessianAffine RootSIFT 0
893.76 516.248 593.019 496.367 0.694089 0.694089 HessianAffine RootSIFT 0
170.022 245.361 78.6694 252.41 0.695211 0.81416 HessianAffine RootSIFT 0
627.147 420.068 578.001 382.851 0.697243 0.891948 HessianAffine RootSIFT 0
791.342 419.254 607.11 228.66 0.700685 0.944094 HessianAffine RootSIFT 0
341.624 309.691 552.213 229.491 0.706606 0.706606 HessianAffine RootSIFT 0
622.793 492.739 557.598 260.307 0.707131 0.707131 HessianAffine RootSIFT 0
724.42 434.321 587.47 372.43 0.707383 0.707383 HessianAffine RootSIFT 0
520.407 455.182 561.619 535.319 0.707869 0.913273 HessianAffine RootSIFT 0
444.315 502.301 632.198 215.821 0.708943 0.959542 HessianAffine RootSIFT 0
929.03 496.943 129.628 505.197 0.709413 0.927126 HessianAffine RootSIFT 0
231.388 340.095 541.451 424.333 0.709641 0.913101 HessianAffine RootSIFT 0
241.832 268.337 680.129 161.763 0.710239 0.997581 HessianAffine RootSIFT 0
625.643 475.056 567.294 541.241 0.710906 0.710906 HessianAffine RootSIFT 0
748.316 432.056 592.398 336.276 0.711149 0.711149 HessianAffine RootSIFT 0
535.691 521.199 535.79 263.324 0.711551 0.993514 HessianAffine RootSIFT 0
226.807 374.801 557.854 502.378 0.712653 0.712653 HessianAffine RootSIFT 0
916.993 517.67 499.732 531.669 0.713309 0.823634 HessianAffine RootSIFT 0
400.917 433.188 554.809 544.779 0.714994 0.960821 HessianAffine RootSIFT 0
746.237 431.49 590.92 343.122 0.716673 0.891777 HessianAffine RootSIFT 0
955.828 571.174 160.717 269.873 0.718593 0.718593 HessianAffine RootSIFT 0
608.212 430.646 574.98 435.146 0.71943 0.856321 HessianAffine RootSIFT 0
242.625 252.776 53.2753 326.298 0.72228 0.976617 HessianAffine RootSIFT 0
284.323 348.577 547.452 413.367 0.72302 0.72302 HessianAffine RootSIFT 0
261.88 329.145 544.362 381.002 0.723691 0.83273 HessianAffine RootSIFT 0
289.461 388.746 351.771 386.537 0.723869 0.723869 HessianAffine RootSIFT 0
39.2571 352.604 615.581 393.43 0.725177 0.998179 HessianAffine RootSIFT 0
411.728 436.664 554.809 544.779 0.725384 0.873052 HessianAffine RootSIFT 0
222.295 354.86 780.46 587.308 0.725406 0.959714 HessianAffine RootSIFT 0
694.384 499.658 155.181 207.746 0.72943 0.946342 HessianAffine RootSIFT 0
301.405 424.41 549.162 552.593 0.730274 0.820667 HessianAffine RootSIFT 0
799.162 484.328 586.205 469.878 0.730913 0.730913 HessianAffine RootSIFT 0
237.911 273.891 680.129 161.763 0.731069 0.979432 HessianAffine RootSIFT 0
754.74 431.344 590.92 343.122 0.731166 0.902132 HessianAffine RootSIFT 0
231.425 356.603 560.743 442.801 0.732271 0.947276 HessianAffine RootSIFT 0
631.332 445.527 566.395 483.23 0.732494 0.732494 MSER RootSIFT 0
232.599 262.511 645.366 595.486 0.732798 0.822323 HessianAffine RootSIFT 0
156.8 284.908 535.196 307.573 0.733051 0.952692 HessianAffine RootSIFT 0
340.493 417.53 551.929 534.505 0.734167 0.734167 HessianAffine RootSIFT 0
690.315 428.38 582.491 375.503 0.734365 0.734365 HessianAffine RootSIFT 0
780.348 525.525 601.109 86.2906 0.735491 0.924137 HessianAffine RootSIFT 0
730.326 436.389 587.47 372.43 0.735608 0.735608 HessianAffine RootSIFT 1
391.09 432.007 87.5711 420.945 0.7361 0.843015 HessianAffine RootSIFT 0
587.115 286.274 428.845 19.9797 0.736148 0.912432 HessianAffine RootSIFT 0
846.99 435.601 613.58 250.828 0.736924 0.736924 HessianAffine RootSIFT 0
571.539 426.93 568.108 454.058 0.737612 0.737612 HessianAffine RootSIFT 1
510.648 395.501 499.732 531.669 0.738387 0.738387 HessianAffine RootSIFT 0
930.965 519.889 503.276 547.759 0.740001 0.935259 HessianAffine RootSIFT 0
361.351 209.976 367.437 158.796 0.74022 0.987161 HessianAffine RootSIFT 0
311.09 395.629 787.187 588.494 0.740641 0.874394 HessianAffine RootSIFT 0
681.102 428.838 581.539 385.271 0.7407 0.7407 HessianAffine RootSIFT 1
315.188 456.508 546.069 608.096 0.741095 0.927456 HessianAffine RootSIFT 0
225.938 272.578 43.3461 344.415 0.741187 0.991919 HessianAffine RootSIFT 0
137.859 308.821 130.644 505.133 0.741321 0.893569 HessianAffine RootSIFT 0
293.646 350.678 547.878 414.067 0.742088 0.911649 HessianAffine RootSIFT 0
352.767 208.129 364.561 164.612 0.742752 0.987813 HessianAffine RootSIFT 0
586.453 530.225 575.59 112.09 0.742753 0.981407 HessianAffine RootSIFT 0
178.065 249.665 102.563 34.3749 0.743028 0.908294 HessianAffine RootSIFT 0
660.354 532.114 680.145 169.731 0.743466 0.997717 HessianAffine RootSIFT 0
513.585 491.015 558.776 520.823 0.743663 0.743663 HessianAffine RootSIFT 0
720.581 396.078 599.486 192.394 0.743948 0.999422 HessianAffine RootSIFT 0
323.902 433.36 529.807 519.857 0.74401 0.74401 HessianAffine RootSIFT 0
737.127 365.013 544.557 160.878 0.744082 0.830362 HessianAffine RootSIFT 0
191.411 327.804 534.937 418.912 0.744287 0.744287 HessianAffine RootSIFT 0
219.066 417.902 542 579.431 0.744478 0.987431 HessianAffine RootSIFT 0
514.182 408.919 565.658 431.975 0.744685 0.97163 HessianAffine RootSIFT 0
608.597 493.964 555.605 252.752 0.745129 0.745129 HessianAffine RootSIFT 0
421.943 358.208 623.727 79.029 0.745221 0.939614 HessianAffine RootSIFT 0
354.3 397.853 550.068 484.081 0.745328 0.745328 MSER RootSIFT 0
676.818 477.3 575.611 510.729 0.745384 0.745384 HessianAffine RootSIFT 0
293.807 445.63 649.774 321.723 0.745741 0.935727 HessianAffine RootSIFT 0
366.896 435.009 623.092 363.1 0.74591 0.74591 HessianAffine RootSIFT 0
73.2543 361.551 617.676 382.861 0.74602 0.996403 HessianAffine RootSIFT 0
250.141 247.448 55.5547 324.197 0.746036 0.931062 HessianAffine RootSIFT 0
593.095 259.896 364.561 164.612 0.746209 0.958842 HessianAffine RootSIFT 0
570.471 415.997 568.269 419.156 0.746466 0.946487 HessianAffine RootSIFT 0
507.699 509.456 644.778 145.682 0.747451 0.747451 HessianAffine RootSIFT 0
790.254 435.137 600.307 308.577 0.748208 0.842437 HessianAffine RootSIFT 1
225.127 253.762 644.01 582.17 0.748398 0.936164 HessianAffine RootSIFT 0
394.645 403.367 554.562 482.871 0.748801 0.748801 MSER RootSIFT 0
659.988 540.839 113.152 516.482 0.748987 0.861923 HessianAffine RootSIFT 0
366.598 338.855 940.825 504.425 0.749721 0.907832 HessianAffine RootSIFT 0
226.969 281.399 53.78 125.45 0.750653 0.969042 HessianAffine RootSIFT 0
168.754 309.474 891.195 61.8972 0.750672 0.750672 HessianAffine RootSIFT 0
612.88 340.561 843.825 246.247 0.750868 0.950239 HessianAffine RootSIFT 0
510.782 391.928 505.85 529.61 0.751153 0.751153 HessianAffine RootSIFT 0
884.458 516.564 591.804 499.964 0.751308 0.883216 HessianAffine RootSIFT 0
516.124 482.461 556.367 434.85 0.751536 0.95597 HessianAffine RootSIFT 0
937.521 493.934 595.963 427.339 0.751793 0.931913 HessianAffine RootSIFT 0
444.82 412.014 655.6 205.615 0.75217 0.84262 HessianAffine RootSIFT 0
211.387 230.42 44.6513 329.359 0.752184 0.752184 HessianAffine RootSIFT 0
583.533 536.866 605.382 198.523 0.752429 0.752429 HessianAffine RootSIFT 0
698.413 488.283 575.001 524.614 0.753055 0.899877 HessianAffine RootSIFT 0
921.867 567.645 649.264 542.787 0.754239 0.805782 HessianAffine RootSIFT 0
246.181 248.302 47.8284 315.318 0.754628 0.991982 HessianAffine RootSIFT 0
347.441 456.135 830.201 30.1221 0.755923 0.755923 HessianAffine RootSIFT 0
595.399 429.426 570.369 448.018 0.757033 0.757033 HessianAffine RootSIFT 1
103.294 277.732 395.533 261.11 0.757033 0.955221 HessianAffine RootSIFT 0
363.948 362.448 950.642 55.0551 0.757214 0.930978 HessianAffine RootSIFT 0
563.598 346.399 508.68 429.084 0.75725 0.832894 HessianAffine RootSIFT 0
162.562 246.846 105.466 34.7158 0.757778 0.757778 HessianAffine RootSIFT 0
349.475 430.122 629.892 353.048 0.75793 0.75793 HessianAffine RootSIFT 0
923.756 569.556 495.396 367.067 0.758034 0.850533 HessianAffine RootSIFT 0
101.353 159.265 314.25 358.15 0.75812 0.965704 HessianAffine RootSIFT 0
576.961 472.269 88.9145 556.208 0.758395 0.758395 HessianAffine RootSIFT 0
271.268 348.644 545.51 423.241 0.758623 0.935668 HessianAffine RootSIFT 0
347.901 233.82 391.186 165.602 0.759298 0.988682 HessianAffine RootSIFT 0
594.958 406.104 528.258 526.479 0.75948 0.75948 HessianAffine RootSIFT 0
683.116 425.864 583.94 363.745 0.759565 0.759565 HessianAffine RootSIFT 0
235.926 355.915 558.793 459.357 0.759567 0.759567 HessianAffine RootSIFT 0
509.942 500.381 795.047 559.481 0.760573 0.760573 HessianAffine RootSIFT 0
609.908 353.016 548.248 401.238 0.760699 0.88022 HessianAffine RootSIFT 0
780.618 532.236 571.806 513.58 0.76137 0.921763 HessianAffine RootSIFT 0
159.604 268.662 320.37 58.7369 0.761546 0.865202 HessianAffine RootSIFT 0
949.978 575.34 899.306 135.424 0.76174 0.901606 HessianAffine RootSIFT 0
27.959 352.195 535.809 518.083 0.76178 0.849764 HessianAffine RootSIFT 0
147.848 374.283 539.478 535.435 0.762206 0.762206 MSER RootSIFT 0
84.7772 296.281 122.266 389.971 0.762235 0.959634 HessianAffine RootSIFT 0
783.12 353.918 183.027 50.9938 0.762456 0.940666 HessianAffine RootSIFT 0
370.451 371.972 555.272 422.001 0.762691 0.864083 HessianAffine RootSIFT 0
71.1504 356.641 927.02 582.051 0.763206 0.986993 HessianAffine RootSIFT 0
510.009 395.477 499.229 525.15 0.763275 0.844346 HessianAffine RootSIFT 0
618.065 490.355 558.926 255.221 0.763276 0.982319 HessianAffine RootSIFT 0
280.323 351.876 547.427 428.557 0.763322 0.998557 HessianAffine RootSIFT 0
412.326 472.933 565.12 221.037 0.763537 0.763537 HessianAffine RootSIFT 0
606.125 338.372 286.857 206.133 0.763547 0.812478 HessianAffine RootSIFT 0
274.684 443.419 632.144 375.916 0.763684 0.763684 HessianAffine RootSIFT 0
623.951 517.581 649.427 111.109 0.764629 0.971561 HessianAffine RootSIFT 0
477.241 425.234 557.854 502.378 0.764807 0.764807 HessianAffine RootSIFT 0
136.363 294.758 871.728 487.345 0.765033 0.765033 HessianAffine RootSIFT 0
754.643 557.9 656.56 293.324 0.765067 0.873906 HessianAffine RootSIFT 0
949.445 568.731 645.366 595.486 0.765323 0.886 HessianAffine RootSIFT 0
957.616 518.354 613.841 390.74 0.76582 0.899898 HessianAffine RootSIFT 0
778.444 558.677 592.599 498.276 0.766125 0.921653 HessianAffine RootSIFT 0
390.484 426.405 539.937 515.096 0.766282 0.766282 HessianAffine RootSIFT 0
236.889 423.914 525.457 343.066 0.766601 0.958396 HessianAffine RootSIFT 0
170.891 248.089 104.326 35.1978 0.766966 0.894024 HessianAffine RootSIFT 0
704.079 553.853 566.104 633.255 0.767107 0.767107 HessianAffine RootSIFT 0
228.237 391.457 507.852 459.019 0.76711 0.970365 HessianAffine RootSIFT 0
352.867 444.358 519.013 432.12 0.767153 0.946481 HessianAffine RootSIFT 0
531.762 460.626 565.927 539.433 0.767222 0.920467 HessianAffine RootSIFT 0
656.996 546.327 62.225 198.907 0.76738 0.987388 HessianAffine RootSIFT 0
641.394 434.808 575.062 434.676 0.767561 0.887917 HessianAffine RootSIFT 1
96.3002 297.578 149.478 405.353 0.767591 0.919714 HessianAffine RootSIFT 0
678.783 422.039 583.015 361.109 0.767606 0.90543 HessianAffine RootSIFT 0
630.53 340.971 557.055 259.824 0.767639 0.767639 HessianAffine RootSIFT 0
227.547 246.725 52.4481 341.275 0.767645 0.982099 HessianAffine RootSIFT 0
76.0366 299.081 599.006 430.961 0.767808 0.767808 HessianAffine RootSIFT 0
774.616 501.282 579.461 522.824 0.767839 0.767839 HessianAffine RootSIFT 0
250.599 421.933 613.971 253.742 0.767898 0.888903 HessianAffine RootSIFT 0
357.359 438.792 190.298 480.123 0.767991 0.985664 HessianAffine RootSIFT 0
513.35 390.765 608.634 397.407 0.768076 0.988351 HessianAffine RootSIFT 0
157.629 233.052 778.394 468.309 0.7682 0.960945 HessianAffine RootSIFT 0
267.619 438.675 766.078 549.073 0.768232 0.835182 HessianAffine RootSIFT 0
588.786 281.292 425.688 19.6513 0.768505 0.768505 HessianAffine RootSIFT 0
594.101 384.327 767.618 567.421 0.768517 0.768517 HessianAffine RootSIFT 0
652.637 440.171 877.046 76.2873 0.768928 0.768928 HessianAffine RootSIFT 0
371.204 409.147 88.909 224.183 0.7693 0.94539 HessianAffine RootSIFT 0
876.753 510.302 519.308 545.08 0.76956 0.995694 HessianAffine RootSIFT 0
188.418 353.884 106.187 510.3 0.769765 0.769765 HessianAffine RootSIFT 0
861.059 484.329 595.963 427.339 0.76977 0.84369 HessianAffine RootSIFT 0
101.566 306.209 303.654 266.083 0.7699 0.908788 HessianAffine RootSIFT 0
729.511 514.179 517.684 472.42 0.769989 0.863238 HessianAffine RootSIFT 0
184.621 323.781 572.432 453.385 0.770123 0.946862 HessianAffine RootSIFT 0
465.485 472.766 613.371 287.66 0.771293 0.992291 HessianAffine RootSIFT 0
178.65 249.768 397.237 260.237 0.77136 0.963424 HessianAffine RootSIFT 0
388.239 383.165 554.91 439.886 0.771385 0.771385 HessianAffine RootSIFT 0
80.3356 339.466 779.417 596.042 0.771405 0.960112 HessianAffine RootSIFT 0
215.305 284.047 583.531 373.574 0.771479 0.96874 HessianAffine RootSIFT 0
743.466 438.968 90.6586 221.706 0.771543 0.771543 HessianAffine RootSIFT 0
613.474 346.998 539.727 362.459 0.771715 0.771715 HessianAffine RootSIFT 0
165.088 244.223 78.6694 252.41 0.772481 0.876673 HessianAffine RootSIFT 0
255.082 299.062 538.6 363.97 0.77265 0.95804 HessianAffine RootSIFT 0
408.552 356.301 512.894 520.895 0.772832 0.955549 HessianAffine RootSIFT 0
356.689 396.645 139.32 401.579 0.772875 0.972147 HessianAffine RootSIFT 0
179.873 249.165 529.415 326.887 0.772991 0.772991 HessianAffine RootSIFT 0
218.167 368.703 770.508 599.128 0.773134 0.809079 HessianAffine RootSIFT 0
220.114 264.462 782.288 464.527 0.773374 0.885481 HessianAffine RootSIFT 0
624.064 542.403 634.497 256.94 0.773723 0.934345 HessianAffine RootSIFT 0
366.734 435.43 629.892 353.048 0.774258 0.819176 HessianAffine RootSIFT 0
779.073 409.473 175.973 590.524 0.774304 0.885384 HessianAffine RootSIFT 0
630.008 523.254 413.328 542.806 0.774334 0.930231 HessianAffine RootSIFT 0
789.1 547.162 641.469 260.685 0.774431 0.942317 MSER RootSIFT 0
544.166 524.177 347.084 405.701 0.774546 0.801513 HessianAffine RootSIFT 0
203.015 242.16 536.861 126.154 0.774558 0.774558 HessianAffine RootSIFT 0
729.802 484.42 940.095 641.718 0.774579 0.774579 HessianAffine RootSIFT 0
866.691 504.964 640.097 210.084 0.774634 0.774634 HessianAffine RootSIFT 0
434.483 489.845 518.587 527.948 0.774783 0.992618 HessianAffine RootSIFT 0
673.866 389.086 896.245 471.242 0.775327 0.896008 HessianAffine RootSIFT 0
246.181 248.302 43.3867 318.271 0.775631 0.994362 HessianAffine RootSIFT 0
106.445 319.443 88.8788 535.819 0.775804 0.775804 HessianAffine RootSIFT 0
842.543 435.971 610.729 256.68 0.775816 0.835847 HessianAffine RootSIFT 0
331.45 307.675 545.557 286.586 0.776084 0.776084 MSER RootSIFT 0
503.706 502.037 572.483 102.316 0.77612 0.994219 HessianAffine RootSIFT 0
587.091 529.604 557.931 142.196 0.776522 0.940742 HessianAffine RootSIFT 0
510.263 461.084 559.993 547.86 0.776614 0.776614 HessianAffine RootSIFT 0
445.158 366.277 499.732 531.669 0.776653 0.776653 HessianAffine RootSIFT 0
323.673 377.843 88.4513 239.304 0.776742 0.933924 HessianAffine RootSIFT 0
804.102 522.956 545.514 532.57 0.776763 0.993752 HessianAffine RootSIFT 0
61.9632 417.163 497.288 410.799 0.776865 0.849513 HessianAffine RootSIFT 0
189.482 282.431 32.1601 420.471 0.77689 0.938161 HessianAffine RootSIFT 0
18.9722 360.967 528.201 516.708 0.776894 0.776894 HessianAffine RootSIFT 0
160.7 383.232 894.747 238.199 0.777003 0.777003 HessianAffine RootSIFT 0
228.661 347.894 86.2182 555.814 0.777148 0.864495 HessianAffine RootSIFT 0
238.885 256.105 53.2753 326.298 0.777156 0.997648 HessianAffine RootSIFT 0
215.504 384.504 505.329 456.121 0.777184 0.812246 HessianAffine RootSIFT 0
631.828 345.016 278.984 439.032 0.777547 0.935767 HessianAffine RootSIFT 0
192.957 233.715 497.3 294.72 0.777791 0.833285 HessianAffine RootSIFT 0
579.831 353.313 529.643 322.19 0.777817 0.951434 HessianAffine RootSIFT 0
922.233 523.196 541.015 495.619 0.777895 0.917757 HessianAffine RootSIFT 0
230.247 402.016 86.8142 569.346 0.778204 0.827587 HessianAffine RootSIFT 0
699.562 512.027 555.527 276.92 0.778377 0.997376 HessianAffine RootSIFT 0
173.888 287.64 535.196 307.573 0.778457 0.988141 HessianAffine RootSIFT 0
614.416 414.135 576.012 371.262 0.77864 0.77864 HessianAffine RootSIFT 0
720.438 429.39 590.036 345.604 0.779013 0.925405 HessianAffine RootSIFT 0
61.7804 330.081 872.154 76.1669 0.779016 0.779016 HessianAffine RootSIFT 0
961.351 524.064 624.199 379.812 0.779107 0.937416 HessianAffine RootSIFT 0
255.874 327.851 597.212 264.469 0.779171 0.962252 HessianAffine RootSIFT 0
287.331 346.549 851.597 36.2277 0.779487 0.779487 HessianAffine RootSIFT 0
620.936 473.025 568.241 534.78 0.779765 0.866826 HessianAffine RootSIFT 0
709.319 504.583 560.184 142.312 0.779771 0.915694 HessianAffine RootSIFT 0
371.676 401.924 128.88 506.35 0.7802 0.965522 HessianAffine RootSIFT 0
386.092 432.748 170.053 217.586 0.780318 0.981433 HessianAffine RootSIFT 0
310.119 457.224 545.572 610.234 0.780592 0.857235 HessianAffine RootSIFT 0
534.495 513.296 257.366 469.183 0.780631 0.914838 HessianAffine RootSIFT 0
201.045 390.451 536.171 518.032 0.780669 0.814793 HessianAffine RootSIFT 0
843.318 490.442 591.635 459.549 0.780699 0.780699 HessianAffine RootSIFT 0
408.803 447.572 819.198 533.72 0.780756 0.968094 HessianAffine RootSIFT 0
691.43 398.279 917.039 481.389 0.780807 0.780807 HessianAffine RootSIFT 0
217.659 295.177 588.947 190.116 0.780885 0.780885 HessianAffine RootSIFT 0
630.809 368.614 601.301 279.977 0.780913 0.780913 HessianAffine RootSIFT 0
610.173 546.319 709.925 137.371 0.781299 0.984717 HessianAffine RootSIFT 0
320.921 444.904 507.678 471.474 0.781313 0.93824 HessianAffine RootSIFT 0
755.754 538.881 571.012 595.612 0.781722 0.801872 HessianAffine RootSIFT 0
324.813 432.311 593.885 460.765 0.78181 0.932353 HessianAffine RootSIFT 0
544.663 524.955 103.198 485.581 0.78216 0.78216 HessianAffine RootSIFT 0
911.439 566.445 651.893 531.81 0.7824 0.995111 HessianAffine RootSIFT 0
372.764 395.028 614.157 214.661 0.782517 0.839319 HessianAffine RootSIFT 0
181.285 323.844 572.418 460.663 0.78266 0.990934 HessianAffine RootSIFT 0
652.082 513.242 554.49 339.921 0.782754 0.952727 HessianAffine RootSIFT 0
326.94 419.38 549.213 548.55 0.782812 0.982694 HessianAffine RootSIFT 0
728.035 521.041 948.342 201.835 0.782829 0.782829 HessianAffine RootSIFT 0
866.536 507.842 512.509 536.207 0.783111 0.88262 HessianAffine RootSIFT 0
376.711 438.832 530.386 513.386 0.783195 0.783195 MSER RootSIFT 0
924.598 563.27 649.686 544.733 0.783477 0.965041 HessianAffine RootSIFT 0
190.864 232.373 25.8145 125.421 0.783535 0.983253 HessianAffine RootSIFT 0
956.259 525.123 95.3197 602.967 0.783907 0.783907 HessianAffine RootSIFT 0
217.981 371.96 841.523 311.248 0.783981 0.997899 HessianAffine RootSIFT 0
233.78 253.437 47.1407 327.754 0.784201 0.996632 HessianAffine RootSIFT 0
906.241 507.101 778.416 525.881 0.784251 0.784251 HessianAffine RootSIFT 0
361.069 378.097 553.161 446.239 0.784521 0.858334 HessianAffine RootSIFT 0
334.693 424.791 556.417 540.656 0.784551 0.892806 HessianAffine RootSIFT 0
432.965 488.212 588.077 491.789 0.784778 0.979165 HessianAffine RootSIFT 0
412.942 458.292 592.175 452.552 0.784946 0.784946 HessianAffine RootSIFT 0
808.106 308.504 364.561 164.612 0.785075 0.99674 HessianAffine RootSIFT 0
630.989 376.772 548.003 531.16 0.785171 0.991541 HessianAffine RootSIFT 0
604.431 535.757 570.118 495.019 0.785439 0.984074 HessianAffine RootSIFT 0
192.772 389.554 770.445 569.507 0.785661 0.813601 HessianAffine RootSIFT 0
607.575 437.008 777.665 569.018 0.785823 0.785823 HessianAffine RootSIFT 0
436.243 482.654 563.219 113.368 0.785854 0.874621 HessianAffine RootSIFT 0
923.927 570.705 497.611 361.309 0.785917 0.982537 HessianAffine RootSIFT 0
588.907 513.354 823.655 517.424 0.786162 0.786162 HessianAffine RootSIFT 0
265.481 437.593 113.152 516.482 0.786296 0.786296 HessianAffine RootSIFT 0
600.492 512.741 577.44 256.618 0.786309 0.807152 HessianAffine RootSIFT 0
571.982 440.244 187.012 494.478 0.786526 0.940983 HessianAffine RootSIFT 0
233.765 251.956 53.2753 326.298 0.786769 0.874462 HessianAffine RootSIFT 0
721.25 519.104 768.831 553.5 0.786871 0.786871 HessianAffine RootSIFT 0
348.794 441.412 520.573 426.516 0.786941 0.786941 HessianAffine RootSIFT 0
265.517 416.928 546.935 566.214 0.786991 0.928084 HessianAffine RootSIFT 0
709.18 440.547 583.729 406.354 0.78707 0.896939 HessianAffine RootSIFT 0
605.617 420.559 438.77 439.06 0.787233 0.787233 HessianAffine RootSIFT 0
231.32 306.405 585.004 175.266 0.787269 0.974828 HessianAffine RootSIFT 0
570.087 431.545 559.051 455.959 0.787539 0.876478 HessianAffine RootSIFT 0
263.869 346.188 607.82 242.312 0.787643 0.787643 HessianAffine RootSIFT 0
633.724 343.628 82.8396 450.472 0.787911 0.992585 HessianAffine RootSIFT 0
371.318 362.987 780.382 588.055 0.788356 0.788356 HessianAffine RootSIFT 0
615.184 363.145 963.037 286.74 0.788422 0.921205 HessianAffine RootSIFT 0
370.067 312.414 766.673 549.966 0.788614 0.978963 HessianAffine RootSIFT 0
509.164 406.767 564.373 433.555 0.788649 0.788649 HessianAffine RootSIFT 0
438.698 463.434 123.259 531.216 0.789115 0.789115 HessianAffine RootSIFT 0
949.998 575.36 41.4463 323.091 0.789132 0.833003 HessianAffine RootSIFT 0
624.386 537.234 260.404 227.947 0.78932 0.939046 HessianAffine RootSIFT 0
484.916 277.48 432.147 181.046 0.78944 0.984698 HessianAffine RootSIFT 0
633.03 496.207 558.932 293.376 0.789633 0.789633 HessianAffine RootSIFT 0
362.53 310.778 602.573 451.203 0.78965 0.78965 HessianAffine RootSIFT 0
752.892 545.977 513.824 235.636 0.789658 0.789658 HessianAffine RootSIFT 0
355.845 397.808 133.702 396.872 0.789703 0.969385 HessianAffine RootSIFT 0
392.243 456.134 579.605 104.771 0.789757 0.936463 HessianAffine RootSIFT 0
600.053 317.863 56.9491 112.574 0.789975 0.961216 HessianAffine RootSIFT 0
22.6406 359.435 512.509 536.207 0.790011 0.890319 HessianAffine RootSIFT 0
60.1066 354.537 130.069 505.285 0.790186 0.942273 HessianAffine RootSIFT 0
446.641 494.85 516.521 549.007 0.790421 0.938514 HessianAffine RootSIFT 0
881.451 500.842 528.201 516.708 0.790442 0.969252 HessianAffine RootSIFT 0
138.085 387.048 633.699 386.479 0.790491 0.858878 HessianAffine RootSIFT 0
210.799 372.144 585.339 447.449 0.790518 0.790518 HessianAffine RootSIFT 0
622.431 470.508 569.135 522.506 0.790575 0.941224 HessianAffine RootSIFT 0
556.771 501.541 529.402 414.385 0.790589 0.943949 HessianAffine RootSIFT 0
601.727 346.816 261.554 203.339 0.790636 0.934598 HessianAffine RootSIFT 0
617.679 496.071 584.013 515.494 0.790718 0.98098 HessianAffine RootSIFT 0
526.261 505.469 579.605 104.771 0.790845 0.955688 HessianAffine RootSIFT 0
427.355 471.545 599.45 417.461 0.790912 0.93861 HessianAffine RootSIFT 0
595.107 499.58 545.192 336.54 0.790951 0.790951 HessianAffine RootSIFT 0
963.695 527.926 613.759 390.314 0.791029 0.935166 HessianAffine RootSIFT 0
667.908 400.723 547.614 330.607 0.791308 0.791308 HessianAffine RootSIFT 0
612.145 347.661 540.816 369.95 0.791583 0.900285 HessianAffine RootSIFT 0
103.198 160.248 367.437 158.796 0.791703 0.991063 HessianAffine RootSIFT 0
247.794 252.994 56.129 322.624 0.791735 0.977003 HessianAffine RootSIFT 0
178.922 324.462 578.006 457.228 0.79174 0.924183 HessianAffine RootSIFT 0
462.585 471.846 798.473 308.504 0.79175 0.79175 HessianAffine RootSIFT 0
936.021 508.852 520.699 397.559 0.791793 0.947715 HessianAffine RootSIFT 0
198.856 392.918 560.184 142.312 0.791841 0.932333 HessianAffine RootSIFT 0
142.408 310.358 150.864 405.349 0.792031 0.829683 HessianAffine RootSIFT 0
970.722 524.327 551.263 458.104 0.792095 0.958014 HessianAffine RootSIFT 0
362.297 445.225 514.47 452.896 0.792147 0.792147 HessianAffine RootSIFT 0
459.785 500.504 970.096 322.675 0.79232 0.974787 HessianAffine RootSIFT 0
553.746 477.699 97.1126 589.939 0.792429 0.792429 HessianAffine RootSIFT 0
650.935 435.463 119.395 544.792 0.792585 0.949367 HessianAffine RootSIFT 0
209.129 241.036 536.861 126.154 0.792631 0.792631 HessianAffine RootSIFT 0
502.544 493.577 323.281 212.189 0.792678 0.958004 HessianAffine RootSIFT 0
651.136 409.41 246.442 288.536 0.792716 0.792716 HessianAffine RootSIFT 0
160.302 321.933 567.401 115.29 0.792969 0.921589 HessianAffine RootSIFT 0
793.837 463.389 324.962 28.3348 0.793326 0.793326 HessianAffine RootSIFT 0
570.992 529.156 552.644 169.448 0.793555 0.939068 HessianAffine RootSIFT 0
266.669 322.153 586.104 482.139 0.793574 0.793574 HessianAffine RootSIFT 0
250.887 288.829 532.704 558.909 0.793657 0.94836 HessianAffine RootSIFT 0
867.89 473.405 898.106 587.9 0.793722 0.823349 HessianAffine RootSIFT 0
445.434 491.421 520.299 535.437 0.79379 0.899077 HessianAffine RootSIFT 0
164.241 234.065 778.394 468.309 0.793826 0.981957 HessianAffine RootSIFT 0
209.717 229.906 777.537 477.872 0.794058 0.903192 HessianAffine RootSIFT 0
577.939 471.033 558.191 538.129 0.794073 0.9021 HessianAffine RootSIFT 0
631.026 367.636 774.066 470.48 0.794159 0.94106 HessianAffine RootSIFT 0
390.047 444.459 534.757 516.527 0.794208 0.794208 HessianAffine RootSIFT 0
590.773 492.502 894.506 234.235 0.794306 0.794306 HessianAffine RootSIFT 0
810.652 460.669 132.436 36.7924 0.794341 0.978391 HessianAffine RootSIFT 0
635.576 351.687 176.018 481.76 0.79447 0.933472 HessianAffine RootSIFT 0
59.7623 428.899 644.883 542.83 0.794832 0.996572 HessianAffine RootSIFT 0
673.573 529.493 220.938 227.96 0.794985 0.997758 HessianAffine RootSIFT 0
234.166 432.514 96.1918 606.878 0.795098 0.795098 HessianAffine RootSIFT 0
230.273 269.113 43.3461 344.415 0.795113 0.958949 HessianAffine RootSIFT 0
225.22 390.538 647.691 121.559 0.795575 0.9603 HessianAffine RootSIFT 0
411.55 316.61 591.544 500.752 0.795603 0.858514 HessianAffine RootSIFT 0
551.554 539.662 615.438 435.786 0.795654 0.832686 HessianAffine RootSIFT 0
630.512 377.417 284.093 469.549 0.79573 0.974524 HessianAffine RootSIFT 0
504.824 389.791 626.01 75.2763 0.795871 0.884549 HessianAffine RootSIFT 0
570.087 431.545 629.256 214.75 0.795876 0.795876 HessianAffine RootSIFT 0
280.748 450.9 653.182 346.951 0.795882 0.853559 HessianAffine RootSIFT 0
512.908 393.947 500.63 536.91 0.795935 0.998884 HessianAffine RootSIFT 0
828.787 488.114 547.314 410.954 0.795952 0.960814 HessianAffine RootSIFT 0
211.815 278.119 275.044 284.516 0.795973 0.98251 HessianAffine RootSIFT 0
321.842 435.658 522.026 522.694 0.795977 0.858929 HessianAffine RootSIFT 0
491.498 480.314 776.352 527.648 0.795982 0.795982 HessianAffine RootSIFT 0
548.652 527.933 136.592 577.695 0.796009 0.796009 HessianAffine RootSIFT 0
798.972 524.76 555.712 539.707 0.796048 0.796048 HessianAffine RootSIFT 0
454.064 448.465 567.239 507.031 0.796085 0.988685 HessianAffine RootSIFT 0
480.305 406.745 558.283 443.845 0.796202 0.796202 HessianAffine RootSIFT 0
245.549 423.899 554.608 169.993 0.796209 0.976584 HessianAffine RootSIFT 0
254.64 408.676 588.309 103.613 0.796303 0.959065 HessianAffine RootSIFT 0
509.811 501.092 579.437 104.401 0.796439 0.945346 HessianAffine RootSIFT 0
775.566 488.414 596.112 95.3417 0.796508 0.796508 HessianAffine RootSIFT 0
759.693 543.226 832.202 517.989 0.796676 0.796676 HessianAffine RootSIFT 0
353.289 353.895 557.931 142.196 0.79672 0.941892 HessianAffine RootSIFT 0
765.014 553.833 517.38 543.695 0.796877 0.984484 HessianAffine RootSIFT 0
413.358 399.082 84.6184 544.582 0.796906 0.899441 HessianAffine RootSIFT 0
275.75 364.102 90.133 228.654 0.79696 0.920071 HessianAffine RootSIFT 0
328.375 391.384 122.897 597.381 0.796962 0.925959 HessianAffine RootSIFT 0
590.387 403.389 517.117 433.762 0.797187 0.904256 HessianAffine RootSIFT 0
755.145 533.449 531.977 366.467 0.797235 0.998734 HessianAffine RootSIFT 0
444.904 362.969 505.85 529.61 0.797364 0.797364 HessianAffine RootSIFT 0
446.96 462.284 559.122 568.952 0.797376 0.797376 HessianAffine RootSIFT 0
535.554 512.565 649.308 209.001 0.797431 0.797431 HessianAffine RootSIFT 0
681.893 426.257 582.491 375.503 0.797465 0.797465 HessianAffine RootSIFT 1
673.871 527.544 510.478 446.393 0.79797 0.79797 HessianAffine RootSIFT 0
369.408 404.764 133.702 396.872 0.798218 0.798218 HessianAffine RootSIFT 0
336.478 383.584 87.4348 227.053 0.798257 0.965639 HessianAffine RootSIFT 0
443.787 415.821 646.567 340.09 0.798272 0.887977 HessianAffine RootSIFT 0
575.468 497.202 560.808 588.172 0.798465 0.798465 HessianAffine RootSIFT 0
516.543 434.082 545.049 474.896 0.798567 0.798567 HessianAffine RootSIFT 0
286.145 392.197 84.8951 541.867 0.798591 0.829453 HessianAffine RootSIFT 0
302.323 353.048 547.878 414.067 0.79869 0.993311 HessianAffine RootSIFT 1
231.475 255.361 643.35 580.517 0.798762 0.951946 HessianAffine RootSIFT 0
25.7455 361.812 524.385 505.912 0.798968 0.798968 HessianAffine RootSIFT 0
237.097 249.47 45.0978 328.419 0.799017 0.881333 HessianAffine RootSIFT 0
204.185 392.737 529.949 524.561 0.799076 0.799076 HessianAffine RootSIFT 0
559.99 504.671 519.638 422.049 0.799085 0.925968 HessianAffine RootSIFT 0
367.676 435.709 619.982 368.138 0.799199 0.799199 HessianAffine RootSIFT 0
484.103 458.291 561.075 236.93 0.79931 0.932266 HessianAffine RootSIFT 0
614.41 363.796 257.665 240.854 0.799407 0.961998 HessianAffine RootSIFT 0
379.802 456.609 774.921 547.814 0.799663 0.984316 HessianAffine RootSIFT 0
75.7894 399.56 573.98 447.821 0.799833 0.965043 HessianAffine RootSIFT 0
804.308 497.366 643.701 211.319 0.799847 0.942333 HessianAffine RootSIFT 0
380.276 429.806 563.381 540.85 0.80036 0.971097 MSER RootSIFT 0
219.614 388.905 754.92 130.7 0.801456 0.801456 MSER RootSIFT 0
550.586 436.244 566.395 483.23 0.801816 0.801816 MSER RootSIFT 0
712.266 452.594 566.395 483.23 0.80323 0.954518 MSER RootSIFT 0
387.64 324.746 556.788 250.385 0.805427 0.860582 MSER RootSIFT 0
695.147 449.912 917.273 28.8636 0.810393 0.871867 MSER RootSIFT 0
748.049 455.585 585.769 420.058 0.81092 0.894867 MSER RootSIFT 0
609.345 496.101 843.368 522.842 0.812115 0.991778 MSER RootSIFT 0
280.523 376.664 587.804 416.268 0.813423 0.88119 MSER RootSIFT 0
329.761 394.282 221.824 575.54 0.816475 0.945402 MSER RootSIFT 0
666.524 416.486 574.988 308.15 0.817896 0.856405 MSER RootSIFT 0
396.076 441.703 545.392 540.934 0.821685 0.821685 MSER RootSIFT 0
553.278 435.065 554.562 482.871 0.824341 0.873563 MSER RootSIFT 0
150.922 304.047 930.824 575.029 0.826671 0.826671 MSER RootSIFT 0
541.986 414.014 857.411 497.143 0.828351 0.928188 MSER RootSIFT 0
307.236 388.359 566.395 483.23 0.837549 0.837549 MSER RootSIFT 0
339.052 349.926 164.445 359.063 0.838335 0.838335 MSER RootSIFT 0
421.097 413.657 221.824 575.54 0.839488 0.875098 MSER RootSIFT 0
684.014 459.031 587.804 416.268 0.840521 0.866616 MSER RootSIFT 0
374.636 322.139 556.788 250.385 0.840821 0.840821 MSER RootSIFT 0
478.263 404.132 605.045 206.742 0.841742 0.961897 MSER RootSIFT 0
289.127 331.933 953.765 403.838 0.842851 0.842851 MSER RootSIFT 0
284.744 382.456 367.938 195.052 0.843288 0.98868 MSER RootSIFT 0
598.686 445.509 245.001 254.218 0.843379 0.925501 MSER RootSIFT 0
429.912 494.931 507.354 543.617 0.843964 0.854576 MSER RootSIFT 0
318.143 436.02 572.791 541.432 0.844463 0.844463 MSER RootSIFT 0
226.256 388.567 438.066 355.705 0.845026 0.99715 MSER RootSIFT 0
327.545 395.045 213.313 572.443 0.845616 0.933501 MSER RootSIFT 0
376.168 407.525 587.804 416.268 0.846134 0.846134 MSER RootSIFT 0
925.224 519.034 507.354 543.617 0.84619 0.84619 MSER RootSIFT 0
435.188 360.438 130.925 569.175 0.84746 0.84746 MSER RootSIFT 0
353.318 398.561 161.393 159.867 0.848368 0.848368 MSER RootSIFT 0
331.919 428.842 548.493 558.544 0.849789 0.849789 MSER RootSIFT 0
218.865 246.7 870.227 132.538 0.849956 0.849956 MSER RootSIFT 0
