10.483 556.29 1 114.17 554.73 1 1
34.517 498.23 1 85.747 438.49 1 0
47.437 498.44 1 85.747 438.49 1 0
48.764 389.78 1 315.15 277.98 1 0
109.06 305.93 1 179.86 348.04 1 1
109.06 305.93 1 179.86 348.04 1 1
108.84 375.58 1 315.15 277.98 1 0
115.94 460.21 1 706.49 259.07 1 0
186.17 427.73 1 712.42 226.86 1 0
216.79 284.36 1 695.52 46.733 1 0
249.32 194.96 1 56.184 406.01 1 0
388.87 237.66 1 519.69 240.87 1 0
426.1 346.37 1 428.41 372.05 1 2
426.1 346.37 1 428.41 372.05 1 2
441.27 634.19 1 315.15 277.98 1 0
504.13 475 1 233.25 422.32 1 0
516.46 485.84 1 496.57 498.98 1 2
521.61 507.45 1 497.46 518.84 1 2
597.52 559.17 1 700.36 655.74 1 0
676.32 377.99 1 881.73 103 1 0
676.32 377.99 1 881.73 103 1 0
683.58 366.81 1 772.91 91.968 1 0
684.57 157.95 1 856.54 376.26 1 0
685.36 265.57 1 829.39 242.23 1 0
719.49 430.67 1 858.6 272.71 1 0
726.67 47.007 1 627.41 81.565 1 1
874.74 77.99 1 384.19 407.49 1 0
37.033 572.88 1 129.82 568.67 1 1
39.904 312.56 1 136.37 354.63 1 1
65.015 137.84 1 237.19 170.29 1 0
80.402 559.73 1 155.56 558.57 1 1
82.594 157.12 1 31.088 329.71 1 0
82.595 227.79 1 165.79 282.97 1 1
91.095 575.99 1 161.68 572.28 1 1
91.958 513.39 1 164.68 520.96 1 1
150.44 536.38 1 191.96 395.07 1 0
191.75 292.25 1 232.83 334.49 1 1
229.47 606.65 1 898.03 72.957 1 0
237.5 418.78 1 258.72 441.99 1 1
256.45 280.25 1 275.42 322.33 1 1
331.08 667.33 1 502.51 637.86 1 0
378.26 271.87 1 395.13 304.59 1 2
437.47 432.48 1 435.52 449.69 1 2
461.28 342.64 1 455.41 367.88 1 2
465.67 348.68 1 459.88 373.06 1 2
474.67 347.59 1 471.86 371.07 1 2
474.67 347.59 1 471.86 371.07 1 2
481.96 346.8 1 471.86 371.07 1 2
490.5 346.06 1 471.86 371.07 1 2
516.99 501.92 1 492.54 513.34 1 2
528.3 288.4 1 438.39 330.47 1 0
534.76 234.18 1 439.63 283.87 1 0
540.59 286.36 1 517.77 312.7 1 2
577.71 335.3 1 471.86 371.07 1 0
597.45 66.035 1 525.57 110.8 1 1
689.25 49.037 1 596.05 91.132 1 1
695.91 448.44 1 513.59 449.73 1 0
699.24 193.73 1 600.62 226.27 1 1
709.23 93.682 1 611.87 128.74 1 1
751.19 151.85 1 643.06 182.65 1 1
752.24 171.95 1 644.26 201.99 1 1
772.78 286.64 1 656.5 311.6 1 1
792.44 190.89 1 675.99 218.36 1 1
796.57 213.8 1 682.02 241.37 1 1
822.62 209.56 1 682.02 241.37 1 1
852.23 189.35 1 727.11 212.57 1 1
902.07 242.28 1 528.28 209.97 1 0
903.19 248.51 1 528.28 209.97 1 0
27.757 98.656 1 133.52 166.74 1 0
103.71 428.77 1 176.87 450.91 1 1
105.44 279.94 1 370.52 641.91 1 0
118.66 490.54 1 286.27 613.68 1 0
248.63 274.01 1 268.8 318.34 1 1
286.37 210.53 1 561.31 132.29 1 0
339.29 273.11 1 370.52 641.91 1 0
497 401.42 1 483.68 421.24 1 2
497.39 416.54 1 483.54 432.3 1 2
508.91 385.95 1 483.54 432.3 1 0
633.35 298.41 1 543.95 327.81 1 1
679.67 207.38 1 583.33 240.79 1 1
689.32 50.798 1 596.05 91.132 1 1
688.97 332.38 1 585.73 359.39 1 1
734.53 40.074 1 395.13 304.59 1 0
734.53 40.074 1 654.63 74.99 1 1
767.22 226.97 1 628.14 60.785 1 0
769.24 319.66 1 651.85 345 1 1
781.06 390.32 1 368.58 566.38 1 0
784.82 263.73 1 669.18 291.67 1 1
786.12 457.24 1 528.28 209.97 1 0
807.43 314.76 1 683.29 339.12 1 1
818.37 317.77 1 691.95 342.2 1 1
860.6 132.17 1 736.41 155.76 1 1
44.675 528.55 1 136.78 533.74 1 1
78.245 238.74 1 163.55 290.58 1 1
119.12 299.85 1 188.03 343.06 1 1
248.52 274.26 1 268.8 318.34 1 1
465.95 332.11 1 460.43 358.63 1 2
514.73 493.18 1 495.27 505.31 1 2
713.06 328.62 1 606.15 354.66 1 1
777.6 667.49 1 336.79 118.81 1 0
852.54 107.54 1 856.54 376.26 1 0
879.06 290.49 1 745.09 313.19 1 1
90.196 234.47 1 171.98 286.97 1 1
107.36 410.36 1 179.26 437.29 1 1
201.01 454.47 1 237.17 472.03 1 1
201.01 454.47 1 237.17 472.03 1 1
233.6 451.99 1 256.64 470.94 1 1
316.83 32.121 1 38.785 655.85 1 0
363.51 406.09 1 381.94 424.02 1 2
367.68 430.01 1 384.25 447.89 1 2
770.87 389.96 1 526.77 286.34 1 0
33.686 478.1 1 132.43 494.74 1 1
64.708 197.43 1 194.58 239.45 1 0
128.06 178.41 1 194.58 239.45 1 1
291.89 38.995 1 821.1 312.19 1 0
362.56 404.63 1 381.94 424.02 1 2
402.18 177.29 1 177.57 608.72 1 0
607.17 120.38 1 531.03 161.13 1 1
825.56 456.88 1 549.19 573.66 1 0
826.87 372.74 1 741.66 481.11 1 0
114.17 495.66 1 180.8 506.74 1 1
415.35 433.96 1 416.76 454.31 1 2
533.74 340.9 1 797.54 400.23 1 0
616.12 352.58 1 167.59 240.51 1 0
726.89 562.87 1 250.79 506.02 1 0
55.498 440.58 1 146 458.07 1 1
405.09 386.2 1 414.19 416.75 1 2
874.83 238.54 1 256.64 470.94 1 0
674.14 150.2 1 45.906 557.97 1 0
840.24 670.24 1 163.55 290.58 1 0
32.269 645.01 1 499 267.85 1 0
822.58 648.69 1 449.06 281.29 1 0
540.77 617.87 1 136.17 138.97 1 0
726.08 620.31 1 844.71 569.92 1 0
198.47 670.72 1 232.83 334.49 1 0
152.76 14.202 1 820.96 319.99 1 0
53.645 22.574 1 112.04 277.08 1 0
872.15 657.03 1 602.74 71.209 1 0
316.83 32.121 1 38.785 655.85 1 0
148.9 609.86 1 70.324 222.12 1 0
175.76 617.69 1 445.19 321.91 1 0
397.62 672.89 1 392.93 550.41 1 0
336.53 10.872 1 442.47 114.28 1 0
109.28 144.37 1 146.18 667.65 1 0
340.59 674.82 1 694.63 508.77 1 0
580.65 639.95 1 336.79 118.81 1 0
770.63 678.03 1 300.6 616.66 1 0
840.24 670.24 1 580.26 497.23 1 0
278.29 106.91 1 527.01 299.21 1 0
702.59 673.02 1 309.62 625.57 1 0
714.2 646.23 1 528.28 209.97 1 0
68.082 657.3 1 161.69 248.86 1 0
47.066 618.9 1 222.16 174.61 1 0
152.76 14.202 1 583.33 240.79 1 0
245.54 648.9 1 315.23 40.374 1 0
455.19 128.04 1 820.96 319.99 1 0
296.16 19.799 1 820.96 319.99 1 0
759.94 612.84 1 179.17 274.32 1 0
438.01 656.43 1 454.41 508.03 1 0
844.12 632.3 1 704.37 83.703 1 0
80.082 657.22 1 528.28 209.97 1 0
211.79 609.34 1 846.07 86.11 1 0
216.01 37.502 1 552.72 663.08 1 0
816.26 620.92 1 291.07 508.67 1 0
287.37 117.9 1 691.95 342.2 1 0
280.44 620.43 1 111.21 364.91 1 0
261.31 12.093 1 57.225 647.15 1 0
455.49 672.71 1 465.15 452.82 1 0
100.42 115.49 1 30.648 662.02 1 0
132.42 12.724 1 26.349 268.66 1 0
170.85 673.66 1 382.19 274.37 1 0
512.27 644.68 1 241.41 399.19 1 0
376.09 655.44 1 649.15 66.169 1 0
613.22 667.56 1 219.92 648.62 1 0
206.67 659.83 1 709.9 518.37 1 0
631.2 630.97 1 290.98 533.73 1 0
733.27 648.18 1 468.3 276.18 1 0
536.28 679.63 1 651.85 345 1 0
280.44 620.43 1 602.52 287.26 1 0
268.42 148.15 1 897.67 3.8116 1 0
519.95 666.75 1 183.74 400.11 1 0
36.27 42.03 1 293.59 190.46 1 0
245.54 648.9 1 98.006 235.67 1 0
422.43 667.01 1 108.31 460.69 1 0
84.756 110.52 1 41.227 626.04 1 0
128.76 597.38 1 195.23 350.89 1 0
295.63 620.59 1 203.97 447.96 1 0
275.13 129.16 1 722.21 640.32 1 0
477.05 658.51 1 543.05 405.89 1 0
60.324 11.785 1 21.677 82.413 1 0
109.28 144.37 1 140.62 623.89 1 0
632.42 624.76 1 30.829 354.6 1 0
262.94 138.21 1 587.97 506.75 1 0
255.81 600.34 1 57.019 42.162 1 0
53.794 612.77 1 602.74 71.209 1 0
821.29 656.44 1 167.59 240.51 1 0
455.49 672.71 1 797.17 45.068 1 0
524.27 157.99 1 326.81 74.863 1 0
696.2 629.15 1 553.99 356.49 1 0
849.59 670.58 1 98.994 313.91 1 0
610.54 639.92 1 113.28 645.54 1 0
295.49 660.91 1 115.64 475.75 1 0
575.53 640.73 1 396.01 249.8 1 0
92.364 87.345 1 41.227 626.04 1 0
837.85 656.5 1 768.92 440.26 1 0
541.03 648.84 1 345.29 617.4 1 0
177.29 112.76 1 486.75 207.77 1 0
13.824 623.56 1 35.928 136.49 1 0
255.04 609.59 1 116.34 59.289 1 0
287.37 117.9 1 583.33 240.79 1 0
724.94 645.87 1 449.06 281.29 1 0
795.43 609.17 1 227.64 488.21 1 0
296.57 671.16 1 387.95 26.988 1 0
266.74 27.157 1 821.1 312.19 1 0
413.02 662.03 1 293.26 304.17 1 0
79.423 108.44 1 57.681 364.98 1 0
717.61 676.77 1 392.93 550.41 1 0
16.508 101.99 1 582.74 633.62 1 0
133.17 11.755 1 794.63 659.47 1 0
452.72 652.71 1 307.41 81.844 1 0
226.66 640.55 1 65.887 498.02 1 0
261.05 150.76 1 55.596 332.79 1 0
816.26 620.92 1 785.52 530.27 1 0
264.43 171.01 1 289.27 217.82 1 0
821.16 666.92 1 398.4 269.45 1 0
180.14 634.6 1 456.31 166.41 1 0
387.37 615.66 1 526.77 286.34 1 0
452.72 652.71 1 7.3184 399.14 1 0
94.131 625.49 1 402.4 404.13 1 0
40.406 646.53 1 528.28 209.97 1 0
706.5 643.91 1 449.06 281.29 1 0
189.25 676.74 1 492.54 513.34 1 0
761.65 661.13 1 28.416 104.03 1 0
501.14 617.32 1 136.17 138.97 1 0
829.79 656.3 1 768.92 440.26 1 0
763.84 637 1 333.57 571.76 1 0
199.41 655.61 1 105.89 425.12 1 0
684.41 675.52 1 106.09 655.33 1 0
227.38 591.77 1 900.83 89.809 1 0
387.38 632.85 1 103.29 662.66 1 0
538.91 643 1 183.74 400.11 1 0
