18 445 1 579.67 366.29 1 0
34 191 1 89.63 176.28 1 0
68 460 1 233.29 131.36 1 0
158 238 1 510.23 310.46 1 0
76 380 1 19.319 168.54 1 0
107 429 1 590.95 181.28 1 0
66 28 1 467.38 418.7 1 0
83 222 1 383.13 419.1 1 0
86 438 1 432.19 452.08 1 0
108 296 1 467.38 418.7 1 0
175 396 1 96.424 406.85 1 0
93 196 1 434.06 148.8 1 0
119 462 1 445.81 283.21 1 0
145 19 1 82.606 56.993 1 0
148 264 1 483.92 80.955 1 0
73 115 1 34.464 144.48 1 0
91 311 1 473.34 109.29 1 0
97 311 1 134.96 457.57 1 0
112 157 1 134.96 457.57 1 0
45 282 1 89.63 176.28 1 0
233 427 1 212.4 361.34 1 0
247 482 1 612.74 122.95 1 0
201 187 1 396.68 470.53 1 0
290 99 1 618.62 349.74 1 0
305 65 1 340.72 75.42 1 0
345 105 1 83.741 392.46 1 0
412 453 1 473.14 417.26 1 0
323 339 1 94.181 76.896 1 0
382 291 1 220.94 410.03 1 0
455 341 1 265.9 345.98 1 0
468 377 1 147.26 410.33 1 0
449 434 1 164.84 371.57 1 0
417 66 1 378.04 350.07 1 0
485 180 1 447.26 59.636 1 0
509 162 1 367.49 180.62 1 0
495 130 1 433.5 142.84 1 0
482 15 1 72.897 166.12 1 0
491 31 1 72.897 166.12 1 0
487 220 1 549.16 21.939 1 0
572 123 1 322.62 81.974 1 0
603 218 1 144.09 225.54 1 0
646 288 1 354.83 419.16 1 0
503 125 1 480.35 106.89 1 0
471 44 1 447.18 29.317 1 0
454 66 1 426.43 54.155 1 0
462 73 1 434.06 59.93 1 0
462 73 1 434.06 59.93 1 0
463 82 1 436.12 68.281 1 0
468 80 1 440.75 65.956 1 0
468 80 1 440.75 65.956 1 0
479 95 1 453.88 79.52 1 0
479 95 1 453.88 79.52 1 0
485 105 1 460.76 88.352 1 0
487 109 1 463.23 92.348 1 0
487 109 1 463.23 92.348 1 0
490 117 1 466.65 99.575 1 0
492 120 1 468.33 102.3 1 0
493 124 1 469.75 106.38 1 0
502 142 1 478.8 124.53 1 0
524 158 1 505.32 137.09 1 0
524 158 1 505.32 137.09 1 0
503 148 1 479.53 129.69 1 0
507 236 1 479.24 215.6 1 0
524 88 1 510.23 65.67 1 0
474 33 1 451.93 16.914 1 0
533 127 1 518.11 105.49 1 0
41 390 1 31.283 373.4 1 1
68 31 1 55.76 57.011 1 1
69 27 1 56.985 52.338 1 1
118 29 1 83.968 59.638 1 1
165 335 1 96.95 332.97 1 1
166 287 1 99.084 294.22 1 1
167 177 1 103.91 199.09 1 1
170 75 1 109.67 107.6 1 1
18 431 1 17.194 406.31 1 1
32 377 1 26.201 362.81 1 1
32 377 1 26.201 362.81 1 1
62 46 1 52.442 69.033 1 1
63 194 1 47.879 206.16 1 1
103 372 1 63.001 361.41 1 1
103 372 1 63.001 361.41 1 1
120 435 1 70.087 413.36 1 1
144 281 1 87.335 287.5 1 1
146 408 1 83.741 392.46 1 1
146 408 1 83.741 392.46 1 1
175 34 1 114.67 69.849 1 1
175 34 1 114.67 69.849 1 1
65 44 1 55.215 68.862 1 1
39 255 1 33.156 258.48 1 1
56 460 1 36.721 430.55 1 1
107 373 1 65.953 362.56 1 1
143 217 1 90.508 231.76 1 1
148 15 1 101.18 48.726 1 1
164 292 1 97.855 298.11 1 1
16 422 1 17.314 398.42 1 1
28 301 1 26.189 297.31 1 1
59 426 1 39.348 403.69 1 1
67 214 1 49.865 223.41 1 1
72 31 1 58.802 56.886 1 1
81 374 1 51.744 362.02 1 1
83 432 1 50.916 409.38 1 1
84 471 1 50.574 440.22 1 1
85 444 1 52.262 418.97 1 1
89 383 1 54.913 370.16 1 1
94 389 1 58.594 374.76 1 1
94 389 1 58.594 374.76 1 1
119 426 1 69.927 405.92 1 1
129 449 1 74.679 424.39 1 1
140 454 1 79.397 429.04 1 1
145 216 1 90.508 231.76 1 1
158 437 1 88.973 416.12 1 1
179 37 1 115.99 72.796 1 1
185 203 1 112.73 222.34 1 1
30 470 1 22.887 438.57 1 1
47 302 1 35.963 299.36 1 1
61 46 1 52.442 69.033 1 1
62 421 1 40.823 400.01 1 1
69 236 1 50.951 243.01 1 1
103 372 1 63.001 361.41 1 1
103 372 1 63.001 361.41 1 1
105 464 1 60.905 436.05 1 1
105 464 1 60.905 436.05 1 1
175 278 1 104.22 286.7 1 1
53 368 1 38.48 356.13 1 1
176 113 1 111.31 141.82 1 1
130 442 1 74.781 419.57 1 1
39 233 1 33.814 238.95 1 1
40 463 1 28.562 432.54 1 1
45 455 1 31.12 426.6 1 1
45 455 1 31.12 426.6 1 1
46 382 1 34.189 367.5 1 1
54 314 1 40.083 309.46 1 1
74 153 1 55.378 169.99 1 1
80 13 1 63.445 39.521 1 1
94 45 1 70.249 72.379 1 1
100 461 1 59.139 432.81 1 1
110 55 1 78.976 82.923 1 1
142 329 1 84.139 327.8 1 1
156 428 1 88.561 409.27 1 1
159 216 1 98.201 231.91 1 1
164 38 1 109.09 71.701 1 1
166 345 1 96.086 342.1 1 1
184 113 1 116.26 142.63 1 1
187 158 1 115.5 183.1 1 1
28 359 1 24.94 347.9 1 1
64 53 1 52.817 76.414 1 1
64 79 1 52.513 101.03 1 1
64 232 1 47.845 237.76 1 1
85 70 1 63.671 94.29 1 1
124 150 1 82.547 172.78 1 1
130 212 1 83.504 226.44 1 1
162 77 1 105.56 108.34 1 1
167 465 1 92.708 438.17 1 1
178 312 1 104.18 314.96 1 1
181 282 1 106.79 290.04 1 1
24 466 1 20.045 434.99 1 1
45 362 1 34.019 349.72 1 1
57 272 1 42.824 273.6 1 1
60 412 1 39.835 392.04 1 1
60 248 1 44.745 253.33 1 1
76 124 1 56.752 144.01 1 1
79 387 1 50.877 372.42 1 1
150 69 1 99.761 99.498 1 1
158 175 1 99.516 196.05 1 1
169 106 1 108.41 135.33 1 1
108 341 1 67.275 336.64 1 1
112 375 1 67.863 363.77 1 1
132 72 1 90.291 100.22 1 1
185 156 1 114.85 180.95 1 1
74 80 1 56.76 102.55 1 1
165 406 1 92.999 391.4 1 1
187 441 1 109.01 419.78 1 2
191 204 1 117.43 223.11 1 2
194 220 1 119.96 237.39 1 2
194 232 1 119.66 247.6 1 2
196 76 1 126.62 109.5 1 2
200 71 1 129.44 103.63 1 2
205 58 1 135.87 91.746 1 2
205 58 1 135.87 91.746 1 2
205 213 1 131.24 229.47 1 2
206 410 1 127.6 394.65 1 2
208 273 1 133.15 280.67 1 2
211 49 1 141.54 82.483 1 2
213 156 1 141.02 178.33 1 2
217 382 1 139.05 370.79 1 2
218 316 1 141.58 316.62 1 2
220 14 1 151.83 48.826 1 2
227 25 1 158.59 57.985 1 2
228 386 1 150.08 374.43 1 2
229 167 1 156.46 186.62 1 2
230 246 1 156.07 256.24 1 2
235 81 1 165.25 108.36 1 2
240 15 1 174.17 46.301 1 2
248 65 1 179.76 91.321 1 2
248 168 1 176.43 185.28 1 2
252 237 1 178.32 246.79 1 2
184 348 1 107.89 344.54 1 2
186 261 1 111.25 271.89 1 2
190 181 1 116.95 203.48 1 2
192 148 1 120.48 174.36 1 2
193 126 1 121.4 154.07 1 2
193 238 1 118.22 252.9 1 2
198 43 1 128.78 79.003 1 2
200 150 1 127.89 174.8 1 2
201 466 1 122.14 439.45 1 2
204 53 1 134.13 87.206 1 2
204 142 1 132.9 167.15 1 2
206 142 1 132.9 167.15 1 2
210 406 1 130.58 390.96 1 2
210 406 1 130.58 390.96 1 2
210 453 1 131.03 428.78 1 2
210 453 1 131.03 428.78 1 2
210 168 1 138.5 189.53 1 2
211 447 1 132.05 423.69 1 2
211 447 1 132.05 423.69 1 2
215 70 1 145.81 100.83 1 2
215 220 1 141.2 234.36 1 2
216 322 1 138.89 322.33 1 2
217 447 1 137.73 424.18 1 2
220 63 1 150.89 93.743 1 2
224 454 1 143.73 429.16 1 2
224 336 1 146.42 333.36 1 2
224 361 1 146.4 354.12 1 2
226 430 1 147.26 410.33 1 2
226 430 1 147.26 410.33 1 2
227 441 1 147.32 418.91 1 2
230 281 1 154.53 286.32 1 2
230 447 1 150.31 423.97 1 2
232 74 1 162.27 102.4 1 2
232 236 1 158.27 246.73 1 2
232 460 1 152.16 433.91 1 2
233 441 1 154.25 418.88 1 2
233 92 1 163.48 117.77 1 2
233 322 1 156.6 321.09 1 2
235 102 1 165.9 126.72 1 2
235 454 1 155.5 428.86 1 2
236 425 1 156.07 406.1 1 2
236 177 1 164.91 194.65 1 2
236 177 1 164.91 194.65 1 2
241 222 1 168.48 233.85 1 2
253 307 1 176.94 306.62 1 2
253 41 1 186.84 68.663 1 2
185 417 1 107.37 400.01 1 2
185 377 1 107.27 368.67 1 2
185 377 1 107.27 368.67 1 2
198 373 1 120.31 364.55 1 2
198 373 1 120.31 364.55 1 2
199 309 1 123.04 311.31 1 2
199 309 1 123.04 311.31 1 2
200 24 1 130.72 61.574 1 2
202 342 1 125.43 338.98 1 2
203 108 1 133.07 137.32 1 2
205 120 1 133.95 148 1 2
205 164 1 132.55 186.83 1 2
209 101 1 137.84 130.39 1 2
209 154 1 137.21 176.85 1 2
209 154 1 137.21 176.85 1 2
210 238 1 134.57 251 1 2
212 185 1 138.48 204.54 1 2
215 242 1 140.23 253.7 1 2
217 170 1 144.44 190.27 1 2
217 170 1 144.44 190.27 1 2
218 190 1 145.64 208.04 1 2
219 472 1 138.6 444.02 1 2
225 96 1 155.14 123.05 1 2
230 19 1 162.4 51.707 1 2
237 308 1 161.22 309.81 1 2
240 160 1 168.32 178.92 1 2
241 404 1 162.44 388.56 1 2
248 13 1 182.32 42.772 1 2
252 80 1 184.39 104.95 1 2
252 154 1 182.24 171.45 1 2
253 172 1 182.02 188.08 1 2
253 30 1 187.23 57.935 1 2
253 52 1 186.65 78.628 1 2
185 430 1 107.13 410.85 1 2
193 444 1 115.66 421.96 1 2
197 253 1 121.68 264.18 1 2
200 20 1 130.7 58.161 1 2
201 436 1 122.31 415.45 1 2
202 275 1 126.67 282.74 1 2
204 420 1 125.18 402.37 1 2
206 194 1 132.74 212.83 1 2
210 86 1 138.85 115.61 1 2
213 172 1 139.92 192.38 1 2
214 350 1 136.76 345 1 2
218 156 1 146.44 177.8 1 2
220 302 1 143.67 304.58 1 2
221 167 1 148.38 187.55 1 2
221 333 1 143.91 331 1 2
222 255 1 146.55 264.13 1 2
223 421 1 143.69 402.76 1 2
225 100 1 156.19 126.41 1 2
226 277 1 150.29 282.91 1 2
227 383 1 148.83 372.09 1 2
229 164 1 157.14 183.66 1 2
231 129 1 159.67 152.1 1 2
231 284 1 154.44 289.1 1 2
232 434 1 153.1 413.09 1 2
234 326 1 157.6 323.83 1 2
236 319 1 159.12 318.32 1 2
239 74 1 169.35 101.61 1 2
239 206 1 165.98 219.91 1 2
244 210 1 171.26 223.29 1 2
247 68 1 178.26 94.265 1 2
247 90 1 177.61 114.45 1 2
249 160 1 177.45 178.1 1 2
249 76 1 180.68 101.65 1 2
180 454 1 101.49 430.39 1 2
183 385 1 105.4 375.5 1 2
183 368 1 106.03 361.74 1 2
187 381 1 108.24 371.73 1 2
193 381 1 115.92 371.76 1 2
194 207 1 120.08 225.45 1 2
201 91 1 130.33 122.28 1 2
201 91 1 130.33 122.28 1 2
201 193 1 128.2 212.06 1 2
202 337 1 124.72 335.06 1 2
203 60 1 132.35 93.463 1 2
203 293 1 127.04 297.85 1 2
203 293 1 127.04 297.85 1 2
206 31 1 137.09 66.826 1 2
206 31 1 137.09 66.826 1 2
206 269 1 130.46 277.92 1 2
206 269 1 130.46 277.92 1 2
206 105 1 135.32 133.82 1 2
208 97 1 136.83 126.11 1 2
210 306 1 133.28 308.89 1 2
210 306 1 133.28 308.89 1 2
211 107 1 139.76 134.59 1 2
212 235 1 137.38 247.89 1 2
213 298 1 136.09 301.93 1 2
214 268 1 137.96 275.76 1 2
214 470 1 134.7 442.06 1 2
214 470 1 134.7 442.06 1 2
214 383 1 136.23 372.02 1 2
217 308 1 140.37 309.84 1 2
218 319 1 140.48 319.33 1 2
218 319 1 140.48 319.33 1 2
222 416 1 142.99 398.44 1 2
222 185 1 149.68 203.47 1 2
224 283 1 148.34 288.37 1 2
232 336 1 155.21 332.41 1 2
232 336 1 155.21 332.41 1 2
235 62 1 166.44 90.574 1 2
240 416 1 161.05 398.02 1 2
241 327 1 164.1 324.41 1 2
241 353 1 162.8 346.95 1 2
243 383 1 164.84 371.57 1 2
245 226 1 171.86 236.61 1 2
246 355 1 168.44 347.55 1 2
246 355 1 168.44 347.55 1 2
249 403 1 170.6 387.29 1 2
187 458 1 109.6 432.56 1 2
190 284 1 114.66 291.5 1 2
193 337 1 116.88 335.28 1 2
196 305 1 119.87 308.62 1 2
197 389 1 118.94 378.42 1 2
198 344 1 120.84 341.45 1 2
199 330 1 121.58 329.84 1 2
199 353 1 121.92 348.88 1 2
199 353 1 121.92 348.88 1 2
200 145 1 127.81 170.07 1 2
201 103 1 130.37 132.92 1 2
204 125 1 132.05 152.63 1 2
204 175 1 131.41 196.27 1 2
204 175 1 131.41 196.27 1 2
206 235 1 130.84 248.51 1 2
209 52 1 140.03 85.704 1 2
209 427 1 130.14 407.75 1 2
210 244 1 135.97 255.23 1 2
211 164 1 139.2 185.7 1 2
212 66 1 142.47 97.215 1 2
212 66 1 142.47 97.215 1 2
212 66 1 142.47 97.215 1 2
216 427 1 136.96 407.81 1 2
216 261 1 140.6 270.23 1 2
216 364 1 138.27 357.18 1 2
218 210 1 144.09 225.54 1 2
219 42 1 150.41 74.729 1 2
219 42 1 150.41 74.729 1 2
222 239 1 147.98 250.62 1 2
227 365 1 148.59 356.88 1 2
227 365 1 148.59 356.88 1 2
228 205 1 154.67 220.38 1 2
229 59 1 159.8 88.466 1 2
230 415 1 150.72 397.95 1 2
233 273 1 158.34 278.81 1 2
236 408 1 156.94 392.38 1 2
236 353 1 158.55 346.65 1 2
239 155 1 167.61 174.72 1 2
243 309 1 166.72 308.97 1 2
248 53 1 180.7 80.024 1 2
248 377 1 170.62 365.82 1 2
256 86 1 187.45 109.69 1 2
182 459 1 104.58 433.05 1 2
187 278 1 111.76 287.11 1 2
193 162 1 120.85 185.67 1 2
193 174 1 120.11 196.88 1 2
197 139 1 124.31 165.89 1 2
215 242 1 140.23 253.7 1 2
218 233 1 143.22 245.18 1 2
218 378 1 138.93 368.24 1 2
220 276 1 143.88 283.01 1 2
220 439 1 140.68 417.27 1 2
223 63 1 153.99 92.725 1 2
223 63 1 153.99 92.725 1 2
229 151 1 156.77 172.16 1 2
229 151 1 156.77 172.16 1 2
233 331 1 156.34 327.81 1 2
239 111 1 170.06 134.77 1 2
252 127 1 182.75 147.79 1 2
253 163 1 182.01 180.43 1 2
187 307 1 111.78 311.04 1 2
192 212 1 117.76 229.92 1 2
192 421 1 113.36 403.87 1 2
201 394 1 122.93 381.58 1 2
210 229 1 135.6 242.21 1 2
230 359 1 152.55 351.55 1 2
252 72 1 184.58 98.581 1 2
252 256 1 178.14 262.27 1 2
253 279 1 178.11 282.75 1 2
188 291 1 112.32 297.49 1 2
191 225 1 117.13 240.7 1 2
209 408 1 130.98 392.71 1 2
215 421 1 136.69 402.59 1 2
215 421 1 136.69 402.59 1 2
218 345 1 141.28 340.26 1 2
218 345 1 141.28 340.26 1 2
222 265 1 146.47 272.74 1 2
225 180 1 152.88 198.57 1 2
225 180 1 152.88 198.57 1 2
190 371 1 112.94 363.1 1 2
192 427 1 114.19 408.11 1 2
192 435 1 113.8 414.94 1 2
192 435 1 113.8 414.94 1 2
197 389 1 118.94 378.42 1 2
204 136 1 132.95 162.15 1 2
207 285 1 129.86 290.91 1 2
208 323 1 130.84 323.02 1 2
208 323 1 130.84 323.02 1 2
213 38 1 144.04 72.079 1 2
215 444 1 135.4 421.1 1 2
219 68 1 149.62 98.279 1 2
223 426 1 143.68 406.66 1 2
226 341 1 148.44 337.25 1 2
233 173 1 160.27 191.28 1 2
234 385 1 156.07 372.93 1 2
236 73 1 167.36 100.87 1 2
247 418 1 167.39 400.15 1 2
249 158 1 177.86 175.97 1 2
212 391 1 133.48 379.27 1 2
220 353 1 142.54 347.72 1 2
237 87 1 166.35 113.63 1 2
237 253 1 162.74 261.18 1 2
237 253 1 162.74 261.18 1 2
238 447 1 158.09 423.73 1 2
189 460 1 110.79 435.14 1 2
202 402 1 123.51 388.09 1 2
217 85 1 147.52 114.3 1 2
232 144 1 159.73 165.46 1 2
185 393 1 107.87 381.61 1 2
200 39 1 130.52 75.993 1 2
199 63 1 129.36 97.341 1 2
236 426 1 156.84 405.9 1 2
251 168 1 180.25 185.31 1 2
252 346 1 174.86 339.97 1 2
253 107 1 184.08 130.28 1 2
186 420 1 108.22 401.82 1 2
199 118 1 126.39 146.45 1 2
209 376 1 131.11 367 1 2
211 263 1 135.84 272.42 1 2
212 354 1 133.82 348.53 1 2
196 264 1 120.64 273.65 1 2
193 367 1 115.35 360.08 1 2
265 369 1 182.13 360.12 1 3
273 15 1 199.88 45.23 1 3
273 15 1 199.88 45.23 1 3
278 122 1 199.35 144.11 1 3
296 145 1 208.93 166.42 1 3
296 140 1 209.18 161.78 1 3
262 201 1 187.33 214.76 1 3
270 343 1 186.5 337.87 1 3
273 355 1 188.5 347.98 1 3
281 56 1 203.22 83.189 1 3
305 364 1 206.31 356.39 1 3
257 72 1 188.53 96.97 1 3
285 183 1 202.03 199.78 1 3
290 94 1 207 120.23 1 3
293 137 1 207.49 159.11 1 3
301 44 1 218.03 72.967 1 3
258 258 1 182.61 264.38 1 3
258 54 1 189.79 80.799 1 3
273 120 1 196.83 141.21 1 3
273 120 1 196.83 141.21 1 3
279 406 1 189.66 391.12 1 3
302 256 1 208.52 264.35 1 3
272 274 1 190.17 279.34 1 3
287 16 1 209.05 46.501 1 3
258 169 1 185.33 186.23 1 3
267 301 1 185.75 302.67 1 3
272 269 1 189.39 274.92 1 3
289 71 1 207.4 98.165 1 3
296 37 1 212.55 67.088 1 3
298 406 1 200.1 391.05 1 3
302 256 1 208.52 264.35 1 3
308 450 1 204.58 426.42 1 3
259 214 1 185.41 225.62 1 3
258 383 1 177.64 371.04 1 3
259 406 1 177.31 391.28 1 3
261 70 1 190.18 95.843 1 3
284 365 1 194.09 357.19 1 3
299 120 1 212.23 143.72 1 3
300 149 1 211.84 169.96 1 3
302 228 1 209.95 240.15 1 3
306 385 1 205.63 374.79 1 3
306 361 1 207.05 353.91 1 3
260 307 1 181.59 306.01 1 3
260 114 1 188.72 136.35 1 3
280 431 1 188.34 411.89 1 3
288 286 1 198.61 290.2 1 3
292 211 1 204.08 225.2 1 3
297 62 1 213.43 89.985 1 3
301 278 1 206.73 283.55 1 3
307 444 1 204.04 422.49 1 3
264 163 1 190 180.47 1 3
267 102 1 193.5 125.41 1 3
274 298 1 190.63 299.7 1 3
280 213 1 198.4 226.05 1 3
284 266 1 198.54 272.05 1 3
296 303 1 203.22 304.59 1 3
300 130 1 212.84 152.38 1 3
307 359 1 207.82 352.2 1 3
307 445 1 204.04 422.49 1 3
268 245 1 189.26 253.02 1 3
300 402 1 201.42 389.29 1 3
310 204 1 216.67 219.11 1 4
311 348 1 211.58 342.69 1 4
311 348 1 211.58 342.69 1 4
312 414 1 208.97 397.8 1 4
313 121 1 223.64 143.95 1 4
314 370 1 212.4 361.34 1 4
320 35 1 233.82 64.384 1 4
326 79 1 237.27 104.84 1 4
327 331 1 225.42 328.61 1 4
347 333 1 241.89 330.35 1 4
353 381 1 244.2 369.66 1 4
358 101 1 263.89 123.62 1 4
358 101 1 263.89 123.62 1 4
363 95 1 268.26 117.8 1 4
363 156 1 265.54 173.89 1 4
365 278 1 259.92 282.29 1 4
367 79 1 272.45 102.97 1 4
370 294 1 263.32 295.37 1 4
378 352 1 265.9 345.98 1 4
380 301 1 271.11 301.34 1 4
381 147 1 280.9 165.1 1 4
382 236 1 276.33 244.69 1 4
384 409 1 266.93 393.23 1 4
388 360 1 273.78 352.21 1 4
394 181 1 289.69 194.64 1 4
394 281 1 283.97 284.23 1 4
395 456 1 273.92 431.41 1 4
395 456 1 273.92 431.41 1 4
401 272 1 290.35 275.13 1 4
402 403 1 282.8 387.66 1 4
405 321 1 290.75 318.81 1 4
409 370 1 290.38 360.11 1 4
307 176 1 216.82 193.56 1 4
314 447 1 208.09 424.33 1 4
320 336 1 218.65 333.33 1 4
321 81 1 232.43 106.71 1 4
320 298 1 221.75 300.16 1 4
321 256 1 224.31 264.37 1 4
321 433 1 215.26 412.93 1 4
322 13 1 237.02 43.342 1 4
330 119 1 238.49 141.46 1 4
332 392 1 225.98 379.79 1 4
333 204 1 236.83 218.04 1 4
333 204 1 236.83 218.04 1 4
334 157 1 240.06 175.55 1 4
336 35 1 248.29 63.245 1 4
337 407 1 229.83 391.95 1 4
338 78 1 248.05 103.64 1 4
339 471 1 226.97 443.9 1 4
341 71 1 250.86 96.716 1 4
342 84 1 250.69 108.53 1 4
348 244 1 246.96 253.17 1 4
348 244 1 246.96 253.17 1 4
348 114 1 254.31 135.59 1 4
348 434 1 237.25 413.61 1 4
349 364 1 241.76 355.88 1 4
351 276 1 247.82 280.59 1 4
351 276 1 247.82 280.59 1 4
353 348 1 245.69 341.71 1 4
354 333 1 247.8 329.26 1 4
356 230 1 255.38 240.6 1 4
359 332 1 251.77 329.02 1 4
361 282 1 255.9 285.7 1 4
361 282 1 255.9 285.7 1 4
361 89 1 266.95 112.5 1 4
362 64 1 268.99 88.855 1 4
369 332 1 260.05 328.58 1 4
369 332 1 260.05 328.58 1 4
370 65 1 276.16 89.057 1 4
378 464 1 259.38 437.93 1 4
378 60 1 283.67 84.423 1 4
380 359 1 266.96 351.81 1 4
383 275 1 275.16 279.4 1 4
383 366 1 269.74 357.33 1 4
387 405 1 269.98 389.46 1 4
397 243 1 288.85 251.15 1 4
404 437 1 281.89 415.57 1 4
307 166 1 216.41 185.07 1 4
310 337 1 211.55 333.47 1 4
313 166 1 222.63 184.57 1 4
315 70 1 228.47 97.102 1 4
320 152 1 227.73 171.12 1 4
324 460 1 216.35 434.86 1 4
341 150 1 246.06 169.38 1 4
347 161 1 251.2 179.19 1 4
347 161 1 251.2 179.19 1 4
351 188 1 252.33 202.95 1 4
355 407 1 244.24 391.47 1 4
355 407 1 244.24 391.47 1 4
359 370 1 248.88 360.48 1 4
360 113 1 264.31 134.3 1 4
364 340 1 255.56 335.24 1 4
366 320 1 258.08 317.72 1 4
366 320 1 258.08 317.72 1 4
373 176 1 272.56 191.39 1 4
376 256 1 270.39 262.72 1 4
380 121 1 281.7 140.78 1 4
383 68 1 286.46 92.415 1 4
387 265 1 278.86 269.96 1 4
388 119 1 288.81 138.58 1 4
388 384 1 273.16 371.88 1 4
389 457 1 269.07 432.02 1 4
389 457 1 269.07 432.02 1 4
394 469 1 272.92 441.6 1 4
321 361 1 218.99 353.75 1 4
326 379 1 221.71 369.13 1 4
336 228 1 237.67 239.07 1 4
339 56 1 249.52 82.666 1 4
340 147 1 245.17 166.5 1 4
346 111 1 252.09 132.93 1 4
348 23 1 259.35 50.902 1 4
351 68 1 258.9 93.121 1 4
356 71 1 263.1 96.44 1 4
356 71 1 263.1 96.44 1 4
362 37 1 269.92 63.452 1 4
362 60 1 268.59 85.802 1 4
362 82 1 268.36 105.67 1 4
362 337 1 254.29 332.25 1 4
370 306 1 262.32 306.03 1 4
370 363 1 259.34 354.56 1 4
386 202 1 281.27 214.48 1 4
387 157 1 286.55 173.63 1 4
396 147 1 294.69 163.79 1 4
398 355 1 282.31 347.01 1 4
409 432 1 286.06 411.59 1 4
409 432 1 286.06 411.59 1 4
414 428 1 290.89 407.93 1 4
306 53 1 221.02 81.849 1 4
310 169 1 218.65 187.47 1 4
310 25 1 225.72 55.628 1 4
312 92 1 224.12 117.7 1 4
314 253 1 218.29 261.79 1 4
314 53 1 227.5 81.189 1 4
314 340 1 213.98 336.48 1 4
318 112 1 229.53 135.3 1 4
318 112 1 229.53 135.3 1 4
319 16 1 233.57 46.349 1 4
322 425 1 216.4 406.6 1 4
325 16 1 239.08 45.75 1 4
326 315 1 225.28 314.46 1 4
327 38 1 239.54 66.112 1 4
328 429 1 220.94 410.03 1 4
328 398 1 222.77 384.09 1 4
328 398 1 222.77 384.09 1 4
329 321 1 227.39 320.4 1 4
334 321 1 231.32 319.52 1 4
336 430 1 227.84 409.9 1 4
339 376 1 232.66 366.23 1 4
341 329 1 237.48 326.01 1 4
344 11 1 255.69 40.396 1 4
344 166 1 248.25 183.51 1 4
344 294 1 240.4 296.87 1 4
347 143 1 252 163.28 1 4
347 143 1 252 163.28 1 4
347 154 1 251.86 172.12 1 4
350 11 1 261.26 39.592 1 4
350 194 1 252.16 208.13 1 4
351 140 1 255.21 160.02 1 4
350 429 1 238.22 410.01 1 4
355 344 1 247.67 338.45 1 4
356 67 1 263.5 92.462 1 4
359 76 1 265.84 100.68 1 4
361 99 1 266.62 121.12 1 4
362 261 1 258.12 266.95 1 4
362 382 1 251.18 370.31 1 4
362 28 1 271.41 54.644 1 4
362 28 1 271.41 54.644 1 4
363 194 1 262.9 208.26 1 4
366 88 1 270.76 110.98 1 4
366 88 1 270.76 110.98 1 4
368 242 1 263.95 250.57 1 4
368 242 1 263.95 250.57 1 4
370 164 1 270.58 180.49 1 4
372 254 1 267.28 260.6 1 4
373 187 1 271.43 201.58 1 4
376 357 1 265.47 349.33 1 4
378 116 1 280.23 136.82 1 4
378 116 1 280.23 136.82 1 4
378 98 1 281.24 119.74 1 4
383 94 1 285.91 115.85 1 4
383 94 1 285.91 115.85 1 4
383 98 1 285.8 119.45 1 4
384 169 1 282.24 185.02 1 4
386 388 1 270.68 375.61 1 4
387 280 1 278.12 282.85 1 4
388 335 1 274.98 330.62 1 4
388 146 1 287.09 163.7 1 4
388 306 1 276.98 305.49 1 4
389 224 1 283.53 233.73 1 4
392 414 1 274.03 397.27 1 4
395 472 1 272.21 444.37 1 4
401 400 1 283.44 384.44 1 4
307 18 1 223.41 48.496 1 4
313 398 1 211.02 384.51 1 4
315 347 1 214.97 342.11 1 4
318 227 1 222.83 238.63 1 4
321 67 1 232.58 94.457 1 4
323 196 1 228.19 210.99 1 4
328 265 1 229.07 272.09 1 4
328 265 1 229.07 272.09 1 4
329 195 1 234.12 209.64 1 4
333 32 1 244.73 60.595 1 4
333 444 1 223.96 422.28 1 4
340 50 1 250.92 76.739 1 4
343 404 1 234.61 389.29 1 4
346 376 1 238.44 366.45 1 4
348 49 1 257.1 75.829 1 4
348 49 1 257.1 75.829 1 4
352 173 1 254.21 189.74 1 4
352 337 1 245.74 333.23 1 4
357 337 1 249.57 332.67 1 4
358 299 1 252.56 300.14 1 4
368 225 1 265.05 235.27 1 4
367 329 1 258.24 325.94 1 4
369 341 1 259.35 336.15 1 4
369 382 1 256.45 370.61 1 4
374 224 1 269.72 234.91 1 4
375 210 1 271.37 221.73 1 4
376 203 1 272.9 215.32 1 4
376 203 1 272.9 215.32 1 4
376 15 1 284.41 41.327 1 4
376 15 1 284.41 41.327 1 4
376 319 1 266.86 316.89 1 4
377 307 1 267.78 307 1 4
382 348 1 269.83 341.46 1 4
382 225 1 277.08 234.21 1 4
384 192 1 281.02 205.36 1 4
388 272 1 278.95 277.3 1 4
390 179 1 286.52 193.3 1 4
393 232 1 285.49 240.54 1 4
396 320 1 282.25 317.5 1 4
398 281 1 287.1 283.63 1 4
397 388 1 280 375.3 1 4
404 406 1 284.18 390.52 1 4
307 153 1 217.48 172.69 1 4
310 186 1 218.37 203.03 1 4
311 350 1 211.28 344.12 1 4
315 216 1 220.5 229.8 1 4
315 216 1 220.5 229.8 1 4
315 70 1 228.47 97.102 1 4
326 450 1 218.85 427.14 1 4
340 341 1 235.43 336.38 1 4
339 460 1 228.94 434.46 1 4
345 128 1 251.82 149.17 1 4
345 215 1 245.87 228.03 1 4
362 390 1 251.42 376.96 1 4
362 390 1 251.42 376.96 1 4
365 352 1 255.6 345.79 1 4
365 352 1 255.6 345.79 1 4
366 303 1 259.63 303.22 1 4
379 90 1 282.3 112.72 1 4
379 90 1 282.3 112.72 1 4
381 265 1 273.6 270.61 1 4
386 131 1 285.76 149.88 1 4
387 173 1 285.04 188.09 1 4
406 334 1 290.15 329.49 1 4
419 433 1 295.81 412.3 1 4
305 122 1 217.89 145.04 1 4
307 247 1 213.38 256.48 1 4
316 268 1 219.61 273.9 1 4
316 268 1 219.61 273.9 1 4
324 418 1 218.86 400.29 1 4
328 25 1 241.58 53.923 1 4
328 25 1 241.58 53.923 1 4
338 259 1 237.93 265.26 1 4
338 259 1 237.93 265.26 1 4
339 442 1 228.7 420.65 1 4
339 446 1 228.7 424.13 1 4
381 164 1 279.25 179.86 1 4
394 214 1 287.12 225.11 1 4
394 313 1 282.33 311.25 1 4
316 451 1 209.97 428.01 1 4
373 415 1 257.6 397.76 1 4
308 79 1 221.01 105.61 1 4
308 79 1 221.01 105.61 1 4
311 331 1 211.58 328.68 1 4
317 31 1 231.38 60.409 1 4
321 444 1 214.74 422.27 1 4
332 254 1 232.5 262.29 1 4
337 287 1 236.5 290.17 1 4
339 156 1 245.11 174.62 1 4
347 90 1 255.12 113.41 1 4
356 109 1 261.07 130.74 1 4
357 262 1 254.11 268.41 1 4
360 395 1 248.57 381.86 1 4
361 429 1 247.59 409.59 1 4
363 74 1 269.5 98.102 1 4
363 74 1 269.5 98.102 1 4
370 276 1 263.68 281.15 1 4
373 73 1 277.06 96.933 1 4
375 336 1 264.9 331.49 1 4
376 38 1 282.74 62.992 1 4
376 349 1 265.17 342.6 1 4
377 395 1 262.79 380.81 1 4
386 137 1 285.83 155.53 1 4
391 320 1 278.18 317.86 1 4
405 365 1 287.25 356.09 1 4
307 160 1 215.23 179.4 1 4
312 172 1 221.14 190.16 1 4
316 195 1 222.7 210.74 1 4
315 237 1 219.73 247.49 1 4
318 415 1 213.66 398.25 1 4
321 372 1 217.93 362.99 1 4
321 372 1 217.93 362.99 1 4
328 114 1 237.31 136.58 1 4
332 420 1 223.94 402.79 1 4
334 44 1 245.57 71.29 1 4
334 44 1 245.57 71.29 1 4
339 276 1 238.36 280.94 1 4
339 276 1 238.36 280.94 1 4
345 430 1 234.5 410.37 1 4
347 470 1 234.37 442.64 1 4
352 289 1 248.24 291.92 1 4
355 364 1 245.97 355.88 1 4
358 275 1 253.65 279.59 1 4
358 209 1 257.12 221.73 1 4
366 151 1 267.62 168.74 1 4
366 151 1 267.62 168.74 1 4
380 127 1 281.45 146.38 1 4
383 208 1 278.73 220.63 1 4
389 294 1 279.02 295.11 1 4
396 207 1 290.06 218.87 1 4
400 463 1 277.44 437.1 1 4
406 389 1 287.68 375.79 1 4
327 85 1 237.59 109.81 1 4
365 407 1 252.07 391.62 1 4
389 337 1 276.36 332.7 1 4
402 376 1 284.21 365.01 1 4
317 433 1 211.69 412.72 1 4
418 429 1 295.2 408.8 1 4
331 228 1 234.59 239.42 1 4
376 204 1 273.92 216.96 1 4
396 225 1 288.63 234.72 1 4
401 284 1 289.22 286.47 1 4
413 442 1 288.95 420.39 1 4
413 442 1 288.95 420.39 1 4
394 340 1 279.6 334.94 1 4
331 196 1 234.46 211.28 1 4
379 189 1 276.65 203.07 1 4
396 50 1 303.72 72.839 1 5
412 178 1 311.64 190.16 1 5
415 170 1 315.09 182.13 1 5
450 424 1 331.06 403.7 1 5
452 433 1 333.28 411.16 1 5
399 115 1 301.77 133.6 1 5
404 229 1 296.87 237.04 1 5
410 138 1 312.83 153.58 1 5
421 317 1 308.03 312.9 1 5
424 74 1 336.53 90.046 1 5
424 74 1 336.53 90.046 1 5
427 97 1 338.1 111.34 1 5
443 309 1 335.7 305.01 1 5
450 337 1 340.73 328.67 1 5
453 406 1 336.23 388.05 1 5
398 156 1 297.14 172.11 1 5
409 163 1 309.11 176.25 1 5
410 287 1 298.54 288.24 1 5
423 145 1 327.91 157.92 1 5
427 361 1 310.85 350.93 1 5
427 183 1 329.13 192.25 1 5
443 395 1 326.42 379.68 1 5
396 147 1 294.69 163.79 1 5
404 104 1 308.82 122.21 1 5
404 104 1 308.82 122.21 1 5
407 145 1 308.89 160.59 1 5
418 274 1 308.38 276.14 1 5
425 356 1 308.35 347.49 1 5
425 161 1 328.79 172.6 1 5
432 329 1 319.98 323.45 1 5
434 142 1 341.86 153.06 1 5
434 153 1 341.12 163.42 1 5
437 331 1 325.3 324.5 1 5
442 221 1 343.26 225.65 1 5
453 351 1 343.2 340.47 1 5
453 351 1 343.2 340.47 1 5
459 470 1 338.17 442.15 1 5
402 82 1 309.16 102.06 1 5
403 225 1 295.55 234.07 1 5
407 158 1 306.86 172.73 1 5
416 199 1 313.36 209.01 1 5
416 199 1 313.36 209.01 1 5
432 255 1 327.35 257.44 1 5
436 337 1 323.16 330.27 1 5
437 266 1 331.76 266.4 1 5
437 266 1 331.76 266.4 1 5
441 392 1 323.52 376.56 1 5
449 417 1 330.23 397.67 1 5
449 434 1 328.87 411.57 1 5
450 333 1 340.24 325.72 1 5
450 421 1 331.36 400.97 1 5
410 246 1 301.73 252.35 1 5
435 290 1 326.97 288.66 1 5
448 351 1 336.37 341.44 1 5
449 442 1 326.85 418.7 1 5
454 469 1 331.21 441.39 1 5
434 342 1 320.2 334.34 1 5
434 342 1 320.2 334.34 1 5
443 395 1 326.42 379.68 1 5
449 464 1 326.04 437.18 1 5
449 464 1 326.04 437.18 1 5
458 454 1 336.63 428.97 1 5
421 341 1 305 334.85 1 5
414 117 1 319.21 132.96 1 5
414 163 1 315.11 175.7 1 5
421 333 1 306.78 327.95 1 5
423 322 1 309.46 317.81 1 5
423 203 1 321.91 211.65 1 5
424 274 1 315.89 275.39 1 5
431 337 1 317.23 329.75 1 5
455 459 1 333.09 433.32 1 5
457 337 1 348.21 328 1 5
460 369 1 347.92 355.76 1 5
399 69 1 306.44 90.492 1 5
404 215 1 296.54 225.61 1 5
407 243 1 299.09 250.6 1 5
419 236 1 313.78 242.22 1 5
587 172 1 565.54 149.06 1 6
587 172 1 565.54 149.06 1 6
596 54 1 581.91 26.854 1 6
606 201 1 583.24 177.43 1 6
606 201 1 583.24 177.43 1 6
606 201 1 583.24 177.43 1 6
606 219 1 582.77 194.97 1 6
618 253 1 593.08 228.05 1 6
621 257 1 595.98 232.12 1 6
621 257 1 595.98 232.12 1 6
625 276 1 598.68 250.94 1 6
627 242 1 602.61 217.28 1 6
636 404 1 602.77 374.31 1 6
638 275 1 612.3 249.92 1 6
638 275 1 612.3 249.92 1 6
643 434 1 607.67 403.8 1 6
579 144 1 558.87 121.21 1 6
579 144 1 558.87 121.21 1 6
584 135 1 565.24 111.43 1 6
589 103 1 571.51 77.855 1 6
600 106 1 583.48 80.928 1 6
603 80 1 587.25 53.436 1 6
604 254 1 578.14 229.75 1 6
607 149 1 587.6 124.39 1 6
607 149 1 587.6 124.39 1 6
614 205 1 590.95 181.28 1 6
618 188 1 597.04 163.13 1 6
626 219 1 602.85 194.39 1 6
626 219 1 602.85 194.39 1 6
639 342 1 609.19 315.35 1 6
639 342 1 609.19 315.35 1 6
639 384 1 607.03 355.57 1 6
581 114 1 562.92 89.928 1 6
603 143 1 583.04 118.68 1 6
610 282 1 583.54 257.18 1 6
613 239 1 588.28 215.51 1 6
613 135 1 594.5 109.36 1 6
626 180 1 605.22 155.02 1 6
626 180 1 605.22 155.02 1 6
636 300 1 608.42 273.96 1 6
636 316 1 607.43 290.29 1 6
638 246 1 613.85 220.51 1 6
573 115 1 554.4 91.991 1 6
577 147 1 556.98 124.45 1 6
586 70 1 570.36 44.119 1 6
587 170 1 565.41 146.27 1 6
594 204 1 572.21 180.37 1 6
595 57 1 580.79 29.886 1 6
596 188 1 573.94 164.47 1 6
598 111 1 581.27 85.553 1 6
601 61 1 586.63 34.416 1 6
603 92 1 586.61 66.006 1 6
606 237 1 581.28 213.08 1 6
612 235 1 588.53 211.36 1 6
617 191 1 595.55 166.05 1 6
617 329 1 587.38 303.31 1 6
624 310 1 595.87 283.95 1 6
624 310 1 595.87 283.95 1 6
626 222 1 603.45 197.53 1 6
625 227 1 602.9 202.16 1 6
629 279 1 603.05 254.02 1 6
629 387 1 596.93 358.24 1 6
632 226 1 609.42 201.44 1 6
632 226 1 609.42 201.44 1 6
640 440 1 605.59 409.06 1 6
641 395 1 608.24 365.84 1 6
576 92 1 559.07 68.191 1 6
590 92 1 573.89 66.963 1 6
592 65 1 577.45 39.212 1 6
592 65 1 577.45 39.212 1 6
592 220 1 569.01 196.78 1 6
594 140 1 575.27 116.35 1 6
597 214 1 574.08 190.32 1 6
598 67 1 583.42 40.46 1 6
599 92 1 582.28 66.406 1 6
603 164 1 583.17 140.28 1 6
604 83 1 588.68 56.833 1 6
609 248 1 584.38 224 1 6
611 180 1 590.57 155.7 1 6
611 180 1 590.57 155.7 1 6
617 203 1 594.86 178.87 1 6
620 340 1 589.53 313.78 1 6
626 368 1 594.34 340.81 1 6
585 182 1 563.24 158.85 1 6
588 139 1 568.06 115.6 1 6
590 107 1 572.75 82.722 1 6
596 231 1 571.23 208.16 1 6
601 202 1 578.71 177.72 1 6
606 276 1 579.66 251.19 1 6
617 215 1 594.17 190.57 1 6
620 146 1 601.61 120.9 1 6
631 396 1 598.43 366.91 1 6
634 253 1 610.61 227.97 1 6
613 135 1 594.5 109.36 1 6
633 265 1 608.59 239.75 1 6
634 363 1 603.29 335.56 1 6
589 100 1 572.44 75.349 1 6
594 87 1 578.14 61.198 1 6
594 87 1 578.14 61.198 1 6
580 139 1 560.12 115.61 1 6
580 156 1 559.85 132.79 1 6
580 156 1 559.85 132.79 1 6
582 92 1 564.9 67.705 1 6
605 138 1 586.05 113.85 1 6
608 94 1 592.29 67.796 1 6
618 328 1 588.42 301.39 1 6
623 353 1 592.92 326.14 1 6
631 245 1 606.98 220.23 1 6
633 411 1 599.26 381.03 1 6
635 328 1 606.57 301.61 1 6
610 228 1 586.75 204.1 1 6
621 341 1 590.89 314.02 1 6
635 340 1 605.36 313.23 1 6
589 197 1 566.17 173.59 1 6
578 132 1 558.25 108.84 1 6
592 113 1 574 88.37 1 6
