4.004 445.9 1 540.25 153.53 1 0
6.1031 238.43 1 139.77 6.3192 1 0
15.874 5.0201 1 666.27 269.16 1 0
19.046 504.76 1 67.803 155.83 1 0
19.046 504.76 1 67.803 155.83 1 0
26.249 373.93 1 70.31 257.46 1 0
28.971 330.47 1 278.21 401.19 1 0
52.157 248.2 1 393.84 366.52 1 0
87.889 268.04 1 548.8 34.98 1 0
107.78 501.21 1 196.68 285.22 1 0
148.49 240.15 1 131.18 240.3 1 1
151.33 53.425 1 67.803 155.83 1 0
181.53 271.88 1 569.37 96.743 1 0
190.95 493.72 1 125.51 153.32 1 0
200.92 397.31 1 69.433 35.529 1 0
210.19 31.739 1 42.806 234.91 1 0
226.19 464.92 1 429.33 347.97 1 0
266.75 264 1 228.05 252.97 1 1
288.74 253.24 1 248.56 240.35 1 1
309.84 383.05 1 269.22 374.99 1 1
320.35 267.47 1 281.84 252.22 1 1
320.59 258.07 1 281.24 242.26 1 1
333.51 400.61 1 542.13 454.85 1 0
337.14 73.846 1 70.31 257.46 1 0
358.07 81.952 1 33.12 58.321 1 0
362.59 18.665 1 29.288 165.39 1 0
365.17 268.52 1 332.57 249.23 1 1
368.69 277.89 1 338.82 258.44 1 1
371.81 458.15 1 244.81 290.03 1 0
381.56 244.59 1 354.96 219.78 1 1
389.35 269.77 1 362.9 248.91 1 1
399.09 157.01 1 637.79 297.87 1 0
406.39 160.94 1 426.61 8.5648 1 0
407.84 177.72 1 67.803 155.83 1 0
409.77 246.11 1 392.58 217.78 1 1
409.84 262.16 1 390.3 237.17 1 1
413.38 384.8 1 556.12 187.42 1 0
425.22 478.24 1 354.22 296.3 1 0
426.98 226.16 1 481.41 135.82 1 0
432.73 189.28 1 286.63 440.65 1 0
438.97 269.94 1 433.09 243.19 1 1
448.98 263.99 1 447.99 234.54 1 1
448.51 274.98 1 447.72 248.5 1 1
454.85 43.264 1 25.026 210.8 1 0
475.05 271.4 1 490.43 240.59 1 1
476.17 423.04 1 354.17 289.34 1 0
482.1 274.69 1 503.66 244.66 1 1
482.89 22.325 1 660.27 228.02 1 0
490.8 249.41 1 520.12 208.73 1 1
493.06 193.98 1 651.25 451.18 1 0
496.62 265.03 1 528.35 229.26 1 1
500.18 227.61 1 74.717 305.82 1 0
504.6 160.53 1 409.37 59.906 1 0
524.32 462.85 1 429.33 347.97 1 0
546.66 23.076 1 72.433 236.99 1 0
546.66 23.076 1 61.177 80.722 1 0
553.72 167.93 1 164.98 134.97 1 0
561.86 363.45 1 111.12 471.62 1 0
561.86 363.45 1 119.62 347.23 1 0
573.23 444.39 1 461.51 176.2 1 0
584.96 191.39 1 90.029 207.96 1 0
589.72 286.98 1 290.84 405.87 1 0
595.02 291.23 1 476.49 432.9 1 0
595.05 500.56 1 16.266 433.44 1 0
602.39 202.49 1 280.99 35.929 1 0
614.46 133.62 1 51.916 142.8 1 0
618.69 508.1 1 204.81 471.13 1 0
619.94 236.51 1 487.12 178.83 1 0
621.91 328.77 1 101.2 135.99 1 0
628.43 506.87 1 75.378 498.92 1 0
634.16 344.93 1 640.85 26.636 1 0
655.79 351.43 1 69.433 35.529 1 0
664.65 75.506 1 415.32 54.267 1 0
667.18 120.13 1 146.89 127.5 1 0
671.2 174.63 1 154.77 177.89 1 0
22.87 13.593 1 161.48 206.11 1 0
33.374 352.44 1 98.342 275.83 1 0
45.018 176.24 1 210.13 15.58 1 0
46.955 492.62 1 281.75 383.25 1 0
82.274 276.01 1 668.22 450.14 1 0
113.05 325.94 1 384.97 442.01 1 0
116.01 418.72 1 211.29 207.56 1 0
132.36 364.14 1 112 347.27 1 1
142.14 127.42 1 407.06 377.99 1 0
142.63 363.77 1 111.12 471.62 1 0
143.45 371.07 1 116.98 353.5 1 1
147.75 240.12 1 131.18 240.3 1 1
151.29 370.59 1 122.6 353.38 1 1
165.59 165.38 1 382.43 460.78 1 0
184.24 126.14 1 211.76 348.5 1 0
188.22 229.31 1 352.73 377.79 1 0
191.23 253.8 1 161.47 248.98 1 1
203.02 254.35 1 171.71 248.83 1 1
210.88 374.75 1 179 359.9 1 1
242.25 408.3 1 544.18 76.317 1 0
248.36 238.13 1 212.59 229.36 1 1
248.5 107.78 1 352.78 355.61 1 0
252.78 286.09 1 661.9 417.66 1 0
289.35 242.83 1 250.62 229.31 1 1
289.35 242.83 1 250.62 229.31 1 1
335.04 8.1119 1 153.16 198.46 1 0
344.47 123.63 1 487.12 178.83 1 0
372.45 261.64 1 340.91 240.45 1 1
384.13 261.12 1 355.87 239.17 1 1
415.42 249.97 1 399.98 222.54 1 1
428 21.744 1 576.51 435.81 1 0
451.53 322.44 1 205.07 379.38 1 0
451.52 192.33 1 250.44 452.13 1 0
452.11 252.9 1 454.79 219.01 1 1
460.1 264.27 1 464.87 233.63 1 1
471.75 195.93 1 286.63 440.65 1 0
488.08 346.04 1 507.6 340.93 1 1
517.55 365.18 1 563.02 370.19 1 1
525.59 110.83 1 331.78 209.06 1 0
530.59 307.45 1 279.69 405.39 1 0
534.58 230.46 1 477.02 470.26 1 0
553.91 354.81 1 205.07 379.38 1 0
574.15 219.48 1 5.8876 125.98 1 0
584.26 499.38 1 16.266 433.44 1 0
591.97 225.41 1 72.433 236.99 1 0
595.93 338.51 1 656.42 261.07 1 0
611.76 25.468 1 25.026 210.8 1 0
614.94 153.93 1 628.33 34.406 1 0
644.16 506.55 1 77.507 6.1411 1 0
655.93 351.35 1 69.433 35.529 1 0
660.09 178.47 1 555.6 21.224 1 0
671.82 145.79 1 83.16 270.24 1 0
674.96 356.6 1 587.72 144.85 1 0
6.4016 272.74 1 111.12 471.62 1 0
14.559 376.71 1 644.94 69.276 1 0
82.446 275.1 1 668.22 450.14 1 0
102.69 273.14 1 97.396 271.35 1 1
102.69 273.14 1 97.396 271.35 1 1
121.89 225.49 1 164.98 134.97 1 0
124.39 254.5 1 112.65 254.11 1 1
130.91 280.4 1 661.9 417.66 1 0
161.16 290.96 1 251.99 158.75 1 0
162.94 339.69 1 133.42 326.55 1 1
198.14 494.2 1 303.51 292.16 1 0
198.14 494.2 1 125.51 153.32 1 0
218.83 129.58 1 99.6 61.927 1 0
263.6 71.559 1 40.231 173.02 1 0
296.32 175.71 1 382.43 460.78 1 0
328.14 82.753 1 660.52 300.74 1 0
361.99 211.58 1 243.68 15.078 1 0
376.66 155.01 1 111.29 36.686 1 0
377.35 277.81 1 346.65 258.78 1 1
377.35 277.81 1 346.65 258.78 1 1
414.49 477.53 1 354.22 296.3 1 0
417.36 280.28 1 399.99 257.95 1 1
478.85 10.731 1 51.916 142.8 1 0
515.59 354.5 1 561.08 354.97 1 1
535.89 222.48 1 463.18 461.04 1 0
568.49 117.09 1 660.27 228.02 1 0
581.48 491.66 1 200.3 458.12 1 0
608.45 285.92 1 651.53 414.06 1 0
618.85 309.28 1 52.195 309.92 1 0
88.553 388.91 1 102.96 236.33 1 0
114.92 387.26 1 408.12 39.329 1 0
116.7 239.12 1 108.7 242.33 1 1
129.88 131.48 1 384.97 442.01 1 0
167.02 219.34 1 146.29 220.95 1 1
344.64 376.47 1 290.54 368.5 1 1
350.41 176.58 1 40.231 173.02 1 0
366.6 263.6 1 333.1 243.73 1 1
526.96 269.16 1 200.4 325.94 1 0
540.19 365.38 1 453.43 404.74 1 0
546.65 114.48 1 105.71 319.51 1 0
560.3 488.29 1 129.27 407.26 1 0
608.65 285.53 1 651.53 414.06 1 0
633.6 380.68 1 243.68 15.078 1 0
652.55 188.78 1 129.75 117.59 1 0
652.55 188.78 1 185.87 172.07 1 0
32.869 277.38 1 251.99 158.75 1 0
94.441 225.14 1 301.28 393.51 1 0
277.45 17.973 1 102.96 236.33 1 0
308.69 481.08 1 354.17 289.34 1 0
322.55 262.22 1 283.99 246.55 1 1
444.06 33.841 1 337.44 479.13 1 0
461.62 327.77 1 283.99 246.55 1 0
472.17 26.96 1 82.969 342.43 1 0
657.2 66.358 1 660.27 228.02 1 0
33.842 171.13 1 133.42 326.55 1 0
278.05 17.845 1 102.96 236.33 1 0
32.749 170.48 1 133.42 326.55 1 0
334.94 267.03 1 295.64 250.93 1 1
334.94 267.03 1 295.64 250.93 1 1
354.28 278.52 1 322.9 261.32 1 1
420.65 371.38 1 295.64 250.93 1 0
532.68 101.14 1 317.27 440.03 1 0
552.29 201.91 1 73.934 17.729 1 0
571.99 189.63 1 522.01 116.62 1 0
614.21 287.98 1 206.76 191.36 1 0
515.96 78.917 1 316.61 239.93 1 0
626.09 54.608 1 21.539 203.64 1 0
451.22 111.17 1 40.231 173.02 1 0
560.28 315.27 1 481.41 135.82 1 0
179.92 366.46 1 98.342 275.83 1 0
