399.83334350585937 242.252685546875 1 306.93218994140625 251.13841247558594 1 0
371.20269775390625 261.229736328125 1 338.34173583984375 132.742431640625 1 0
371.20269775390625 261.229736328125 1 338.34173583984375 132.742431640625 1 0
371.35000610351562 258.04000854492187 1 330.98312377929687 131.27711486816406 1 0
245.5 336 1 549.51812744140625 460.44268798828125 1 0
357.11679077148437 237.74087524414062 1 275.97439575195312 171.22575378417969 1 0
333.91415405273437 221.22390747070312 1 230.41075134277344 238.1490478515625 1 0
331.2674560546875 193.26744079589844 1 262.00369262695312 241.23333740234375 1 0
331.2674560546875 193.26744079589844 1 262.00369262695312 241.23333740234375 1 0
371.92697143554687 225.28651428222656 1 244.34036254882812 123.54518127441406 1 0
371.92697143554687 225.28651428222656 1 244.34036254882812 123.54518127441406 1 0
330.78302001953125 184.9339599609375 1 134.03390502929687 243.51271057128906 1 0
330.78302001953125 184.9339599609375 1 306.93218994140625 251.13841247558594 1 0
357.00408935546875 263.52459716796875 1 341.48123168945312 176.2056884765625 1 0
357.00408935546875 263.52459716796875 1 341.48123168945312 176.2056884765625 1 0
349.63333129882812 177.63333129882812 1 113.85427093505859 183.46482849121094 1 0
351.57272338867187 181.22727966308594 1 118.79048919677734 179.89964294433594 1 0
351.57272338867187 181.22727966308594 1 118.79048919677734 179.89964294433594 1 0
268.73233032226562 333.2171630859375 1 538.8414306640625 397.1849365234375 1 0
279.28570556640625 326.67141723632812 1 515.3587646484375 376.56341552734375 1 0
281.43392944335937 392.42950439453125 1 164.77777099609375 176.36111450195312 1 0
275.75582885742187 227.22093200683594 1 249.25311279296875 385.87655639648438 1 0
283.69781494140625 254.92308044433594 1 320.3314208984375 369.38174438476562 1 0
255.17391967773437 182.2608642578125 1 124.28798675537109 435.5035400390625 1 0
255.17391967773437 182.2608642578125 1 124.28798675537109 435.5035400390625 1 0
275.05712890625 175.9857177734375 1 108.07552337646484 382.53125 1 0
275.05712890625 175.9857177734375 1 108.07552337646484 382.53125 1 0
285.522216796875 173.85556030273437 1 102.27405548095703 355.56277465820312 1 0
285.522216796875 173.85556030273437 1 102.27405548095703 355.56277465820312 1 0
245.07142639160156 184.05714416503906 1 127.89004516601562 462.36099243164062 1 0
263.82608032226562 180.10868835449219 1 118.17778015136719 411.88888549804687 1 0
279.56060791015625 159.83332824707031 1 61.081081390380859 369.81082153320312 1 0
252.18571472167969 167.67143249511719 1 80.88775634765625 441.41836547851562 1 0
252.18571472167969 167.67143249511719 1 80.88775634765625 441.41836547851562 1 0
244.03060913085937 167.64285278320312 1 80.463638305664063 464.66665649414062 1 0
282.57693481445312 245.29487609863281 1 245.83125305175781 367.02499389648437 1 0
279.56060791015625 159.83332824707031 1 61.081081390380859 369.81082153320312 1 0
38.918605804443359 264.91860961914062 1 401.15957641601562 402.05319213867187 1 0
278.89129638671875 359.52899169921875 1 627.98687744140625 356.88442993164062 1 0
278.89129638671875 359.52899169921875 1 627.98687744140625 356.88442993164062 1 0
246.3837890625 273.94342041015625 1 258.56121826171875 233.8265380859375 1 0
389.50400000000002 150.20319999999981 1 30.933999999999937 44.289999999999793 1 1
293.82063999999997 149.04649599999982 1 33.82191999999992 331.91343999999998 1 1
210.42599999999996 225.00599999999989 1 244.690144 557.77609600000005 1 1
219.40451199999998 376.29769599999992 1 696.8900000000001 521.70600000000013 1 1
272.22999999999996 390.06999999999999 1 745.77800000000013 358.55799999999994 1 1
332.42789199999999 370.65669999999994 1 681.66678400000001 181.14275199999986 1 1
400.80400000000003 265.25199999999984 1 353.04399999999993 35.715999999999788 1 1
364.57999999999998 341.27999999999997 1 576.39999999999998 112.90000000000001 1 1
401.06999999999999 145.97 1 17.5 8.3599999999999994 1 1
309.98000000000002 148.87 1 33.5 295.5 1 1
