1758.76 398.755 1 1870.96 412.818 1 10
1762.36 499.861 1 1865.45 547.936 1 10
1356.29 697.217 1 1037.73 793.876 1 6
1355.81 694.025 1 1038.98 790.342 1 6
1414.92 682.882 1 1128.35 780.909 1 6
1315.84 854.717 1 995.388 978.214 1 8
1373.39 698.587 1 1062.71 797.249 1 6
1714.86 496.598 1 1811.06 540.059 1 10
1736.05 462.45 1 1839.25 496.541 1 10
1772.81 381.654 1 1888.01 391.254 1 10
1402 657.99 1 1115.59 748.788 1 6
1783.62 376.707 1 1900.86 385.756 1 10
1739.48 484.289 1 1840.87 525.865 1 10
1347.13 701.523 1 1023.67 799.723 1 6
1760.92 426.75 1 1870.57 450.117 1 10
1789.9 388.182 1 1907.73 400.696 1 10
498.166 618.642 1 339.656 633.45 1 3
1368.94 789.638 1 1047.98 908.161 1 7
1768.13 485.854 1 1873.73 529.74 1 10
1411.11 934.083 1 1118.62 1085.81 1 8
1554.92 139.376 1 1643.62 80.6992 1 12
1499.26 316.831 1 1587.7 303.834 1 12
1456.58 285.145 1 1543.02 265.796 1 12
506.822 594.712 1 344.898 610.717 1 3
1740.7 510.795 1 1839.11 560.815 1 10
1724.14 468.234 1 1824.55 504.742 1 10
1356.46 847.599 1 1040.29 974.906 1 8
1775.69 474.955 1 1883.21 515.725 1 10
1393.54 689.082 1 1094.99 786.614 1 6
277.95 586.255 1 89.1176 599.541 1 2
1526.01 212.197 1 1613.87 174.169 1 12
1490.75 283.713 1 1579.97 263.538 1 12
1511.89 193.478 1 1598.82 149.942 1 12
1566.21 117.322 1 1655.22 52.7041 1 12
504.634 589.043 1 342.736 604.155 1 3
1506.06 255.216 1 1588.81 227.629 1 12
494.056 630.168 1 336.789 646.069 1 3
1478.47 284.643 1 1567.09 264.037 1 12
1801.9 395.61 1 1921.82 411.515 1 10
1527.8 222.072 1 1617 185.427 1 12
1772.66 379.487 1 1886.48 388.434 1 10
1413.41 711.693 1 1120.7 817.219 1 6
1366.3 790.665 1 1043.02 909.016 1 7
1353.46 679.958 1 1037.38 773.039 1 6
1558.96 129.415 1 1647.04 68.1592 1 12
1383.52 101.742 1 1468.52 43.6157 1 12
1761.91 507.806 1 1863.9 558.62 1 10
1352.05 834.861 1 1033.82 960.71 1 8
1585.45 117.209 1 1675.26 50.3052 1 12
1599.32 387.314 1 1695.54 393.579 1 12
1477.95 281.641 1 1565.7 260.626 1 12
1342.77 932.199 1 1038.01 1072.36 1 8
1569.93 134.21 1 1658.63 73.0911 1 12
1744.59 231.908 1 1858.75 192.719 1 12
1514.05 223.353 1 1602.1 187.991 1 12
1442.64 309.178 1 1530.31 294.567 1 12
1315.01 826.953 1 989.005 945.707 1 8
1369.87 738.656 1 1053.4 847.623 1 6
1772.47 480.837 1 1879.32 523.613 1 10
1529.87 221.643 1 1618.92 185.273 1 12
1744.77 390.661 1 1855.46 401.639 1 10
1786.15 465.617 1 1896.38 503.65 1 10
1410.1 661.734 1 1126.99 753.28 1 6
486.97 632.959 1 332.416 647.555 1 3
1524.12 121.06 1 1609.61 59.6429 1 12
1511.1 314.623 1 1599.73 301.172 1 12
1457.57 196.094 1 1544.98 155.675 1 12
1686.41 473.976 1 1779.88 509.213 1 10
1505.61 255.584 1 1592.13 227.527 1 12
492.668 529.738 1 324.925 545.69 1 3
486.046 504.17 1 316.795 520.04 1 3
501.325 665.604 1 347.575 681.285 1 3
493.306 621.379 1 336.372 637.386 1 3
1523.85 224.878 1 1606.1 191.203 1 12
495.729 505.627 1 325.599 520.76 1 3
1523.87 242.188 1 1613.17 210.952 1 12
1758.81 493.681 1 1863.33 539.339 1 10
496.373 627.899 1 338.796 643.383 1 3
1512.49 223.296 1 1598.27 187.099 1 12
1344.56 949.281 1 1042.95 1093.47 1 8
498.528 630.545 1 341.184 645.637 1 3
493.394 637.003 1 337.736 653.698 1 3
1703.62 392.094 1 1803.87 403.959 1 10
1742.85 239.586 1 1856.88 202.14 1 12
1796.09 390.768 1 1915.24 404.228 1 10
1586.76 118.451 1 1676.57 52.5208 1 12
1349.36 697.972 1 1027.91 795.039 1 6
1527.27 203.39 1 1616.91 162.884 1 12
1753.27 449.927 1 1859.58 480.509 1 10
304.557 581.155 1 115.825 594.65 1 2
1515.97 200.452 1 1602.52 160.121 1 12
1382.86 924.276 1 1083.77 1069.85 1 8
1788.24 441.288 1 1901.91 471.308 1 10
1379.53 135.248 1 1461.69 84.8401 1 12
1450.53 312.416 1 1537.75 298.402 1 12
1527.08 116.176 1 1611.92 53.8138 1 12
1318.65 697.8 1 984.174 792.371 1 6
501.866 596.726 1 342.265 612.915 1 3
354.015 592.146 1 168.46 606.203 1 2
1759.71 485.922 1 1863.09 528.485 1 10
1517.96 229.653 1 1606.45 195.358 1 12
1773.53 504.255 1 1876.29 554.133 1 10
1777.25 147.229 1 1899.79 74.7825 1 12
1570.05 116.122 1 1658.75 50.2038 1 12
1360.6 796.954 1 1039.48 916.317 1 7
1790.21 416.621 1 1905.8 438.563 1 10
573.937 435.306 1 376.572 451.778 1 4
1464.36 274.344 1 1550.96 252.847 1 12
1511.02 241.13 1 1596.8 209.98 1 12
1339.7 700.601 1 1012.03 797.065 1 6
1393.29 690.741 1 1093.91 788.638 1 6
1496.97 202.485 1 1584.19 163.491 1 12
1527.58 188.964 1 1616.47 143.797 1 12
1782.27 213.727 1 1905.18 165.449 1 12
295.712 583.125 1 107.428 596.655 1 2
1473.82 269.721 1 1561.53 245.516 1 12
493.144 628.717 1 335.618 643.508 1 3
1317.66 836.193 1 990.63 958.23 1 8
1597.88 387.736 1 1692.89 393.828 1 12
1361.28 699.844 1 1044.78 798.077 1 6
1643.6 220.617 1 1743.21 180.192 1 12
507.514 618.547 1 347.771 634.6 1 3
522.386 424.204 1 335.402 438.697 1 4
1472.53 821.242 1 1175.38 959.026 1 8
1762.54 485.205 1 1866.69 528.713 1 10
1728.24 468.014 1 1829.19 503.243 1 10
1525.98 87.3543 1 1611.59 17.329 1 12
299.768 581.815 1 110.967 595.016 1 2
1788.83 438.62 1 1902.38 468.48 1 10
1453.99 1023.05 1 1162.82 1202.73 1 9
1761.08 250.096 1 1878.69 215.196 1 12
1007.98 942.168 1 337.384 1075.42 1 1
1386.08 606.018 1 1104.12 683.738 1 6
1734.87 297.021 1 1847.24 279.046 1 12
1777.82 474.587 1 1885.74 515.31 1 10
274.137 590.224 1 85.3181 603.041 1 2
459.577 526.481 1 295.16 541.223 1 3
1757.71 499.314 1 1860.12 546.671 1 10
1718.77 370.686 1 1824.56 376.334 1 10
1456.8 275.957 1 1544.71 255.179 1 12
1410.67 697.478 1 1119.96 798.825 1 6
1713.06 370.967 1 1819.36 376.639 1 10
1343.51 753.307 1 1007.68 862.711 1 6
1470.64 215.194 1 1556.77 178.465 1 12
1330.81 222.455 1 1417.8 191.391 1 12
1412.95 696.126 1 1123.43 797.766 1 6
1500.31 122.399 1 1586.53 62.3237 1 12
1353.04 337.314 1 1439.77 329.079 1 12
1740.99 488.406 1 1842.12 530.46 1 10
1732.93 348.769 1 1844.76 346.479 1 12
1731.29 351.729 1 1843.21 351.368 1 12
1778.52 469.277 1 1887.85 507.709 1 10
1778.3 146.523 1 1902.02 74.5756 1 12
1404.4 614.16 1 1129.55 694.294 1 6
1384.13 605.627 1 1101.75 682.916 1 6
1367.49 781.499 1 1045.09 898.096 1 7
1473.18 215.167 1 1557.3 178.205 1 12
485.855 501.666 1 316.334 517.817 1 3
1487.42 313.02 1 1575.06 299.442 1 12
1520.11 121.526 1 1603.74 59.8 1 12
1550.19 386.223 1 1641.46 390.86 1 12
1719.86 496.971 1 1813.97 540.478 1 10
499.453 622.646 1 340.37 637.961 1 3
1760.08 493.238 1 1861.76 538.065 1 10
1359.84 145.11 1 1445.61 97.4123 1 12
1452.61 298.263 1 1537.7 281.573 1 12
1357.05 700.547 1 1038.38 798.622 1 6
1692.32 467.906 1 1787.71 503.109 1 10
1771.84 502.037 1 1876.08 551.533 1 10
1525.52 119.005 1 1610.54 57.5071 1 12
1778.32 454.466 1 1888.9 488.593 1 10
1763.59 519.473 1 1865.93 574.731 1 10
1400.8 663.154 1 1112.72 755.473 1 6
1392.89 637.228 1 1107.67 723.494 1 6
1315.16 837.426 1 990.421 958.431 1 8
1783.48 461.082 1 1894.48 497.683 1 10
1324.17 225.352 1 1410.87 196.395 1 12
1739.09 253.091 1 1852.21 219.42 1 12
1512.42 256.209 1 1605.74 227.905 1 12
1535.36 177.044 1 1624.16 130.044 1 12
1478.19 279.2 1 1566.94 258.029 1 12
1325.97 698.628 1 994.226 794.073 1 6
1377.69 158.337 1 1467.17 112.34 1 12
1372.32 694.63 1 1061.74 792.236 1 6
1397.64 691.673 1 1100.28 790.038 1 6
1400.68 655.224 1 1114.04 745.275 1 6
1769.06 153.793 1 1890.95 85.7639 1 12
292.879 583.25 1 103.884 596.573 1 2
1497.78 270.222 1 1588.03 245.791 1 12
480.946 584.176 1 319.898 599.48 1 3
1345.68 824.139 1 1024.26 945.811 1 8
1566.47 133.119 1 1654.94 71.9528 1 12
1687.77 474.568 1 1782.2 510.204 1 10
1313.67 855.001 1 992.226 977.895 1 8
1445.35 309.599 1 1532.51 295.361 1 12
1793.69 421.16 1 1909.58 444.317 1 10
1458.43 199.045 1 1544.73 158.719 1 12
1487.16 285.237 1 1573.45 265.32 1 12
469.409 534.525 1 304.162 549.785 1 3
1381.51 101.866 1 1463.64 44.2802 1 12
495.657 620.525 1 337.375 636.113 1 3
1768.81 382.844 1 1883.48 392.63 1 10
1483.49 203.97 1 1568.8 164.675 1 12
1626.57 397.555 1 1726.58 406.772 1 12
1360.6 791.435 1 1034.87 908.991 1 7
1547.32 322.412 1 1638.72 311.23 1 12
1385.34 597.741 1 1105.49 673.265 1 6
1695.21 452.056 1 1791.12 482.549 1 10
1687.28 337.028 1 1793.64 331.175 1 12
1293.82 831.109 1 965.558 947.145 1 8
1338.26 709.27 1 1009.69 807.808 1 6
307.478 582.1 1 118.826 595.543 1 2
1530.44 180.36 1 1617.6 132.311 1 12
350.188 581.719 1 163.7 595.925 1 2
329.586 579.513 1 141.895 593.41 1 2
1329.9 305.44 1 1416.62 291.106 1 12
1669.01 214.904 1 1768.98 172.467 1 12
1320.3 817.014 1 992.871 934.7 1 8
1309.64 302.969 1 1400.96 288.621 1 12
1351.74 925.192 1 1046.4 1066.15 1 8
1696.89 492.113 1 1789.37 534.03 1 10
1637.95 286.615 1 1737.91 265.545 1 12
1387.65 691.991 1 1086.23 789.813 1 6
1319.9 864.713 1 1000.85 990.367 1 8
1403.64 680.712 1 1112.48 778.274 1 6
1397.87 693.493 1 1100.85 792.776 1 6
463.348 504.007 1 296.036 518.978 1 3
471.954 644.196 1 319.102 659.445 1 3
1313.81 864.723 1 992.3 989.267 1 8
1564.95 153.183 1 1655.62 96.7293 1 12
1545.93 228.669 1 1635.46 193.133 1 12
277.027 716.053 1 97.6649 723.578 1 2
1755.47 496.156 1 1858.11 540.953 1 10
1460.52 309.544 1 1545.54 294.965 1 12
1333.66 757.841 1 992.713 866.462 1 6
492.742 518.608 1 324.37 534.902 1 3
320.302 583.018 1 132.343 596.175 1 2
1766.75 492.536 1 1870.96 538.44 1 10
1757.6 433.117 1 1865.51 459.572 1 10
1343.74 706.445 1 1018.14 804.989 1 6
1595.66 117.781 1 1686.28 50.4609 1 12
1315.63 260.077 1 1404.3 237.244 1 12
1686.09 334.026 1 1791.59 326.81 1 12
471.259 629.623 1 317.201 644.436 1 3
1374.18 848.592 1 1056.28 978.51 1 8
1333.95 923.268 1 1025.77 1061.62 1 8
497.978 616.261 1 338.811 632.567 1 3
498.255 632.904 1 340.971 647.592 1 3
1350.98 249.74 1 1434.3 224.866 1 12
498.542 628.344 1 340.633 643.978 1 3
1331.71 924.561 1 1023.61 1062.24 1 8
1702.77 466.503 1 1798.67 501.235 1 10
1473.63 311.727 1 1560.54 297.636 1 12
1474.08 261.849 1 1560.39 236.915 1 12
485.384 575.951 1 323.039 591.656 1 3
1500.49 310.723 1 1589.56 298.128 1 12
1455.18 864.284 1 1159.5 1009.56 1 8
1792.56 389.343 1 1910.08 401.377 1 10
1352.52 938.265 1 1049.96 1081.41 1 8
1325.76 682.826 1 997 774.964 1 6
1359.93 836.766 1 1043.53 962.827 1 8
1403.46 612.495 1 1128.44 692.503 1 6
1690.54 338.244 1 1796.47 332.184 1 12
494.376 504.045 1 324.253 518.975 1 3
1706.66 381.911 1 1810.02 390.027 1 10
1629.22 286.754 1 1727.65 265.698 1 12
1551.8 138.259 1 1640.96 77.8627 1 12
1770.5 480.431 1 1877.38 522.92 1 10
1390.04 598.121 1 1112.57 673.633 1 6
1716.69 341.192 1 1826.79 336.786 1 12
1594.07 127.502 1 1687.79 61.3447 1 12
1339.33 842.129 1 1016.88 965.635 1 8
1376.76 930.823 1 1076.86 1076.35 1 8
535.894 428.762 1 346.618 444.437 1 4
1643.92 255.713 1 1739.23 225.646 1 12
519.798 421.201 1 335.624 436.657 1 4
1770.78 516.582 1 1875.5 569.874 1 10
507.877 572.539 1 343.408 588.066 1 3
1348.59 682.181 1 1029.63 775.628 1 6
1806.1 376.292 1 1927.83 384.258 1 10
1767.15 486.864 1 1872.04 531.102 1 10
1802.9 380.443 1 1925.1 390.819 1 10
1375.01 773.219 1 1052.45 889.408 1 7
489.449 651.586 1 335.515 666.501 1 3
1326.7 834.818 1 1003.49 957.019 1 8
472.467 526.261 1 306.198 540.089 1 3
1781.88 483.055 1 1890.82 527.059 1 10
506.605 610.167 1 345.976 625.881 1 3
1340.94 933.153 1 1039.14 1072.02 1 8
1344.55 755.387 1 1010.37 863.964 1 6
476.484 630.613 1 321.317 644.62 1 3
1398.2 719.799 1 1092.81 826.206 1 6
1010.59 951.152 1 328.119 1087.5 1 1
1352.47 751.735 1 1021.75 861.77 1 6
1321.2 695.324 1 988.091 790.063 1 6
1783.84 473.607 1 1892.27 514.48 1 10
342.044 579.283 1 155.301 592.863 1 2
1303.44 836.83 1 978.183 955.837 1 8
341.509 576.933 1 154.78 591.286 1 2
1774.17 503.32 1 1878.98 553.184 1 10
1374.07 1035.78 1 1078.09 1201.28 1 11
476.525 658.584 1 324.221 672.644 1 3
1718.3 389.698 1 1823.05 401.27 1 10
336.471 578.309 1 149.152 591.113 1 2
1751.14 453.119 1 1855.18 484.43 1 10
1346.07 707.417 1 1020.17 806.26 1 6
1711.32 392.865 1 1814.24 405.639 1 10
1318.45 683.982 1 985.65 775.987 1 6
471.697 523.046 1 305.714 538.167 1 3
491.236 630.032 1 334.372 645.42 1 3
1417.86 611.737 1 1150.91 692.475 1 6
520.307 423.235 1 332.56 438.029 1 4
1317.77 811.68 1 987.697 929.188 1 8
1419.44 933.037 1 1128.49 1086.38 1 8
276.813 676.837 1 94.9026 686.242 1 2
1330.27 832.268 1 1006.49 955.443 1 8
1373.92 775.392 1 1050.97 891.661 1 7
1400.13 654.823 1 1111.92 744.779 1 6
1368.35 781.339 1 1048.61 898.228 1 7
1765.89 520.347 1 1866.27 574.755 1 10
1406.02 848 1 1098.4 981.711 1 8
1766.82 382.697 1 1879.89 392.467 1 10
594.961 452.383 1 410.76 468.605 1 5
1411.58 693.037 1 1120.96 792.756 1 6
1342.04 677.25 1 1021.64 768.851 1 6
1404.62 843.65 1 1100.11 978.494 1 8
1782.54 480.017 1 1891.16 523.891 1 10
1795.91 409.5 1 1913.53 428.818 1 10
1358.4 797.061 1 1033.72 916.356 1 7
1362.85 763.808 1 1036.05 877.501 1 6
1372.5 789.625 1 1049.31 908.4 1 7
1270.19 841.029 1 939.918 956.071 1 8
1342.11 754.174 1 1005.62 863.046 1 6
1341.79 837.13 1 1024.23 960.872 1 8
1400.51 703.311 1 1102.75 805.185 1 6
1783.45 455.126 1 1895.12 489.825 1 10
574.458 423.876 1 374.869 440.3 1 4
1370.81 758.392 1 1050.04 870.155 1 6
1317.96 690.361 1 985.381 782.688 1 6
1397.18 677.161 1 1103.62 772.839 1 6
1340.89 683.578 1 1019.77 776.293 1 6
1387.49 768.491 1 1070.61 884.461 1 7
485.425 640.953 1 330.398 656.52 1 3
1785.92 375.682 1 1903.49 382.934 1 10
1357.22 843.781 1 1040.54 970.506 1 8
1778.27 492.57 1 1884.24 538.77 1 10
1411.25 701.763 1 1118.03 803.482 1 6
1333.3 937.036 1 1028.43 1076.94 1 8
1385.45 615.076 1 1100.25 694.44 1 6
1350.85 1004.8 1 1056.54 1158.53 1 11
1318.77 682.38 1 985.078 774.06 1 6
475.042 663.821 1 324.203 678.731 1 3
1395.15 615.542 1 1115.42 695.509 1 6
1474.98 981.915 1 1202.55 1154.89 1 8
1771.84 437.195 1 1881.99 465.649 1 10
1683.04 479.088 1 1776.08 515.924 1 10
1775.67 388.946 1 1890.72 400.457 1 10
1273.96 810.091 1 939.767 920.893 1 8
1747.92 515.673 1 1847.05 568.891 1 10
1395.05 678.413 1 1099.85 773.808 1 6
1733.71 516.767 1 1829.8 568.527 1 10
468.088 625.857 1 313.605 639.734 1 3
1323.14 706.158 1 988.947 803.068 1 6
1362.74 1047.68 1 1072.29 1211.02 1 11
1384.98 621.751 1 1097.83 702.945 1 6
1772.61 512.396 1 1875.47 565.246 1 10
1784 389.784 1 1899.83 401.879 1 10
1455.48 815.741 1 1153.28 949.983 1 8
1361.98 789.931 1 1037.04 908.065 1 7
1357.99 710.297 1 1038.02 810.69 1 6
1269.73 859.287 1 943.333 977 1 8
493.565 634.681 1 337.007 649.558 1 3
1347.97 717.526 1 1022.64 818.905 1 6
494.758 623.489 1 336.524 638.612 1 3
1356.16 858.629 1 1041.3 987.962 1 8
1349.23 702.1 1 1026.79 799.64 1 6
1479.31 821.681 1 1183.58 960.437 1 8
1789.08 383.369 1 1907.81 393.61 1 10
1374.09 951.046 1 1077.65 1099.87 1 8
1301.47 848.205 1 976.367 967.882 1 8
1785.81 454.911 1 1898.01 489.396 1 10
1770.78 517.422 1 1872.73 572.142 1 10
1401.86 675.133 1 1111 770.679 1 6
1709.03 397.953 1 1810.5 412.282 1 10
1353.1 832.908 1 1034.47 958.286 1 8
1390.08 1034 1 1085.15 1201.54 1 11
1762.33 519.765 1 1868.88 573.923 1 10
344.562 576.438 1 157.37 590.63 1 2
1405.25 613.591 1 1132.84 692.931 1 6
1495.1 812.873 1 1202.4 951.933 1 8
486.949 650.354 1 332.994 665.965 1 3
1382.21 696.537 1 1075.92 795.786 1 6
281.702 589.059 1 93.4501 601.922 1 2
1349.14 859.092 1 1033.77 988.295 1 8
1413.28 845.722 1 1107.6 980.943 1 8
1671.08 513.955 1 1759.72 561.003 1 10
1312.65 983.375 1 1012.09 1127.95 1 8
1305.5 843.925 1 984.616 964.668 1 8
1417.09 705.944 1 1128.09 809.95 1 6
269.482 712.544 1 89.4908 720.287 1 2
1779.67 449.358 1 1890.63 481.36 1 10
1416.89 629.431 1 1144.43 713.978 1 6
1332.83 756.212 1 991.844 864.325 1 6
1380.11 772.209 1 1061.2 888.883 1 7
501.914 663.399 1 347.704 678.46 1 3
1334.05 781.934 1 992.518 896.63 1 7
1344.3 1003.23 1 1051.11 1155.53 1 11
1322.45 854.697 1 1001.64 979.005 1 8
1404.41 859.51 1 1101.52 996.302 1 8
1366.83 774.052 1 1042.97 889.988 1 7
1756.96 486.561 1 1860.43 530.249 1 10
1791.14 433.489 1 1905.86 461.566 1 10
349.843 567.737 1 162.189 582.458 1 2
507.649 663.748 1 353.922 679.877 1 3
1300.74 854.8 1 977.355 976.445 1 8
539.847 425.333 1 349.476 441.097 1 4
1334.01 855.071 1 1015.17 981.604 1 8
1473.38 830.643 1 1177.85 970.682 1 8
1415.71 696.919 1 1123.43 797.766 1 6
444.047 422.953 1 278.025 436.525 1 4
1354.25 798.631 1 1036.56 916.795 1 7
494.514 501.761 1 324.09 517.223 1 3
1800.97 404.704 1 1919.82 423.41 1 10
311.147 582.676 1 122.849 596.278 1 2
1705.12 367.237 1 1809.2 370.42 1 10
1344.15 698.953 1 1025.8 795.424 1 6
1727.69 467.36 1 1826.46 502.607 1 10
1450.94 842.153 1 1152.35 981.068 1 8
1760.03 423.209 1 1869.15 447.38 1 10
1306.85 848.347 1 983.978 969.979 1 8
1448.68 858.532 1 1151.1 1000.51 1 8
1751.18 455.986 1 1856.26 489.914 1 10
1429.76 764.382 1 1137.07 882.341 1 7
1743.92 376.196 1 1856.34 383.177 1 10
352.048 578.06 1 165.415 592.415 1 2
1361.06 681.185 1 1054.34 774.697 1 6
1767 520.141 1 1870.22 574.314 1 10
1699.8 482.945 1 1797.16 521.228 1 10
1760.36 418.322 1 1869.85 439.948 1 10
1005.29 960.832 1 307.453 1098.61 1 1
1349.75 681.916 1 1031.85 775.055 1 6
522.097 427.171 1 336.024 442.102 1 4
1789.21 377.61 1 1906.55 386.599 1 10
1273.96 811.949 1 939.488 922.878 1 8
1358.16 858.706 1 1043.69 988.833 1 8
1421.66 831.158 1 1116.33 964.755 1 8
1406.38 630.879 1 1129.5 714.786 1 6
1362.62 858.574 1 1050.16 989.015 1 8
295.981 580.714 1 107.963 594.135 1 2
1391.86 651.694 1 1102.52 740.406 1 6
1783.97 470.67 1 1893.53 511.788 1 10
1768.17 388.227 1 1881.9 399.102 1 10
1384.1 889.232 1 1079.55 1028.34 1 8
493.712 520.408 1 324.37 534.902 1 3
1407.55 696.474 1 1115.31 798.33 1 6
1413.94 1026.31 1 1104.3 1200.75 1 11
1422.31 697.367 1 1133.1 800.138 1 6
506.456 621.876 1 347.388 638.019 1 3
1327.06 708.594 1 994.76 806.938 1 6
1301.93 836.798 1 975.876 955.941 1 8
1450.87 848.455 1 1153.23 989.382 1 8
1345.46 753.45 1 1010.09 863.121 1 6
1455.2 859.035 1 1160.09 1002.5 1 8
1380 780.375 1 1062.33 898.647 1 7
1330.38 676.708 1 1004.05 768.156 1 6
1339.99 710.891 1 1011.29 809.864 1 6
1393.61 720.783 1 1086.59 825.654 1 6
1343.76 711.183 1 1016.27 810.501 1 6
1000.04 949.554 1 317.696 1084.43 1 1
503.036 423.746 1 321.848 439.303 1 4
1371.65 782.764 1 1052.1 899.931 1 7
1350.67 711.35 1 1026.8 811.141 1 6
1402.31 695.815 1 1107.29 796.326 1 6
1050.29 939.097 1 385.569 1077.6 1 1
1328.28 806.691 1 995.338 925.466 1 8
1299.34 839.931 1 974.452 959.451 1 8
1478.09 830.838 1 1183.84 971.628 1 8
1413.42 617.436 1 1142.8 698.692 1 6
1334.07 789.071 1 993.822 904.547 1 7
1358.9 753.902 1 1030.31 864.537 1 6
1413.35 623.559 1 1140.42 706.32 1 6
1449.79 1035 1 1156.47 1216.6 1 9
1295.24 838.989 1 968.005 956.418 1 8
1378.17 772.203 1 1055.97 889.066 1 7
540.171 415.186 1 347.755 430.453 1 4
1373.87 795.191 1 1055.46 915.056 1 7
1311.73 838.789 1 990.421 958.431 1 8
518.389 424.018 1 332.56 438.029 1 4
1356.79 936.537 1 1055.13 1079.7 1 8
319.925 572.374 1 131.758 585.742 1 2
1418.27 659.892 1 1136.56 752.815 1 6
1268.73 806.749 1 934.592 916.149 1 8
592.037 411.798 1 401.974 426.995 1 5
333.2 578.8 1 145.543 592.826 1 2
1329.65 812.596 1 1002.9 930.295 1 8
1378.41 1015.15 1 1076.37 1177.83 1 11
1399.56 662.274 1 1113.96 753.444 1 6
1413.35 623.559 1 1142.5 706.333 1 6
1314 1085.7 1 1034.95 1242.58 1 11
1483.28 858.544 1 1194.63 1006.23 1 8
1378.23 899.863 1 1074.22 1040.13 1 8
1357.35 841.334 1 1040.39 967.928 1 8
1404.12 676.878 1 1115.54 772.679 1 6
504.422 622.3 1 347.388 638.019 1 3
1345.93 1052.86 1 1056.58 1213.74 1 11
1368.42 788.709 1 1045.62 908.169 1 7
1350.65 924.231 1 1044.52 1064.55 1 8
514.362 599.525 1 352.683 616.265 1 3
468.933 418.401 1 295.985 432.25 1 4
1360.66 762.262 1 1033.38 875.841 1 6
1410.1 697.3 1 1118.83 796.785 1 6
1385.11 595.85 1 1103.98 671.306 1 6
1364.52 710.581 1 1049.19 811.269 1 6
1347.06 762.507 1 1010.68 873.27 1 6
322.726 587.765 1 135.003 601.373 1 2
447.276 424.895 1 281.209 439.084 1 4
1305.58 817.066 1 976.411 932.928 1 8
349.968 641.435 1 164.62 654.935 1 2
336.752 588.457 1 151.008 601.774 1 2
1407.37 837.206 1 1096.34 969.184 1 8
1297.79 842.055 1 972.499 961.754 1 8
1325.21 810.396 1 994.733 927.774 1 8
1491 822 1 1198.07 962.095 1 8
1375.4 932.37 1 1076.19 1078.46 1 8
1015.71 955.552 1 321.991 1095.79 1 1
574.254 440.67 1 377.871 456.413 1 4
574.247 413.699 1 373.123 429.198 1 4
1450.85 924.629 1 1170.54 1079.91 1 8
1383.56 927.868 1 1084.36 1075.58 1 8
349.092 586.935 1 162.166 601.521 1 2
1038.02 942.583 1 367.517 1079.37 1 1
1270.38 829.386 1 938.415 942.637 1 8
1358.76 837.195 1 1041.23 962.846 1 8
1322.5 819.586 1 996.789 938.167 1 8
1495.81 821.905 1 1203.13 962.974 1 8
1411.11 1042.19 1 1102.65 1218.64 1 11
1494.18 831.017 1 1204.38 973.905 1 8
450.798 416.008 1 281.319 430.406 1 4
506.824 432.706 1 327.318 448.045 1 4
1011.15 962.74 1 311.676 1103.73 1 1
1371.62 794.813 1 1037.81 916.258 1 7
516.204 424.499 1 332.56 438.029 1 4
1386.86 952.429 1 1091.25 1103.72 1 8
1505.44 811.981 1 1215.16 952.966 1 8
573.92 410.109 1 372.009 425.524 1 4
345.988 590.384 1 162.22 603.841 1 2
1490.03 830.943 1 1200.82 973.409 1 8
1425.41 841.673 1 1107.96 980.308 1 8
1367.71 944.396 1 1067.85 1091.88 1 8
1363.42 795.902 1 1035.96 915.716 1 7
1365.62 944.358 1 1067.85 1091.88 1 8
1444.86 1047.13 1 1152.38 1227.52 1 9
1273.83 814.959 1 941.269 925.571 1 8
333.935 577.387 1 148.895 590.203 1 2
1028.33 936.153 1 370.556 1070.56 1 1
1004.05 952.948 1 315.601 1088.95 1 1
1279.87 808.074 1 947.095 919.783 1 8
1371.24 789.344 1 1051.39 908.508 1 7
1294.3 1015.53 1 1018.25 1158.02 1 11
1357.38 797.277 1 1030.55 916.34 1 7
1375.59 778.985 1 1054.06 897.203 1 7
1374.49 768.734 1 1052.12 884.059 1 7
1372.53 780.002 1 1048.74 898.372 1 7
1030.62 946.889 1 355.176 1085.07 1 1
1421.55 1046.96 1 1111.46 1226.8 1 11
1370.82 782.524 1 1049.51 900.509 1 7
1371.55 773.656 1 1049.7 888.934 1 7
282.148 586.593 1 93.1333 599.733 1 2
489.408 666.437 1 337.305 682.019 1 3
528.182 423.408 1 336.285 437.615 1 4
334.124 579.058 1 148.201 592.744 1 2
597.248 417.304 1 412.81 432.17 1 5
1473 1028.54 1 1208.43 1210.1 1 9
1372.22 774.05 1 1047.87 890.175 1 7
501.569 625.042 1 345.085 641.548 1 3
1352.09 1055.36 1 1061.96 1219.34 1 11
481.781 664.507 1 329.982 680.151 1 3
318.366 577.249 1 130.377 591.339 1 2
339.73 582.795 1 150.183 596.574 1 2
1010.37 951.772 1 325.459 1088.7 1 1
1453.73 1022.11 1 1160.14 1199.46 1 9
1319.49 1032.52 1 1037.87 1184.81 1 11
286.32 585.197 1 98.9192 598.492 1 2
372.644 689.95 1 195.715 701.713 1 2
487.075 628.694 1 333.225 643.628 1 3
496.958 621.828 1 339.697 638.881 1 3
1338.1 780.408 1 998.166 894.783 1 7
340.656 589.332 1 155.698 602.309 1 2
1450.02 1038.48 1 1156.03 1219.41 1 9
334.221 606.908 1 168.425 618.188 1 2
988.76 972.39 1 274.22 1113.71 1 1
271.874 622.244 1 83.3825 632.109 1 2
1383.51 1180.82 1 1095.58 1373.07 1 11
1360.36 796.586 1 1033.91 916.202 1 7
343.934 589.386 1 155.698 602.309 1 2
271.376 624.548 1 85.7178 636.313 1 2
285.429 587.224 1 98.8511 599.872 1 2
1448.99 1044.5 1 1156.97 1227.44 1 9
310.116 574.379 1 122.911 588.536 1 2
1026 932.922 1 370.915 1066.21 1 1
335.536 579.385 1 154.727 591.905 1 2
1341.35 1002.17 1 1050.99 1153.32 1 11
339 579.543 1 150.719 593.127 1 2
1217.08 1425.05 1 153.09 1305.94 1 0
459.635 439.632 1 1831.56 825.723 1 0
993.685 1184.17 1 1018.34 575.902 1 0
21.6623 1057.66 1 209.227 932.138 1 0
762.614 1172.34 1 1104.57 538.504 1 0
270.62 1110.05 1 1894.41 915.742 1 0
270.62 1263.67 1 1721.34 893.384 1 0
1411.66 923.375 1 440.782 107.607 1 0
737.779 988.281 1 1598.74 1204.18 1 0
296.724 942.661 1 806.786 385.477 1 0
1145.24 457.383 1 1095.14 343.832 1 0
572.814 1176.4 1 1782.56 1178.66 1 0
462.414 1288.1 1 464.288 379.334 1 0
1048.85 641.666 1 197.443 393.02 1 0
1854.64 128.564 1 103.238 96.9021 1 0
1883.41 1249.03 1 1067.77 1256.3 1 0
1050.67 1423.11 1 799.414 366.822 1 0
872.288 1327.53 1 24.2003 1402.65 1 0
450.208 576.851 1 18.4597 628.522 1 0
1615.9 989.861 1 1379.15 1197.99 1 0
1451.24 1161.05 1 71.5143 1295.64 1 0
1886.85 96.9924 1 554.444 224.861 1 0
737.718 1037.92 1 442.897 240.76 1 0
1797.24 663.753 1 168.62 1167.5 1 0
427.065 685.795 1 17.4325 1120.94 1 0
86.3793 383.083 1 384.766 376.579 1 0
397.395 1163.89 1 1288.2 982.002 1 0
308.508 951.785 1 1137.68 634.62 1 0
515.469 597.492 1 703.517 64.2009 1 0
1179.68 114.969 1 401.383 240.715 1 0
883.769 1023.01 1 795.123 1246.86 1 0
785.576 1471.44 1 376.911 1335.66 1 0
108.254 432.631 1 525.198 613.301 1 0
789.262 598.17 1 1799.66 466.733 1 0
1485.8 1099.84 1 1474.08 216.189 1 0
738.322 776.129 1 226.569 1353.01 1 0
1371.53 143.831 1 167.532 122.151 1 0
292.495 594.376 1 144.328 1010.1 1 0
1306.7 815.109 1 204.634 817.141 1 0
1451.18 795.822 1 1356.25 1035.34 1 0
345.73 100.019 1 624.902 1171.03 1 0
880.929 761.631 1 1209.77 1132.64 1 0
1244.15 1485.98 1 115.867 843.022 1 0
62.8733 916.6 1 784.549 37.5521 1 0
805.759 1086.38 1 1220.95 1206.39 1 0
1580.49 694.06 1 1179.44 882.363 1 0
30.2429 405.621 1 686.295 353.498 1 0
1446.64 940.81 1 1780.02 280.869 1 0
400.779 1344.29 1 1588.89 1421.03 1 0
1231.52 402.188 1 506.284 1093.66 1 0
171.339 1203.68 1 1703.58 194.464 1 0
389.902 1087.11 1 1980.15 32.7192 1 0
554.444 1011.41 1 1671.07 833.853 1 0
468.699 312.802 1 1932.66 426.985 1 0
28.3093 525.902 1 1284.88 517.998 1 0
1394.56 510.229 1 1311.89 1306.85 1 0
524.775 641.666 1 1719.41 730.149 1 0
1721.16 1268.82 1 590.156 1289.28 1 0
1736.39 1354.32 1 1816.82 782.498 1 0
856.879 261.357 1 11.6919 983.041 1 0
1364.1 1205.26 1 315.094 221.429 1 0
1036.68 940.35 1 373.521 1077.94 1 1
1006.47 942.28 1 334.706 1076.59 1 1
1053.81 916.205 1 428.23 1047.81 1 1
981.538 919.303 1 350.539 1042.1 1 1