171.48765563964844 160.37161254882813 1 173.90908813476562 159.82086181640625 1 0
211.09336853027344 171.94813537597656 1 218.14118957519531 172.576416015625 1 0
209.84722900390625 167.05555725097656 1 216.48809814453125 167 1 0
177.53463745117187 430.93722534179687 1 182.14035034179687 444.028076171875 1 0
177.53463745117187 430.93722534179687 1 182.14035034179687 444.028076171875 1 0
177.53463745117187 430.93722534179687 1 182.14035034179687 444.028076171875 1 0
266.10147094726562 367.7393798828125 1 275.371337890625 374.673828125 1 0
272.67855834960937 294.11428833007812 1 281.03378295898437 296.6553955078125 1 0
272.67855834960937 294.11428833007812 1 281.03378295898437 296.6553955078125 1 0
271.09799194335937 335.74041748046875 1 279.04425048828125 340.07815551757813 1 0
367.35540771484375 376.69277954101562 1 397.90145874023437 422.20803833007812 1 0
367.11404418945312 376.64035034179687 1 380.39230346679687 385.16152954101562 1 0
260.78823852539062 309.70587158203125 1 269.11212158203125 312.77877807617187 1 0
442.5 332.95834350585937 1 466.74468994140625 345.41488647460937 1 0
208.32781982421875 131.37417602539062 1 215.04347229003906 129.56521606445312 1 0
256.5 349.5 1 268.5 355.5 1 0
340.82431030273437 324.58108520507812 1 351.27777099609375 328.75 1 0
157.80952453613281 193.95237731933594 1 162.39999389648437 194.37142944335937 1 0
160.49465942382812 227.83689880371094 1 164.90969848632812 229.5 1 0
185.85185241699219 81.933334350585937 1 191.99366760253906 78.098098754882813 1 0
179.58332824707031 80.611114501953125 1 185.29069519042969 76.52325439453125 1 0
196.09854125976562 436.13504028320312 1 201.68182373046875 449.77877807617187 1 0
351.47015380859375 346.5596923828125 1 363.06060791015625 352.59091186523437 1 0
351.47674560546875 347.05813598632812 1 363.01162719726562 352.91860961914062 1 0
351.47674560546875 347.05813598632812 1 363.01162719726562 352.91860961914062 1 0
337.97369384765625 100.94736480712891 1 349.30435180664062 97.695655822753906 1 0
348.53488159179687 193.593017578125 1 359.60919189453125 194.27011108398437 1 0
348.53488159179687 193.593017578125 1 359.60919189453125 194.27011108398437 1 0
348.53488159179687 193.593017578125 1 359.60919189453125 194.27011108398437 1 0
178.16055297851562 196.80274963378906 1 183.76190185546875 197.015869140625 1 0
178.33544921875 197.03164672851562 1 183.84782409667969 197.05435180664062 1 0
178.33544921875 197.03164672851562 1 183.84782409667969 197.05435180664062 1 0
226.45146179199219 151.2281494140625 1 233.12399291992187 154.5 1 0
325.39419555664062 142.22428894042969 1 335.32717895507812 140.549560546875 1 0
296.64166259765625 191.46665954589844 1 305.09829711914062 191.57691955566406 1 0
436.38284301757812 211.56272888183594 1 459.59393310546875 213.71319580078125 1 0
436.38284301757812 211.56272888183594 1 459.59393310546875 213.71319580078125 1 0
332.17919921875 189.32376098632812 1 342.36563110351562 188.84205627441406 1 0
330.41983032226562 191.85443115234375 1 340.47048950195312 189.404052734375 1 0
330.41983032226562 191.85443115234375 1 340.47048950195312 189.404052734375 1 0
330.41983032226562 191.85443115234375 1 340.47048950195312 189.404052734375 1 0
304.59222412109375 250.51942443847656 1 313.06423950195313 251.47445678710937 1 0
253.21232604980469 310.96575927734375 1 266.868408203125 283.05264282226562 1 0
374.72479248046875 198.70748901367187 1 388.53466796875 199.28465270996094 1 0
374.72479248046875 198.70748901367187 1 388.53466796875 199.28465270996094 1 0
373.62789916992187 212.51162719726562 1 370.9310302734375 208.4310302734375 1 0
382.87606811523437 410.60256958007813 1 397.90145874023437 422.20803833007812 1 0
382.87606811523437 410.60256958007813 1 397.68267822265625 422.19232177734375 1 0
382.547607421875 410.44049072265625 1 397.68267822265625 422.19232177734375 1 0
382.547607421875 410.44049072265625 1 397.68267822265625 422.19232177734375 1 0
258.93588256835937 281.0128173828125 1 266.868408203125 283.05264282226562 1 0
146.89192199707031 102.82066345214844 1 149.99427795410156 98.362701416015625 1 0
146.89192199707031 102.82066345214844 1 149.99427795410156 98.362701416015625 1 0
146.49137878417969 99.129310607910156 1 149.99427795410156 98.362701416015625 1 0
146.72857666015625 94.192855834960938 1 149.86363220214844 88.892044067382813 1 0
359.0333251953125 208.05555725097656 1 370.9310302734375 208.4310302734375 1 0
359.63525390625 195.12802124023437 1 371.76556396484375 195.65766906738281 1 0
359.63525390625 195.12802124023437 1 371.76556396484375 195.65766906738281 1 0
359.63525390625 195.12802124023437 1 371.76556396484375 195.65766906738281 1 0
359.83334350585937 185.8157958984375 1 371.8934326171875 186.17213439941406 1 0
348.52325439453125 194.04884338378906 1 359.86911010742187 193.91201782226562 1 0
348.52325439453125 194.04884338378906 1 359.86911010742187 193.91201782226562 1 0
208.71568298339844 148.79411315917969 1 215.3125 147.95832824707031 1 0
208.71568298339844 148.79411315917969 1 215.3125 147.95832824707031 1 0
202.92857360839844 138.37754821777344 1 209.29167175292969 137.3125 1 0
203.15789794921875 106.65789794921875 1 209.98077392578125 105.15384674072266 1 0
165.73214721679687 427.58929443359375 1 169.83332824707031 440.01513671875 1 0
271.16574096679687 360.51657104492188 1 280.45968627929687 367.40859985351562 1 0
270.5782470703125 334.69827270507812 1 279.36392211914062 339.91140747070312 1 0
225.94999694824219 178.82499694824219 1 232.97727966308594 179.02272033691406 1 0
225.94999694824219 178.82499694824219 1 232.97727966308594 179.02272033691406 1 0
383.131591796875 93.631576538085938 1 400.32608032226562 87.717391967773438 1 0
383.131591796875 93.631576538085938 1 400.32608032226562 87.717391967773438 1 0
273.61111450195312 281.76190185546875 1 281.8453369140625 283.73739624023437 1 0
235.23170471191406 251.54878234863281 1 242.7391357421875 253.15217590332031 1 0
418.3780517578125 43.134147644042969 1 439.92221069335937 32.544445037841797 1 0
418.3780517578125 43.134147644042969 1 439.20175170898437 45.078948974609375 1 0
148.45121765136719 50.134147644042969 1 151.85417175292969 43.270832061767578 1 0
309.23974609375 112.34503173828125 1 318.82440185546875 110.30548858642578 1 0
307.6591796875 111.57455444335937 1 317.33224487304687 109.43729400634766 1 0
305.42556762695312 110.91732788085937 1 317.33224487304687 109.43729400634766 1 0
240.11289978027344 135.8709716796875 1 247.88235473632812 135.16175842285156 1 0
240.11289978027344 135.8709716796875 1 247.88235473632812 135.16175842285156 1 0
242.42233276367188 135.92718505859375 1 250.5 135.02845764160156 1 0
242.42233276367188 135.92718505859375 1 250.5 135.02845764160156 1 0
243.53053283691406 135.95037841796875 1 250.5 135.02845764160156 1 0
243.53053283691406 135.95037841796875 1 250.5 135.02845764160156 1 0
244.92529296875 135.74137878417969 1 250.5 135.02845764160156 1 0
244.92529296875 135.74137878417969 1 251.92857360839844 134.91615295410156 1 0
248.38618469238281 135.76422119140625 1 250.5 135.02845764160156 1 0
248.38618469238281 135.76422119140625 1 255.05410766601562 134.967529296875 1 0
199.76060485839844 190.0697021484375 1 206.13485717773437 193.69087219238281 1 0
203.19767761230469 436.406982421875 1 208.68812561035156 450.27227783203125 1 0
227.22296729192192 453.31954189838825 1 234.14551230087659 469.37691205580177 1 1
294.58458101611836 324.53240644735604 1 303.75241662739171 328.57493335846942 1 1
255.41555746311752 288.45759134715257 1 263.28415988330102 290.60143320481706 1 1
466.07490055613096 307.47313978697315 1 495.04399472146298 318.86657554906213 1 1
428.47799443776876 160.19688590837598 1 450.45676653363557 158.67661662244996 1 1
349.76321048166619 175.27106230558985 1 361.23965500989732 175.07994909982094 1 1
23.433550758790467 179.59427467244811 1 20.430756904515043 179.1946743331134 1 1
133.4725674943833 267.49247794395126 1 136.12509417549558 271.47407503744017 1 1
105.51973299229174 415.49654760442792 1 106.50660230780426 426.47648421975481 1 1
177.57986426618919 193.52912998397602 1 183.40929965123948 193.60489961353542 1 1
149.51131869167705 134.97899330756931 1 152.96969554152128 132.12773871241365 1 1
234.50891695730041 101.38071260250764 1 242.24803657272128 98.820471297953958 1 1
258.48735036289941 200.48014893015375 1 266.43592233009707 200.49414459421246 1 1
