137.28572082519531 279.36904907226562 1 462.90594482421875 282.81683349609375 1 0
517.91937255859375 263.3709716796875 1 1107.4404296875 273.797607421875 1 0
517.94000244140625 263.82000732421875 1 1107.8143310546875 274.778564453125 1 0
1109.0882568359375 649.46075439453125 1 1320.1207275390625 684.4827880859375 1 0
380.59445190429687 231.83332824707031 1 744.26416015625 236.87736511230469 1 0
380.59445190429687 231.83332824707031 1 744.26416015625 236.87736511230469 1 0
748.09722900390625 380.91665649414063 1 830.154541015625 394.5181884765625 1 0
223.72857666015625 43.442855834960938 1 560.25531005859375 42.687942504882812 1 0
1020.7188110351562 346.3118896484375 1 1147.6766357421875 363.43197631835937 1 0
622.04168701171875 458.9375 1 703.24578857421875 474.00848388671875 1 0
926.27667236328125 264.28640747070312 1 1053.642822265625 273.2012939453125 1 0
106.51492309570312 278.3358154296875 1 430.01513671875 281.92425537109375 1 0
106.51492309570312 278.3358154296875 1 430.01513671875 281.92425537109375 1 0
106.34111785888672 278.91122436523437 1 430.01513671875 281.92425537109375 1 0
106.34111785888672 278.91122436523437 1 430.11334228515625 282.60000610351562 1 0
106.34931182861328 279.51370239257812 1 430.11334228515625 282.60000610351562 1 0
863.42156982421875 398.73529052734375 1 944.0999755859375 415.1363525390625 1 0
863.42156982421875 398.73529052734375 1 944.0999755859375 415.1363525390625 1 0
397.14999389648437 211.88333129882812 1 764.51318359375 216.9342041015625 1 0
226.33332824707031 106.90000152587891 1 562.3214111328125 107.39286041259766 1 0
273.11334228515625 91.566665649414063 1 561.1973876953125 21.5 1 0
273.11334228515625 91.566665649414063 1 561.1973876953125 21.5 1 0
223.53390502929687 23.144067764282227 1 561.1973876953125 21.5 1 0
223.53390502929687 23.144067764282227 1 561.1973876953125 21.5 1 0
269.734375 97.46875 1 768.1595458984375 80.478721618652344 1 0
406.12069702148437 35.051723480224609 1 779.15216064453125 35.369564056396484 1 0
567.772705078125 828.227294921875 1 603.29034423828125 860.51611328125 1 0
1016.4747924804687 373.16387939453125 1 1136.4521484375 390.02572631835937 1 0
294.14999389648437 214.55000305175781 1 639.54443359375 217.9888916015625 1 0
484.978271484375 813.66302490234375 1 526.48291015625 842.73931884765625 1 0
484.978271484375 813.66302490234375 1 526.48291015625 842.73931884765625 1 0
484.978271484375 813.66302490234375 1 526.48291015625 842.73931884765625 1 0
311.81448364257812 215.427490234375 1 661.85406494140625 219.57669067382812 1 0
309.87432861328125 215.0274658203125 1 661.85406494140625 219.57669067382812 1 0
990.9705810546875 396.36273193359375 1 1098.8773193359375 415.04718017578125 1 0
224.07041931152344 203.57041931152344 1 557.46331787109375 206.24923706054687 1 0
224.07041931152344 203.57041931152344 1 557.46331787109375 206.24923706054687 1 0
224.07041931152344 203.57041931152344 1 557.46331787109375 206.24923706054687 1 0
224.07041931152344 203.57041931152344 1 557.46331787109375 206.24923706054687 1 0
221.8157958984375 241.71052551269531 1 554.2115478515625 245.23077392578125 1 0
825.48516845703125 399.97406005859375 1 903.42901611328125 415.68063354492187 1 0
205.57142639160156 241.60714721679687 1 534.14385986328125 244.8150634765625 1 0
729.3709716796875 476.7540283203125 1 797.4415283203125 494.96768188476562 1 0
1340.65380859375 262.20330810546875 1 1284.2059326171875 275.89999389648437 1 0
86.759178161621094 351.8736572265625 1 408.89697265625 358.38693237304687 1 0
86.513389587402344 347.5 1 408.74822998046875 353.53167724609375 1 0
772.48712158203125 319.13870239257812 1 857.164306640625 329.93356323242187 1 0
772.48712158203125 319.13870239257812 1 857.164306640625 329.93356323242187 1 0
772.48712158203125 319.13870239257812 1 857.164306640625 329.93356323242187 1 0
62.136363983154297 302.90908813476562 1 384.89129638671875 305.87680053710937 1 0
992.2327880859375 265.15863037109375 1 1086.231689453125 276.04693603515625 1 0
192.15516662597656 269.09768676757812 1 857.164306640625 329.93356323242187 1 0
192.15516662597656 269.09768676757812 1 857.164306640625 329.93356323242187 1 0
1314.7059326171875 262.38235473632812 1 1254.0360107421875 275.6199951171875 1 0
189.94999694824219 182 1 272.5 547.90478515625 1 0
1290.2142333984375 262.42855834960937 1 1284.2059326171875 275.89999389648437 1 0
1289.8009033203125 262.72125244140625 1 430.01513671875 281.92425537109375 1 0
594.7191162109375 471.48406982421875 1 674.9066162109375 487.23858642578125 1 0
1263.0875244140625 262.86248779296875 1 1340.8038330078125 276.753173828125 1 0
219.5238037109375 261.76190185546875 1 550.91998291015625 265.72000122070312 1 0
219.5238037109375 261.76190185546875 1 550.91998291015625 265.72000122070312 1 0
299.77777099609375 798.25 1 352.21429443359375 821.9761962890625 1 0
1136.53955078125 439.822021484375 1 743.8809814453125 231.23809814453125 1 0
319.85293579101562 300.58822631835937 1 669.5 307.5 1 0
319.85293579101562 300.58822631835937 1 669.5 307.5 1 0
120.375 916.95001220703125 1 48.5 944.9749755859375 1 0
1205.45458984375 825.75 1 1263.77587890625 874.68963623046875 1 0
1205.45458984375 825.75 1 1263.77587890625 874.68963623046875 1 0
1198.324951171875 804.375 1 1277.1600341796875 851.719970703125 1 0
661.14581298828125 893.54168701171875 1 626.2674560546875 933.034912109375 1 0
661.14581298828125 893.54168701171875 1 626.2674560546875 933.034912109375 1 0
229.24359130859375 865.80767822265625 1 300.21795654296875 684.62823486328125 1 0
57.265956878662109 285.73403930664062 1 379.8800048828125 289.1400146484375 1 0
380.12161254882812 226.20269775390625 1 743.8809814453125 231.23809814453125 1 0
380.12161254882812 226.20269775390625 1 743.8809814453125 231.23809814453125 1 0
625.362060546875 876.586181640625 1 612.15576171875 913.13934326171875 1 0
623 907.16668701171875 1 565.4375 947.0625 1 0
623 907.16668701171875 1 565.4375 947.0625 1 0
611.326904296875 950.3846435546875 1 488.66665649414062 994.14288330078125 1 0
55.342105865478516 661.52630615234375 1 249.66667175292969 672.388916015625 1 0
55.342105865478516 661.52630615234375 1 249.66667175292969 672.388916015625 1 0
1082.8035888671875 648 1 1294.1551513671875 682.4310302734375 1 0
280.07894897460938 867 1 275.9615478515625 894.80767822265625 1 0
1008.1078491210937 804.63726806640625 1 1079.1590576171875 846.79547119140625 1 0
206.62765502929687 262.18084716796875 1 535.415283203125 266.00848388671875 1 0
229.41667175292969 262.0625 1 562.5 266.16152954101562 1 0
58.820583132332658 356.57306444234371 1 43.802913597510354 376.56985168502501 1 1
99.514679054336128 272.39794657191567 1 75.316831632619525 287.04902210877515 1 1
159.49035131708172 165.48318903462936 1 133.32401091336934 172.8189277834262 1 1
246.86086757056225 71.879939907732052 1 217.4113420277892 71.726610257333746 1 1
336.83163917428567 99.087888283167445 1 324.00409644690149 89.963876532523017 1 1
339.98725924529469 196.42663461840596 1 340.45458572909814 184.39358092185785 1 1
368.78120743383784 247.60689814463169 1 377.005868772957 231.93600677326768 1 1
302.86013940238144 318.04597809564069 1 323.02604656709241 307.41437910705122 1 1
219.29937913129271 446.99002976955774 1 254.86452777927767 444.89224122157964 1 1
