1.4561 151.9 1 153.89 277.19 1 0
1.4561 151.9 1 110.26 7.9867 1 0
5.878 178.06 1 13.466 178.35 1 3
6.5948 72.862 1 17.514 63.036 1 3
7.0864 203.29 1 21.107 170.79 1 0
9.9082 163.96 1 17.004 162.46 1 3
13.379 171.43 1 21.107 170.79 1 3
13.677 75.128 1 17.514 63.036 1 3
14.646 41.056 1 146.19 165.68 1 0
16.272 122.77 1 394.01 106.48 1 0
17.654 149.84 1 24.508 146.59 1 3
23.356 170.6 1 31.388 170.13 1 3
23.568 149.46 1 31.38 146.65 1 3
27.397 140.9 1 35.187 137.14 1 3
28.97 124.94 1 36.456 119.46 1 3
29.408 146.63 1 37.067 143.41 1 3
35.641 99.019 1 198.88 140.07 1 0
36.613 88.154 1 43.697 79.016 1 3
58.603 28.618 1 439 20.576 1 0
59.014 200.99 1 250.34 66.469 1 0
63.978 105.89 1 76.159 101.07 1 3
64.83 95.147 1 300.02 235.29 1 0
65.776 193.84 1 30.545 180.57 1 0
67.898 236.15 1 267.96 176.46 1 0
71.696 153.98 1 80.085 152.11 1 3
77.277 75.351 1 323.73 19.501 1 0
81.866 53.532 1 451.12 140.45 1 0
83.93 235.51 1 311.7 34.388 1 0
86.234 209.2 1 95.735 212.17 1 3
90.388 97.404 1 172.56 174.83 1 0
89.921 107.43 1 273.53 161.79 1 0
92.821 77.153 1 339.79 258.29 1 0
94.18 209.83 1 103.32 212.71 1 3
96.018 166.94 1 191.81 306.67 1 0
97.133 148.75 1 104.6 146.51 1 3
99.307 26.936 1 84.729 104.09 1 0
98.941 47.503 1 69.123 12.457 1 0
107.66 106.95 1 300.02 235.29 1 0
112.43 43.915 1 425.55 211.89 1 0
116.94 142.19 1 123.27 140.2 1 3
121.82 86.427 1 251.09 66.464 1 0
122.7 116.23 1 127.41 111.91 1 3
125.23 42.282 1 332.63 149.74 1 0
125.11 107.2 1 130.83 103.47 1 3
127.26 97.147 1 266 265.84 1 0
131.77 33.307 1 200.36 105.39 1 0
132.61 78.372 1 233.9 174.58 1 0
132.65 223.65 1 143.03 227.13 1 3
133.99 95.247 1 166.59 214.47 1 0
135.98 38.864 1 208.87 101.38 1 0
145.94 70.485 1 173.12 149.37 1 0
145.9 182.4 1 151.67 182.97 1 3
154.48 198.34 1 113.65 144.52 1 0
161.43 201.42 1 167.85 203.31 1 2
164.69 28.695 1 83.966 53.123 1 0
165.64 174.73 1 172.56 174.83 1 2
165.64 174.73 1 172.56 174.83 1 2
168.96 55.959 1 416.31 285.78 1 0
170.19 272.53 1 267.96 176.46 1 0
175.59 56.104 1 317.91 215.13 1 0
182.22 122.49 1 190.79 120.65 1 2
189.2 89.789 1 166.59 214.47 1 0
199.71 120.44 1 156.92 76.82 1 0
200.07 143.75 1 212.68 142.86 1 2
203.33 87.887 1 190.81 173.91 1 0
203.96 156.06 1 217.6 155.45 1 2
205.92 26.332 1 423.89 120.91 1 0
208.42 55.961 1 256.89 148.89 1 0
210.14 103.92 1 223.55 102.09 1 2
212.58 123.66 1 226.91 122.2 1 2
217.23 107.66 1 232.08 105.8 1 2
219.79 214.14 1 238.5 215.39 1 2
222.12 52.207 1 265.7 244.31 1 0
225.73 163.34 1 244 163.14 1 2
226.28 173.23 1 59.176 205.35 1 0
225.52 213.79 1 245.58 214.83 1 2
232.38 154.05 1 249.93 153.55 1 1
241.04 156.84 1 256.48 156.31 1 1
241.55 37.55 1 10.972 235.59 1 0
241.48 148.84 1 256.89 148.89 1 1
246.38 263.83 1 266 265.84 1 1
246.88 140.64 1 261.37 140.2 1 1
246.5 187.77 1 262.8 188.05 1 1
247.07 242.92 1 265.7 244.31 1 1
249.15 109.37 1 144.61 21.208 1 0
249.36 150.97 1 263.72 150.81 1 1
252.29 237.88 1 270.39 239 1 1
252.87 176.19 1 267.96 176.46 1 1
260.06 268.68 1 280.26 275.12 1 0
260.06 268.68 1 336.3 247.47 1 0
274.31 53.613 1 204.48 166.15 1 0
278.54 202.98 1 324.4 226.31 1 0
282.7 89.155 1 177.29 66.531 1 0
285.95 7.5646 1 66.637 289.33 1 0
285.66 149.38 1 418.07 11.152 1 0
290.31 176.58 1 190.81 173.91 1 0
293.14 77.636 1 144.61 21.208 1 0
309.99 163.3 1 28.769 117.51 1 0
314.81 220.64 1 51.283 102.4 1 0
330.23 28.002 1 193.43 64.271 1 0
346.14 153.9 1 352.44 213 1 0
365.81 81.703 1 436.09 136.32 1 0
369.68 119.14 1 329.23 38.868 1 0
397.52 22.14 1 68.506 234.8 1 0
401.39 241.33 1 143.72 191.87 1 0
410.03 43.068 1 56.653 267.67 1 0
428.57 131.56 1 388.41 41.416 1 0
429.76 11.558 1 43.834 218.87 1 0
432.48 136.54 1 45.487 262.59 1 0
448.81 178.95 1 56.653 267.67 1 0
5.9544 52.288 1 227.11 325.86 1 0
6.3266 78.752 1 300.02 235.29 1 0
8.1307 281.28 1 288.09 284.76 1 0
8.8886 154.08 1 16.394 151.55 1 3
8.8886 154.08 1 16.394 151.55 1 3
10.263 138.27 1 17.081 133.76 1 3
9.6786 218.17 1 18.922 223.06 1 3
16.596 138.94 1 23.627 134.71 1 3
19.237 123.62 1 28.769 117.51 1 3
19.639 190.96 1 27.894 192.16 1 3
20.859 117.67 1 27.84 111.2 1 3
23.599 235.6 1 35.366 242.77 1 3
25.775 107.06 1 33.146 99.632 1 3
30.375 220.22 1 207.67 174.43 1 0
31.007 66.794 1 111.18 185.56 1 0
39.093 131.49 1 246.92 50.51 1 0
67.794 34.903 1 74.556 135.14 1 0
88.105 222.18 1 97.916 225.97 1 3
96.844 158.84 1 104.75 158.22 1 3
107.47 194.23 1 115.75 195.72 1 3
130.86 203.42 1 138.4 205.51 1 3
136.78 58.508 1 202.54 205.85 1 0
137.66 190.69 1 143.72 191.87 1 3
140.05 165.84 1 146.19 165.68 1 3
147.91 204.43 1 155.97 206.44 1 3
150.36 149.17 1 155.46 147.97 1 3
150.36 149.17 1 155.46 147.97 1 3
172.71 83.224 1 63.921 200.68 1 0
193.03 135.41 1 204.26 134.24 1 2
200.28 95.694 1 212.52 95.23 1 2
224.55 267.66 1 244.45 270.23 1 2
229.39 110.9 1 244.71 109.23 1 1
246.88 236.1 1 263.87 232.41 1 1
251.74 224.98 1 269.37 225.62 1 1
252.97 188.77 1 268.49 189.75 1 1
253.59 158.55 1 267.82 157.93 1 1
253.59 158.55 1 267.82 157.93 1 1
253.7 273.83 1 280.26 275.12 1 1
263.63 84.348 1 115.75 195.72 1 0
264.12 160.8 1 276.33 160.41 1 1
264.01 171.97 1 282.49 173.53 1 1
269.36 240.37 1 283.81 240.77 1 1
272.25 147.66 1 282.25 147.58 1 1
272.25 147.66 1 282.25 147.58 1 1
286.85 73.736 1 441.18 265.24 1 0
290.54 236.3 1 300.02 235.29 1 1
290.54 236.3 1 300.02 235.29 1 1
298.99 240.77 1 306.37 241.17 1 1
300.21 252.9 1 173.12 149.37 1 0
325.46 206.35 1 370.2 138.66 1 0
332.05 142.95 1 341.96 201.6 1 0
332.68 99.963 1 432.34 214.05 1 0
351.39 116.09 1 398.97 39.34 1 0
14.893 243.38 1 25.094 250.99 1 3
54.092 156.19 1 104.48 39.304 1 0
59.09 264.12 1 283.84 194.73 1 0
64.914 163.58 1 76.334 162.09 1 3
64.914 163.58 1 102.57 126.6 1 0
68.764 222 1 80.777 226.24 1 3
70.401 118.25 1 41.994 248.98 1 0
74.936 110.75 1 300.02 235.29 1 0
80.649 37.542 1 178.09 79.957 1 0
83.824 10.321 1 80.777 226.24 1 0
84.227 142.81 1 92.31 140.03 1 3
92.7 236.34 1 103.63 240.44 1 3
104.57 184.46 1 111.18 185.56 1 3
104.57 184.46 1 111.18 185.56 1 3
117.08 200.92 1 124.95 202.67 1 3
121.05 187.49 1 128.54 188.67 1 3
140.06 75.503 1 144.61 21.208 1 0
140.06 75.503 1 332.63 149.74 1 0
147.56 204.53 1 155.97 206.44 1 3
152.73 190.84 1 159.1 191.95 1 3
163.67 151.5 1 389.43 174.56 1 0
173.49 172.03 1 180.15 172.4 1 2
190.32 43.293 1 432.34 214.05 1 0
198.49 122.8 1 210.49 121.57 1 2
198.49 122.8 1 210.49 121.57 1 2
201.48 51.391 1 425.55 211.89 1 0
207.46 118.01 1 220.53 116.98 1 2
207.46 118.01 1 220.53 116.98 1 2
207.88 184.56 1 223.18 184.5 1 2
224.75 190.81 1 243.77 191.36 1 2
232.23 183.89 1 250.84 184.01 1 1
232.18 238.85 1 254.1 242.44 1 1
246.14 252.49 1 265.56 255.17 1 1
253.18 208.04 1 269.41 208.48 1 1
255.76 257.77 1 92.556 199.96 1 0
259.7 90.892 1 261.37 140.2 1 0
276.1 237.35 1 289.18 236.44 1 1
283.35 210.37 1 292.69 210.67 1 1
287.54 176.98 1 294.39 177.07 1 1
295.41 211.8 1 302.26 212 1 1
301.12 145.97 1 65.357 41.673 1 0
321.54 143.88 1 23.627 134.71 1 0
24.545 20.139 1 212.14 249.19 1 0
26.474 57.379 1 204.48 166.15 1 0
30.674 117.4 1 37.44 110.95 1 3
34.125 99.737 1 324.4 226.31 1 0
83.776 10.511 1 80.777 226.24 1 0
109.79 90.77 1 54.526 262.2 1 0
124.49 82.487 1 416.96 96.869 1 0
134.99 26.156 1 356.77 166.37 1 0
175.16 127 1 167.85 203.31 1 0
194.83 84.943 1 118.28 54.446 1 0
208.14 184.04 1 223.18 184.5 1 2
211.72 169.17 1 306.37 241.17 1 0
222.67 84.359 1 387.44 307.3 1 0
233.34 71.012 1 107.63 70.94 1 0
232.28 184.03 1 250.84 184.01 1 1
232.69 239.99 1 254.1 242.44 1 1
237.78 150.83 1 253.54 151.47 1 1
234.76 258.54 1 256.6 259.44 1 1
256.3 109.31 1 268.93 107.54 1 1
267.68 61.846 1 362.79 272.93 1 0
268.94 210.98 1 282.5 211.48 1 1
268.94 210.98 1 282.5 211.48 1 1
276.93 66.87 1 425.55 211.89 1 0
288.48 188.3 1 295.28 188.38 1 1
322.7 244.12 1 283.84 194.73 1 0
10.269 41.898 1 64.137 6.4171 1 0
18.769 129.38 1 26.676 124.36 1 3
38.239 23.844 1 142.99 306.25 1 0
104.13 171.77 1 110.55 174.49 1 3
198.28 173.46 1 265.7 244.31 1 0
48.875 216.93 1 307.93 12.425 1 0
74.535 238.5 1 90.929 242.38 1 3
86.628 85.414 1 231.87 232.2 1 0
88.318 173.88 1 96.092 175.21 1 3
94.628 130.07 1 102.57 126.6 1 3
98.876 33.9 1 359.4 148.99 1 0
107.14 146.8 1 113.65 144.52 1 3
116.93 208.68 1 126.32 211.46 1 3
215.75 112.08 1 229.66 110.26 1 2
241.31 160.95 1 330.45 20.493 1 0
306.01 242.87 1 311.37 240.97 1 1
9.9177 202.52 1 20.675 206.3 1 3
165.79 149.7 1 173.12 149.37 1 2
212.97 223.63 1 233.59 224.74 1 2
217.9 173.37 1 233.9 174.58 1 2
314.21 115.52 1 132.97 38.736 1 0
28.891 94.04 1 36.326 84.266 1 3
133.74 146.23 1 139.34 141.15 1 3
169.69 186.93 1 178.75 188.69 1 2
64.893 139.48 1 25.781 247.98 1 0
