13.577 53.668 1 276.29 72.355 1 0
16.001 507.06 1 349.45 483.27 1 0
17.21 391.97 1 576.85 254.33 1 0
31.25 160.2 1 611.92 217.04 1 0
38.253 136.36 1 185.54 215.89 1 0
52.792 391.22 1 328.87 341.29 1 0
56.187 283.62 1 29.066 217.38 1 0
56.038 348.93 1 125.9 289.82 1 0
55.949 396.14 1 256.99 226.25 1 0
75.567 385.68 1 644.91 199.54 1 0
75.567 385.68 1 587.18 232.65 1 0
76.686 71.96 1 395.17 488.19 1 0
77.482 272.99 1 667.37 388.3 1 0
82.346 375.93 1 667.37 388.3 1 0
91.006 392.7 1 598.76 296.69 1 0
108.79 387.96 1 413.17 68.113 1 0
135.22 341.96 1 157.62 142.85 1 0
170.42 178.77 1 163.4 99.647 1 0
180.56 297.62 1 167.29 120.2 1 0
192.35 172.01 1 406.95 426.52 1 0
192.8 411.52 1 6.9757 497.9 1 0
197.68 174.74 1 511.33 423.9 1 0
200.17 133.15 1 424.32 269.57 1 0
226.28 174.78 1 532.73 169.47 1 0
247.44 412.69 1 209.14 456.45 1 0
249.61 233.44 1 26.771 107.21 1 0
250.45 440.79 1 197.31 453.2 1 0
251.41 176.6 1 320.44 183.35 1 1
261.58 177.81 1 328.33 183.25 1 1
266.11 505.85 1 460.16 87.899 1 0
267.92 233.94 1 400.9 74.584 1 0
277.42 188.92 1 13.747 180.43 1 0
285.34 448.75 1 245.73 147.59 1 0
303.06 384.98 1 414.87 67.376 1 0
306.91 407.84 1 520.09 390.94 1 0
308.84 140.99 1 73.712 373.13 1 0
312.93 384.73 1 414.87 67.376 1 0
321.41 94.99 1 385.68 95.961 1 1
323.39 119.05 1 384.67 118.51 1 1
330.04 264.66 1 307.6 350.45 1 0
330.22 482.17 1 92.915 91.68 1 0
331.97 310.76 1 73.168 423.17 1 0
345.2 115.5 1 404.07 110.1 1 1
356.02 101.15 1 23.351 480.99 1 0
356.93 116.43 1 415.63 108.93 1 1
361.39 69.799 1 520.2 441.5 1 0
363.96 380.47 1 597.42 211.46 1 0
367.06 310.45 1 328.6 297.17 1 2
368.81 366.14 1 325.67 346.78 1 2
369.64 399.88 1 323.45 376.69 1 2
373.14 315.95 1 333.31 301.98 1 2
378.02 499.41 1 102.02 282.45 1 0
388.61 282.1 1 350.91 270.67 1 2
399.72 287.68 1 361.11 275.41 1 2
405.4 500.72 1 576.1 228.21 1 0
417.46 293.3 1 378 280.01 1 2
442.5 305.46 1 401.86 290.74 1 2
452.24 195.25 1 523.39 170.12 1 1
458.16 93.094 1 19.941 201.78 1 0
457.47 397.3 1 411.96 381.69 1 2
460.74 340.9 1 419.2 325.5 1 2
464.27 92.739 1 308.67 418.84 1 0
481.52 297.32 1 453.23 281.54 1 2
485.45 411.93 1 442.85 399.63 1 2
487.88 326.99 1 457.89 311.93 1 2
496.48 326.42 1 468.31 311.96 1 2
512.2 349.14 1 485.39 336.16 1 2
514.13 425.64 1 161.34 205.9 1 0
532.1 415.55 1 498.5 409.41 1 2
539.34 298.99 1 491.16 200.28 1 0
543.15 416.84 1 514.71 411.86 1 2
570.08 306.99 1 641.38 227.9 1 0
154.17 209.45 1 227.83 447.03 1 0
210.61 345.45 1 220.38 251.72 1 0
223.35 320.83 1 188.66 250.67 1 0
234.56 449.99 1 177.52 166.07 1 0
259.26 453.26 1 514.71 411.86 1 0
270.98 142.17 1 340.51 150.24 1 1
270.53 350.74 1 253.07 330.81 1 2
271.92 171.71 1 337.48 176.07 1 1
285.71 165.52 1 349.62 168.08 1 1
286.6 100.23 1 80.88 165.05 1 0
298.73 146.09 1 361.81 148.73 1 1
302.79 371.92 1 73.139 399.74 1 0
303.93 147.29 1 361.81 148.73 1 1
324.38 126.65 1 382.92 125.98 1 1
324.94 337.81 1 295.16 321.66 1 2
334.05 350.5 1 301.74 332.05 1 2
339.37 293.03 1 309.05 282.13 1 2
342.54 66.396 1 408.11 62.729 1 1
369.79 97.625 1 434.34 85.535 1 1
371.81 359.72 1 328.87 341.29 1 2
376.86 133.19 1 433.38 119.24 1 1
387.2 258.59 1 351.83 249.04 1 2
407.09 190.67 1 468.36 172.94 1 1
418.87 408.15 1 37.698 74.795 1 0
450.45 382.24 1 404.2 366 1 2
475.3 349.54 1 440.57 335.43 1 2
477.46 8.3442 1 96.815 139.08 1 0
483.92 226.65 1 425.64 69.217 1 0
492.54 385.4 1 234.85 309.42 1 0
535.52 199.34 1 109.58 107.79 1 0
540.61 151.89 1 116.11 112 1 0
540.61 151.89 1 140.48 81.033 1 0
539.49 489.13 1 508.97 183.56 1 0
541.96 391.92 1 518.58 384.73 1 2
547.17 488.42 1 508.97 183.56 1 0
556.59 102.98 1 51.181 141.42 1 0
575.52 177.91 1 613.14 447.94 1 0
587.65 144.86 1 212.86 103.08 1 0
592.62 307.83 1 320.72 358.51 1 0
614.96 31.737 1 178.87 95 1 0
628.04 298.84 1 88.432 296.5 1 0
634.1 165.08 1 162.45 191.17 1 0
634.84 441.81 1 111.68 463.09 1 0
641.16 317.05 1 380.69 145.95 1 0
655.76 347.48 1 504.08 250.29 1 0
655.79 440.64 1 170.08 412.29 1 0
675.06 287.27 1 560.44 368.36 1 0
17.176 266.78 1 560.4 155.04 1 0
18.153 65.25 1 582.17 449.5 1 0
59.693 377.61 1 268.95 224.75 1 0
92.796 77.616 1 375.93 443.34 1 0
178.06 353.29 1 240.09 213.48 1 0
236.04 224.03 1 177.52 166.07 1 0
249.91 144.01 1 520.2 441.5 1 0
270.73 310.05 1 557.6 186.28 1 0
280.23 305.26 1 68.679 248.13 1 0
315.38 220.21 1 333.15 216.25 1 1
322.47 146.86 1 380.69 145.95 1 1
322.51 450.87 1 521.94 368.5 1 0
331.08 178.47 1 391.96 173.75 1 1
334.63 75.352 1 400.9 74.584 1 1
346.15 53.434 1 414.05 48.248 1 1
349.92 180.87 1 410.15 172.64 1 1
358.69 172.21 1 418.85 161.46 1 1
367.59 284.2 1 331.39 273.59 1 2
368.48 182.14 1 428.77 170.92 1 1
386.08 233.01 1 80.88 165.05 1 0
397.88 159.42 1 460.49 142.77 1 1
399.83 144.71 1 463.53 125.37 1 1
399.9 356.64 1 594.11 423.27 1 0
402.14 202.74 1 457.92 186.51 1 1
411.72 182.58 1 474.56 163.97 1 1
416.72 250.94 1 381.36 238.51 1 2
432.54 289.34 1 395.07 277.98 1 2
442.59 259.31 1 320.72 358.51 1 0
443.94 192.13 1 512.22 168.18 1 1
444.03 413 1 253.46 231.82 1 0
445.51 206.92 1 508.97 183.56 1 1
451.07 359.74 1 406.39 344.27 1 2
451.09 496.49 1 240.73 448.96 1 0
484.41 13.704 1 63.238 312.65 1 0
517.79 177.94 1 140.48 81.033 1 0
520.69 430.92 1 491.16 200.28 1 0
542.9 151.3 1 116.11 112 1 0
547.78 48.579 1 496.65 360.37 1 0
550.87 348.6 1 486 230.97 1 0
557.93 223.81 1 595.72 436 1 0
574.02 39.144 1 24.813 97.621 1 0
596.44 146.54 1 591.08 453.62 1 0
617.26 63.043 1 64.168 94.377 1 0
649.56 300.01 1 240.73 448.96 1 0
144.56 54.729 1 422.87 279.31 1 0
146.58 65.816 1 424.32 269.57 1 0
211.5 196.92 1 256 391.05 1 0
326.48 242.2 1 17.513 246.68 1 0
332.34 151.25 1 390.97 147.14 1 1
350.66 133.96 1 409.98 126.48 1 1
351.11 152.94 1 409.39 145.18 1 1
369.62 154.93 1 428.12 143.78 1 1
380.32 270.98 1 344.35 259.86 1 2
384.26 290.56 1 345.32 278.04 1 2
405.49 253.06 1 370.87 242.38 1 2
442.67 259.29 1 320.72 358.51 1 0
490.48 404.26 1 452.46 392.31 1 2
521.2 253.49 1 425.64 69.217 1 0
522.11 156.89 1 39.254 87.452 1 0
525.81 79.595 1 269.46 254.37 1 0
627.4 124.98 1 212.86 103.08 1 0
180.39 46.534 1 47.766 320.02 1 0
214.57 163.57 1 80.88 165.05 1 0
287.13 392.02 1 262.64 365.78 1 2
294.11 129.04 1 358.96 134.67 1 1
417.72 285.23 1 378.86 272.52 1 2
474.21 240.94 1 251.05 381.03 1 0
533.3 414.42 1 501.4 408.58 1 2
543.45 426.32 1 511.33 423.9 1 2
607.46 372.1 1 380.59 339.91 1 0
664.1 89.675 1 115.23 76.504 1 0
17.43 97.702 1 534.52 258.49 1 0
151.33 429.84 1 630.59 265.64 1 0
280.78 108.6 1 51.181 141.42 1 0
474.6 300.63 1 437.98 285.29 1 2
475.37 358.04 1 439.67 346.23 1 2
478.98 318.1 1 444.95 305.56 1 2
534.31 215.02 1 153.67 111.59 1 0
534.31 215.02 1 153.12 110.97 1 0
550.48 128.89 1 472.44 457.82 1 0
570.56 155.07 1 296.81 486.63 1 0
636.32 407.77 1 100.32 234.4 1 0
122.18 406.68 1 415.7 60.083 1 0
292.87 455.98 1 200.93 352.9 1 0
335.86 296.19 1 304.17 285.43 1 2
280.66 361.74 1 260.46 340.16 1 2
333.25 322.77 1 302.88 308.67 1 2
516.2 361.04 1 492.89 347.95 1 2
272.08 287.06 1 381.31 154.44 1 0
284.07 323.91 1 218.55 305.77 1 0
295.39 180.4 1 366.27 179.53 1 1
345.85 73.812 1 414.87 67.376 1 1
362.82 445.13 1 322.62 411.83 1 0
384.9 122.68 1 188.6 410.92 1 0
402.42 282.9 1 365.65 270.4 1 2
