1684.05 1008.32 1 1641.12 1097.43 1 2
1057.82 468.15 1 992.639 414.381 1 1
1073.12 470.721 1 1008.09 416.424 1 1
1689.27 999.147 1 1651.02 1087.12 1 2
1690.14 1094.47 1 1633.03 1207.68 1 2
1708.23 930.831 1 1695.41 1006.57 1 2
1700 1054.26 1 1656.13 1160.45 1 2
1719.17 1039.72 1 1689.84 1150.29 1 2
1759.91 384.267 1 1779.41 276.37 1 5
1072.54 466.981 1 1007.46 412.921 1 1
387.659 504.157 1 480.095 456.41 1 4
1191.82 914.725 1 1087.55 875.814 1 3
1698.72 983.285 1 1669.99 1069.04 1 2
1072.21 459.811 1 1006.64 405.728 1 1
1698.46 932.235 1 1679.17 1005.17 1 2
1710.91 992.353 1 1687.75 1086.05 1 2
1677.28 1035.87 1 1625.26 1130.4 1 2
1679.01 1096.92 1 1612.92 1204.52 1 2
1678.37 1042.25 1 1621.89 1138.15 1 2
1699.03 1025.87 1 1660.92 1124.48 1 2
1700.15 1072.59 1 1652.88 1184.11 1 2
321.466 554.177 1 442.112 494.141 1 4
1103.09 909.873 1 1010.84 857.114 1 3
1083.62 471.74 1 1018.54 416.599 1 1
1065.9 470.243 1 1001.24 416.432 1 1
1723.34 1071.59 1 1689.07 1192.18 1 2
455.767 536.141 1 519.274 480.676 1 4
1705.48 930.588 1 1690.79 1004.81 1 2
1670.54 813.038 1 1655.04 846.17 1 2
1677.19 875.367 1 1655.38 926.507 1 2
1687.03 1098.55 1 1626.99 1211.49 1 2
1690.93 1077.05 1 1639.45 1185.19 1 2
1711.18 1056.43 1 1673.85 1167.88 1 2
1166.48 929.055 1 1058.67 885.357 1 3
1271.24 869.921 1 1183.29 843.605 1 6
1618.91 916.698 1 1559.05 963.648 1 2
1678.83 812.913 1 1667.56 845.943 1 2
1266.35 927.848 1 1177.62 903.814 1 6
1720.51 1042.55 1 1691.84 1152.91 1 2
1699.37 944.175 1 1678.65 1020.17 1 2
1684.4 1069.5 1 1629.55 1173.45 1 2
325.427 506.661 1 446.342 457.745 1 4
1272.53 887.357 1 1184.46 862.092 1 6
1718.66 1061.23 1 1683.71 1175.61 1 2
1193.12 906.991 1 1091.99 868.291 1 3
1695.31 1074.42 1 1643.45 1184.5 1 2
1067.45 474.662 1 1002.69 420.585 1 1
1656.4 393.233 1 1689.67 295.428 1 5
1079.32 480.632 1 1014.92 426.399 1 1
354.153 509.04 1 459.985 460.389 1 4
1694.21 1052.84 1 1648.28 1157.63 1 2
1748.61 369.628 1 1772.22 257.903 1 5
1681.97 830.278 1 1671.15 869.993 1 2
1677.06 778.764 1 1670.06 802.24 1 2
1195.92 929.552 1 1085.15 890.899 1 3
1687.33 943.384 1 1659.88 1016.46 1 2
1692.4 853.466 1 1683.89 902.424 1 2
1035.02 468.451 1 970.776 415.004 1 1
1115.88 925.258 1 1016.23 874.208 1 3
1676.01 393.701 1 1705.9 294.774 1 5
453.088 542.888 1 518.56 486.112 1 4
1677.4 888.479 1 1654.35 944.242 1 2
1270.85 839.736 1 1183.57 811.036 1 6
1187.07 911.147 1 1084.55 871.924 1 3
1135.96 927.494 1 1033.03 878.754 1 3
1691.3 914.07 1 1671.85 980.356 1 2
1086.6 426.948 1 1021.78 371.412 1 1
1680.94 898.979 1 1657.09 958.897 1 2
415.663 512.964 1 496.293 462.68 1 4
1731.8 361.791 1 1760.15 247.708 1 5
1684.87 933.389 1 1656.92 1002.18 1 2
1689.08 1079.96 1 1633.79 1188.9 1 2
1692.77 993.458 1 1658.1 1081.45 1 2
1068.77 479.672 1 1003.98 425.31 1 1
422.717 507.978 1 499.98 459.224 1 4
1263.74 808.52 1 1176.94 777.383 1 6
421.472 525.202 1 499.962 473.391 1 4
1198.25 947.217 1 1080.14 908.955 1 3
289.915 555.599 1 426.5 495.059 1 4
1007.16 424.175 1 943.772 372.19 1 1
1075.58 395.178 1 1011 339.465 1 1
1271.72 977.139 1 1182.2 957.627 1 6
1699.08 1052.51 1 1654.83 1156.94 1 2
1679.82 833.282 1 1666.25 873.445 1 2
1655.12 1103.04 1 1577.25 1204.06 1 2
1682.13 839.013 1 1669.41 880.536 1 2
1682.56 1030.3 1 1633.78 1125.1 1 2
1743.79 387.318 1 1764.92 282.055 1 5
1272.94 892.321 1 1184.71 867.421 1 6
1650.94 363.903 1 1691.39 256.814 1 5
458.129 543.113 1 521.8 486.633 1 4
1049.44 921.267 1 961.938 859.692 1 3
320.944 507.818 1 442.736 459.612 1 4
994.02 393.85 1 931.328 342.781 1 1
1269.51 932.426 1 1180.28 908.464 1 6
1706.56 1001.87 1 1681 1097.21 1 2
1136.11 903.086 1 1041.55 855.45 1 3
308.916 547.849 1 435.938 489.284 1 4
1681.67 933.247 1 1652.39 1001.6 1 2
1684.5 863.97 1 1669.79 913.856 1 2
315.222 493.33 1 440.58 449.7 1 4
456.433 530.459 1 520.894 475.899 1 4
1688.28 992.551 1 1651.09 1079.3 1 2
1701.15 959.764 1 1677.51 1041.26 1 2
1103.18 923.644 1 1006.45 868.646 1 3
312.901 540.739 1 437.005 483.757 1 4
1690.2 1036.77 1 1645.37 1134.63 1 2
329.468 534.218 1 447.41 479.504 1 4
1716.16 1066.37 1 1679.52 1181.68 1 2
1052.37 458.83 1 987.028 405.752 1 1
1704.73 942.635 1 1687.4 1019.59 1 2
1074.11 459.071 1 1008.74 404.425 1 1
1068.29 485.948 1 1003.88 431.994 1 1
1695.37 959.869 1 1669.01 1039.78 1 2
1708.99 1096.8 1 1661.31 1218.63 1 2
1335.36 916.45 1 1237.71 903.902 1 7
1604.99 806.465 1 1556.81 824.233 1 2
1002.52 489.369 1 938.359 436.777 1 1
1333.87 899.973 1 1236.41 884.946 1 7
1689.39 907.151 1 1669.02 970.971 1 2
1733.81 1090.43 1 1701.15 1219.52 1 2
997.335 427.538 1 934.091 376.746 1 1
279.36 551.484 1 420.746 492.613 1 4
1076.23 496.343 1 1010.56 441.415 1 1
1691.52 925.229 1 1670.42 994.639 1 2
1695.12 868.155 1 1686.11 922.247 1 2
1698.97 943.386 1 1680.43 1019.03 1 2
1610.82 788.06 1 1566.9 802.962 1 2
1064.29 468.85 1 999.38 414.591 1 1
1715.5 991.559 1 1695.49 1086.02 1 2
394.78 477.253 1 484.233 435.8 1 4
1705.62 1044.25 1 1667.39 1149.03 1 2
1032.61 928.409 1 945.981 863.375 1 3
1166.61 921.928 1 1061.91 878.227 1 3
1054.31 914.245 1 968.444 853.798 1 3
1657.92 391.798 1 1691.12 293.339 1 5
1076.35 423.464 1 1011.22 368.666 1 1
288.828 573.505 1 424.851 508.633 1 4
1689.44 1111.4 1 1627.54 1227.84 1 2
1045.25 479.336 1 980.599 425.964 1 1
1019.77 375.019 1 956.594 323.406 1 1
1702.39 1084.74 1 1653.76 1200.55 1 2
335.293 513.041 1 451.004 462.866 1 4
1695.85 1044.99 1 1652.17 1148.01 1 2
1692.85 944.871 1 1668.53 1019.56 1 2
1062.82 908.597 1 977.037 849.148 1 3
1690.75 851.019 1 1681.06 898.279 1 2
1702.27 876.276 1 1697.03 934.494 1 2
1699.95 951.691 1 1677.63 1030.7 1 2
1328.39 921.421 1 1229.37 908.196 1 7
403.105 523.493 1 488.799 471.372 1 4
399.862 524.358 1 488.435 471.652 1 4
988.487 550.27 1 925.098 495.888 1 1
1027.94 944.317 1 936.739 876.676 1 3
1665.7 821.552 1 1644.61 853.81 1 2
1774.37 357.241 1 1797.75 238.307 1 5
1706.32 997.01 1 1677.95 1090.89 1 2
1684 796.412 1 1679.07 826.166 1 2
1004.33 500.426 1 940.405 446.771 1 1
1198.88 951.103 1 1080.68 912.748 1 3
1060.44 485.187 1 995.451 430.752 1 1
1083.33 487.475 1 1018.43 432.193 1 1
1000.62 414.2 1 937.442 362.729 1 1
1014.2 449.112 1 949.758 396.17 1 1
460.586 493.227 1 523.327 446.569 1 4
1729.75 388.54 1 1754.37 283.997 1 5
1025.96 483.759 1 961.448 430.585 1 1
1618.55 850.904 1 1569.91 882.779 1 2
1107.61 944.525 1 1001.81 890.017 1 3
1067.47 481.486 1 1002.71 427.484 1 1
412.004 498.589 1 492.496 452.179 1 4
1035.18 403.025 1 970.738 349.868 1 1
1018.43 486.94 1 954.169 434.018 1 1
1336.84 978.952 1 1238.61 972.13 1 7
465.505 518.193 1 525.087 467.409 1 4
1674.94 757.279 1 1669.73 773.96 1 2
1709.21 1050.52 1 1671.81 1159.45 1 2
1055.14 459.579 1 991.168 405.646 1 1
406.672 553.772 1 490.652 494.565 1 4
1696.98 1102.24 1 1641.1 1219.67 1 2
1687.22 789.055 1 1684.91 816.62 1 2
1678.2 809.92 1 1666.29 843.331 1 2
1684.88 955.112 1 1653.34 1028.73 1 2
1677.2 1063.95 1 1617.78 1164.56 1 2
1005.89 450.396 1 941.812 397.86 1 1
411.566 517.429 1 490.832 467.357 1 4
496.369 509.073 1 544.303 459.424 1 4
1693.06 1032.15 1 1648.55 1130.98 1 2
469.712 543.164 1 528.219 486.444 1 4
335.988 501.813 1 449.912 454.588 1 4
1682.47 1084.59 1 1621.7 1191.33 1 2
435.918 554.832 1 507.787 495.106 1 4
1263.95 935.405 1 1174.7 911.529 1 6
1679.52 864.793 1 1660.84 912.195 1 2
321.833 645.919 1 443.379 563.606 1 4
474.346 523.092 1 531.791 470.932 1 4
1546.81 1150.43 1 1412.37 1217.74 1 2
1663.52 400.003 1 1693.63 303.895 1 5
394.499 504.579 1 484.573 456.71 1 4
454.187 542.68 1 520.787 485.35 1 4
1698.14 1043.38 1 1655.8 1147.56 1 2
1696.86 1095.05 1 1642.08 1210.04 1 2
1708.69 1007.79 1 1682.37 1103.9 1 2
1014.47 497.721 1 950.231 444.25 1 1
1020.8 487.551 1 956.404 434.377 1 1
1690.31 885.709 1 1674.35 942.923 1 2
1719.39 1070.16 1 1685.37 1187.85 1 2
1704.26 1035.72 1 1668.77 1139.57 1 2
1042.67 396.409 1 975.946 343.504 1 1
1679.77 1031.86 1 1628.85 1124.35 1 2
1664.21 982.712 1 1615.97 1057.7 1 2
1037.93 418.82 1 973.103 365.838 1 1
1702.32 1127.14 1 1645.26 1253.09 1 2
1073.87 484.137 1 1008.97 429.599 1 1
1060.38 486.628 1 995.433 432.92 1 1
1059.12 937.898 1 963.768 876.54 1 3
1264.82 967.5 1 1175.09 945.541 1 6
1603.36 945.177 1 1533.26 994.307 1 2
1516.44 1051.52 1 1392.15 1094.2 1 2
1752.72 355.87 1 1778.99 237.906 1 5
1663.27 1137.21 1 1583.21 1248.69 1 2
471.066 552.753 1 528.705 493.327 1 4
1002.23 442.583 1 937.856 390.278 1 1
437.89 559.77 1 508.315 499.042 1 4
523.206 634.186 1 559.393 560.143 1 4
1703.9 987.669 1 1677.95 1077.62 1 2
478.256 543.965 1 533.308 487.114 1 4
1051.23 477.88 1 986.969 424.174 1 1
1754.81 370.673 1 1778.16 257.04 1 5
1651.03 398.196 1 1683.33 302.52 1 5
1271.02 968.34 1 1181.52 947.822 1 6
1649.8 450.604 1 1670.17 372.427 1 5
1696.8 917.395 1 1680.9 985.361 1 2
307.312 540.726 1 440.248 483.369 1 4
412.182 513.437 1 493.861 463.699 1 4
392.775 529.663 1 482.837 476.259 1 4
375.126 607.844 1 472.451 535.54 1 4
378.752 585.058 1 475.25 518.41 1 4
1004.13 415.162 1 940.381 363.03 1 1
1499.78 1046.24 1 1371.44 1083.71 1 2
1062.17 481.589 1 997.247 427.444 1 1
1019.68 497.123 1 955.492 443.693 1 1
1093.57 400.427 1 1028.82 343.737 1 1
344.562 510.126 1 454.904 461.015 1 4
1718.35 987.463 1 1700.14 1082.65 1 2
290.492 544.995 1 426.511 486.341 1 4
1060.1 416.036 1 994.021 362.386 1 1
1026.68 907.647 1 946.905 842.644 1 3
403.041 533.642 1 489.109 480.106 1 4
454.425 496.408 1 519.206 449.741 1 4
1040.62 470.529 1 975.688 416.423 1 1
1701.8 1094.56 1 1650.68 1212.21 1 2
343.501 506.181 1 455.585 457.294 1 4
1656.09 1079.56 1 1583.91 1176.66 1 2
1160.72 918.924 1 1057.58 874.442 1 3
1672.12 797.667 1 1658.06 826.842 1 2
1688.26 868.253 1 1675.81 920.434 1 2
1083.62 501.353 1 1018.93 446.93 1 1
1696.67 1047.14 1 1653.03 1150.24 1 2
252.154 503.27 1 406.895 455.614 1 4
293.573 645.224 1 427.438 561.824 1 4
500.479 506.81 1 546.586 458.27 1 4
1533.43 1068.11 1 1410.74 1118.15 1 2
363.474 599.336 1 462.963 528.904 1 4
399.581 517.933 1 486.067 466.665 1 4
1680.86 898.083 1 1658.01 956.843 1 2
1731.03 415.202 1 1748.03 320.983 1 5
488.921 501.64 1 539.37 454.379 1 4
1674.86 1002.28 1 1627.94 1086.88 1 2
280.91 589.01 1 421.049 519.676 1 4
1329.69 907.944 1 1230.99 893.196 1 7
1692.97 1105.06 1 1634.1 1221.1 1 2
1004.97 421.481 1 941.397 369.423 1 1
1686.5 837.57 1 1675.34 879.358 1 2
1328.69 898.693 1 1229.55 883.018 1 7
1058.15 408.302 1 993.005 354.165 1 1
1682.37 1077.57 1 1624.86 1183.9 1 2
1683.21 783.871 1 1682.37 810.658 1 2
1086.58 495.434 1 1022.05 440.995 1 1
477.671 526.453 1 533.071 473.108 1 4
1325.95 909.277 1 1226.58 894.273 1 7
1052.67 475.289 1 987.668 421.706 1 1
1067.26 427.266 1 1001.35 372.252 1 1
380.653 564.12 1 476.005 502.107 1 4
1706.82 922.641 1 1694.09 995.088 1 2
1702.36 938.963 1 1685.86 1014.71 1 2
372.026 585.434 1 470.985 518.439 1 4
1008.31 418.453 1 945.414 366.154 1 1
1545.95 987.96 1 1443.45 1029.89 1 2
1701.48 982.815 1 1674.87 1070.89 1 2
1668.63 1069.21 1 1604.44 1167.39 1 2
1067.23 384.932 1 1002.84 329.712 1 1
1678.46 763.564 1 1673.73 783.215 1 2
374.125 565.007 1 471.857 502.588 1 4
1689.28 894.699 1 1672.28 955.212 1 2
1184.73 931.29 1 1074.29 890.429 1 3
1034.78 401.395 1 970.137 347.762 1 1
1060.32 954.559 1 956.822 891.889 1 3
239.337 648.884 1 399.316 562.728 1 4
1326.55 892.064 1 1227.66 874.933 1 7
980.588 548.951 1 917.498 494.578 1 1
272.554 568.583 1 414.399 505.39 1 4
1691.04 873.449 1 1678.28 927.797 1 2
261.111 497.238 1 412.278 451.523 1 4
1041.81 401.238 1 975.333 349.095 1 1
320.637 589.086 1 442.667 520.349 1 4
1665.92 1066.03 1 1601.37 1163.65 1 2
1159.12 940.096 1 1048.32 895.129 1 3
1082.75 469.834 1 1017.6 416.179 1 1
1073.04 474.294 1 1008.07 419.861 1 1
1701.15 1039.84 1 1662.08 1142.48 1 2
297.189 499.94 1 430.682 453.214 1 4
406.718 540.809 1 490.132 483.742 1 4
282.204 486.652 1 425.09 443.981 1 4
1060.93 479.325 1 995.872 425.425 1 1
1040.3 415.928 1 974.776 362.713 1 1
1707.2 1078.41 1 1662.85 1193.55 1 2
1041.39 921.427 1 955.145 858.666 1 3
1325.11 869.301 1 1226.24 850.819 1 7
496.581 635.07 1 544.137 560.148 1 4
1132.68 904.195 1 1037.96 855.915 1 3
1670.98 914.185 1 1641 973.481 1 2
1712.73 1111.24 1 1660.59 1238.59 1 2
270.987 481.04 1 415.919 440.786 1 4
355.929 565.271 1 462.262 502.952 1 4
362.988 642.401 1 465.86 561.997 1 4
1680.75 1126.82 1 1612.8 1244.22 1 2
447.635 537.376 1 514.414 481.295 1 4
1650.55 940.75 1 1601.93 1002.34 1 2
1630.03 939.801 1 1572.52 994.294 1 2
1263.91 933.913 1 1175 909.177 1 6
390.339 506.455 1 480.958 458.674 1 4
1657.77 387.058 1 1692.16 286.06 1 5
1694.56 1092.82 1 1640.74 1208.56 1 2
1675.94 1117.79 1 1607.22 1231.66 1 2
1681.21 1003.27 1 1637.33 1091.28 1 2
997.519 502.861 1 933.807 450.046 1 1
998.914 419.708 1 935.551 368.227 1 1
1777.64 399.226 1 1790.76 296.873 1 5
1016.2 421.585 1 952.574 368.679 1 1
1670.46 884.764 1 1644.85 937.549 1 2
1089.09 501.821 1 1025.28 447.237 1 1
502.347 537.236 1 547.882 482.766 1 4
310.797 554.552 1 435.898 494.518 1 4
495.015 498.896 1 544.03 451.455 1 4
481.771 556.658 1 536.453 496.902 1 4
1167.19 945.856 1 1053.86 902.007 1 3
1073.53 477.455 1 1008.68 423.289 1 1
1682.07 774.932 1 1678.46 798.797 1 2
1570.62 1007.55 1 1474.4 1059.9 1 2
450.897 582.421 1 516.7 517.375 1 4
458.634 528.722 1 521.333 474.861 1 4
1187.71 903.588 1 1087.79 864.633 1 3
1210.21 943.539 1 1093.63 906.784 1 3
1125.22 939.995 1 1018.42 889.283 1 3
324.489 553.98 1 445.265 494.329 1 4
1647.43 783.55 1 1623.58 802.781 1 2
308.062 645.656 1 437.189 562.73 1 4
412.456 529.087 1 495.084 476.028 1 4
1265.84 980.193 1 1176.54 959.186 1 6
1693.79 969.96 1 1664.12 1051.63 1 2
505.309 580.478 1 549.413 516.5 1 4
1774.86 398.694 1 1787.67 294.897 1 5
997.174 489.774 1 933.229 437.528 1 1
1698.88 920.031 1 1683.03 990.274 1 2
474.518 494.74 1 531.555 447.523 1 4
1654.63 931.576 1 1610.68 992.491 1 2
1067.26 499.527 1 1002.59 445.357 1 1
1635.4 445.16 1 1659.46 365.231 1 5
1785.38 381.134 1 1800.86 272.236 1 5
1031.89 449.11 1 968.375 395.958 1 1
1686.56 824.726 1 1678.73 863.767 1 2
1700.54 922.834 1 1684.29 994.193 1 2
1686.85 1053.99 1 1636.11 1155.35 1 2
453.672 555.243 1 515.557 495.768 1 4
499.957 514.469 1 546.799 464.243 1 4
1646.58 931.878 1 1598.19 989.965 1 2
1657.1 1099.17 1 1581.34 1200.11 1 2
385.493 522.169 1 477.803 469.881 1 4
493.998 565.133 1 542.257 503.626 1 4
1015.76 373.043 1 952.652 321.89 1 1
1048.55 941.062 1 953.934 877.573 1 3
1698.01 991.963 1 1666.43 1080.81 1 2
297.484 267.536 1 430.127 280.702 1 4
1682.27 846.036 1 1667.74 889.098 1 2
1213.45 943.067 1 1095.42 907.971 1 3
1576.02 972.295 1 1488.04 1019.53 1 2
1773.84 397.442 1 1789.4 293.701 1 5
1671.37 395.081 1 1701.6 296.764 1 5
983.515 547.446 1 920.319 493.227 1 1
1694.08 1003.19 1 1658.81 1095.21 1 2
1668.23 872.8 1 1642.61 921.511 1 2
504.862 480.798 1 548.871 436.747 1 4
336.619 533.59 1 451.918 478.139 1 4
1688.77 762.897 1 1692.46 784.177 1 2
1714.76 983.341 1 1695.71 1075.56 1 2
1043.26 482.592 1 978.432 428.861 1 1
943.152 421.519 1 884.622 372.234 1 1
1629.41 921.87 1 1573.86 973.33 1 2
1546.81 1150.43 1 1415.58 1217.87 1 2
1694.78 824.787 1 1691.37 864.888 1 2
285.918 477.993 1 425.323 437.29 1 4
1713.73 367.198 1 1743.82 256.062 1 5
1699.4 1027.63 1 1660.38 1126.91 1 2
309.368 540.656 1 437.005 483.757 1 4
309.518 547.313 1 438.124 489.253 1 4
449.247 546.209 1 513.32 489.874 1 4
1031.77 937.448 1 941.894 871.375 1 3
1691.01 1076.76 1 1635.85 1185.39 1 2
357.107 503.428 1 461.993 456.176 1 4
1070.41 449.436 1 1005.1 394.155 1 1
1096.19 496.26 1 1031.96 441.408 1 1
989.946 392.915 1 926.954 342.629 1 1
1694.37 990.852 1 1660.88 1078.11 1 2
1025.92 921.718 1 943.148 855.751 1 3
1008.99 493.7 1 944.745 440.675 1 1
929.22 369.41 1 872.251 323.774 1 1
1673.91 1055.19 1 1617 1151.5 1 2
315.214 552.875 1 439.884 493.114 1 4
1695.44 1008.42 1 1662.94 1102.43 1 2
297.604 542.298 1 428.992 484.737 1 4
1606.78 818.225 1 1557.55 839.127 1 2
1009.49 499.396 1 945.185 445.621 1 1
424.971 562.507 1 501.463 501.315 1 4
951.644 630.806 1 890.241 571.854 1 1
1179.82 923.675 1 1073.3 882.618 1 3
1147.8 914.271 1 1048.06 868.136 1 3
1529.31 986.354 1 1420.1 1022.99 1 2
1692.36 1084.75 1 1637.99 1197.29 1 2
414.127 530.698 1 495.084 476.028 1 4
1088.64 427.246 1 1023.6 371.655 1 1
1066.66 470.695 1 1003.09 417.574 1 1
1699.25 1025.28 1 1663.7 1123.91 1 2
1667.24 384.368 1 1701.31 282.789 1 5
1703.14 899.481 1 1692.47 964.296 1 2
1268.79 941.164 1 1179.96 918.232 1 6
1709.06 1077.37 1 1664.1 1192.49 1 2
396.109 527.57 1 484.785 474.493 1 4
500.124 507.252 1 544.406 458.303 1 4
248.467 488.981 1 403.435 445.645 1 4
332.778 516.924 1 450.56 465.875 1 4
1686.27 965.36 1 1653.42 1044.78 1 2
1707.62 1008.56 1 1677.13 1104.33 1 2
995.339 488.486 1 931.508 435.948 1 1
959.138 418.174 1 898.657 368.441 1 1
1689.13 825.144 1 1683 864 1 2
1325.9 851.933 1 1228.05 832.258 1 7
1079.51 450.626 1 1011.68 395.144 1 1
1608.25 832.273 1 1558.17 856.675 1 2
408.855 502.81 1 491.589 455.591 1 4
1693.62 831.388 1 1689.09 874.398 1 2
1686.75 852.188 1 1677.62 899.507 1 2
1665.85 789.178 1 1653.85 813.533 1 2
1667.81 768.305 1 1658.04 786.843 1 2
308.033 532.606 1 433.485 478.486 1 4
472.079 524.939 1 527.753 472.175 1 4
379.42 509.436 1 476.875 459.978 1 4
1001.12 428.738 1 937.528 377.259 1 1
1596.73 477.69 1 1623.8 407.871 1 5
1648.17 940.621 1 1597.4 1001.48 1 2
235.871 648.804 1 398.842 562.754 1 4
1069.56 426.752 1 1004.26 371.707 1 1
323.768 517.394 1 445.868 466.359 1 4
1696.27 899.72 1 1683.65 963.008 1 2
1327.44 918.925 1 1227.9 904.48 1 7
1060.06 911.093 1 974.215 851.452 1 3
1741.39 356.356 1 1769.36 240.803 1 5
1172.72 939.117 1 1056.31 894.325 1 3
424.928 508.379 1 501.057 459.146 1 4
1091.41 500.978 1 1027.53 446.246 1 1
466.23 637.527 1 525.722 560.778 1 4
1714.47 972.212 1 1697.46 1062.46 1 2
1710.45 1056.41 1 1671.71 1166.7 1 2
385.812 500.897 1 479.831 453.714 1 4
290.547 503.04 1 426.195 456.184 1 4
1695.89 952.143 1 1673.07 1030.31 1 2
1596.02 940.946 1 1522.57 987.175 1 2
1073.83 424.178 1 1009.41 369.103 1 1
383.945 496.092 1 477.231 450.296 1 4
1713.22 969.882 1 1695.13 1059.19 1 2
450.103 562.368 1 515.229 501.667 1 4
1694.31 900.653 1 1679.7 963.433 1 2
1686.92 755.723 1 1689.51 774.936 1 2
273.443 589.171 1 417.076 519.924 1 4
494.832 496.468 1 544.003 448.948 1 4
1076.42 419.227 1 1011.78 363.914 1 1
1682.46 1073.4 1 1627.01 1177.5 1 2
395.275 515.427 1 485.882 465.192 1 4
1614.15 446.7 1 1642.92 367.173 1 5
383.885 377.531 1 480.061 358.173 1 4
954.797 409.655 1 894.917 360.685 1 1
350.745 507.617 1 460.435 459.867 1 4
1696.78 896.166 1 1684.08 958.587 1 2
1700.49 837.525 1 1699.12 884.427 1 2
1689.05 1053.69 1 1638.44 1155.8 1 2
1597.29 758.314 1 1556.14 763.324 1 2
1270.91 986.383 1 1181.68 966.861 1 6
1084.97 497.051 1 1019.91 441.684 1 1
1049.74 412.502 1 985.526 358.514 1 1
1058.54 500.925 1 993.021 446.894 1 1
1719.67 1066.22 1 1683.73 1182.15 1 2
1217.08 1425.05 1 153.09 1305.94 1 0
459.635 439.632 1 1831.56 825.723 1 0
993.685 1184.17 1 1018.34 575.902 1 0
21.6623 1057.66 1 209.227 932.138 1 0
762.614 1172.34 1 1104.57 538.504 1 0
270.62 1110.05 1 1894.41 915.742 1 0
270.62 1263.67 1 1721.34 893.384 1 0
1411.66 923.375 1 440.782 107.607 1 0
737.779 988.281 1 1598.74 1204.18 1 0
296.724 942.661 1 806.786 385.477 1 0
1145.24 457.383 1 1095.14 343.832 1 0
572.814 1176.4 1 1782.56 1178.66 1 0
462.414 1288.1 1 464.288 379.334 1 0
1048.85 641.666 1 197.443 393.02 1 0
1854.64 128.564 1 103.238 96.9021 1 0
1883.41 1249.03 1 1067.77 1256.3 1 0
1050.67 1423.11 1 799.414 366.822 1 0
872.288 1327.53 1 24.2003 1402.65 1 0
450.208 576.851 1 18.4597 628.522 1 0
1615.9 989.861 1 1379.15 1197.99 1 0
1451.24 1161.05 1 71.5143 1295.64 1 0
1886.85 96.9924 1 554.444 224.861 1 0
737.718 1037.92 1 442.897 240.76 1 0
1797.24 663.753 1 168.62 1167.5 1 0
427.065 685.795 1 17.4325 1120.94 1 0
86.3793 383.083 1 384.766 376.579 1 0
397.395 1163.89 1 1288.2 982.002 1 0
308.508 951.785 1 1137.68 634.62 1 0
515.469 597.492 1 703.517 64.2009 1 0
1179.68 114.969 1 401.383 240.715 1 0
883.769 1023.01 1 795.123 1246.86 1 0
785.576 1471.44 1 376.911 1335.66 1 0
108.254 432.631 1 525.198 613.301 1 0
789.262 598.17 1 1799.66 466.733 1 0
1485.8 1099.84 1 1474.08 216.189 1 0
738.322 776.129 1 226.569 1353.01 1 0
1371.53 143.831 1 167.532 122.151 1 0
292.495 594.376 1 144.328 1010.1 1 0
1306.7 815.109 1 204.634 817.141 1 0
1451.18 795.822 1 1356.25 1035.34 1 0
345.73 100.019 1 624.902 1171.03 1 0
880.929 761.631 1 1209.77 1132.64 1 0
1244.15 1485.98 1 115.867 843.022 1 0
62.8733 916.6 1 784.549 37.5521 1 0
805.759 1086.38 1 1220.95 1206.39 1 0
1580.49 694.06 1 1179.44 882.363 1 0
30.2429 405.621 1 686.295 353.498 1 0
1446.64 940.81 1 1780.02 280.869 1 0
400.779 1344.29 1 1588.89 1421.03 1 0
1231.52 402.188 1 506.284 1093.66 1 0
171.339 1203.68 1 1703.58 194.464 1 0
