212.72360229492187 300.13336181640625 1 691.9912109375 487.97369384765625 1 0
463.26922607421875 468.24359130859375 1 290.33694458007812 383.05435180664062 1 0
463.26922607421875 468.24359130859375 1 290.33694458007812 383.05435180664062 1 0
599.81817626953125 498.80303955078125 1 494.79196166992187 491.52191162109375 1 0
599.81817626953125 498.80303955078125 1 494.79196166992187 491.52191162109375 1 0
334.453857421875 328.20770263671875 1 331.39617919921875 189.27508544921875 1 0
334.453857421875 328.20770263671875 1 331.39617919921875 189.27508544921875 1 0
335.98486328125 328.8636474609375 1 333.89114379882812 191.32661437988281 1 0
620.5 492.35293579101562 1 539.7080078125 497.02801513671875 1 0
620.5 492.35293579101562 1 539.7080078125 497.02801513671875 1 0
646.30401611328125 519.3438720703125 1 553.28460693359375 528.45794677734375 1 0
589.04736328125 559.87896728515625 1 555.586181640625 500.32757568359375 1 0
373.11224365234375 374.13265991210937 1 310.07144165039062 248.86508178710937 1 0
335.30352783203125 349.02786254882812 1 286.28872680664062 195.69601440429687 1 0
629.19049072265625 490.9761962890625 1 555.586181640625 500.32757568359375 1 0
740.673095703125 191.80769348144531 1 603.8616943359375 530.90423583984375 1 0
356.86505126953125 340.6614990234375 1 339.40963745117187 218.93025207519531 1 0
354.08139038085937 350.12789916992187 1 319.33334350585937 217.73809814453125 1 0
465.25 492 1 237.40237426757812 403.72781372070312 1 0
538.7982177734375 563.3070068359375 1 236.84156799316406 512.639892578125 1 0
538.7982177734375 563.3070068359375 1 236.84156799316406 512.639892578125 1 0
553.34051513671875 592.31597900390625 1 224.20748901367187 547.211181640625 1 0
555.63336181640625 596.4111328125 1 219.48629760742187 552.623291015625 1 0
555.63336181640625 596.4111328125 1 219.48629760742187 552.623291015625 1 0
437.1441650390625 373.53680419921875 1 438.77706909179687 303.16665649414062 1 0
437.1441650390625 373.53680419921875 1 438.77706909179687 303.16665649414062 1 0
309.60256958007812 356.67947387695312 1 206.80718994140625 177.66339111328125 1 0
504.48001098632813 230.1199951171875 1 759.7359619140625 277.88201904296875 1 0
532.625 205.47500610351562 1 543.3499755859375 405.39999389648437 1 0
435.03060913085937 470.31631469726562 1 220.91175842285156 363.28732299804687 1 0
329.6734619140625 339.19387817382812 1 297.996337890625 189.37347412109375 1 0
329.6734619140625 339.19387817382812 1 297.996337890625 189.37347412109375 1 0
413.64285278320312 335.84286499023437 1 467.38235473632812 263.691162109375 1 0
307.68948364257812 325.0052490234375 1 281.97592163085937 160.16043090820312 1 0
527.39093017578125 556.71820068359375 1 225.19548034667969 500.11727905273437 1 0
620.59088134765625 435.8916015625 1 627.69854736328125 458.503662109375 1 0
618.9066162109375 434.39010620117187 1 627.9525146484375 455.81283569335938 1 0
374.16665649414062 454.64999389648437 1 108.02924346923828 299.45321655273437 1 0
280.00967407226562 141.35160827636719 1 586.04205322265625 71.300621032714844 1 0
332.52944946289062 328.66928100585937 1 333.31509399414062 186.24330139160156 1 0
327.14544677734375 316.64089965820313 1 343.4332275390625 180.06748962402344 1 0
329.357666015625 302.37188720703125 1 376.24969482421875 173.59825134277344 1 0
329.357666015625 302.37188720703125 1 376.24969482421875 173.59825134277344 1 0
329.357666015625 302.37188720703125 1 375.46694946289062 172.73135375976562 1 0
407.33334350585937 344 1 441.0333251953125 262.70001220703125 1 0
407.33334350585937 344 1 441.0333251953125 262.70001220703125 1 0
335.5748291015625 391.5748291015625 1 181.95138549804687 221.15740966796875 1 0
331.52438354492187 389.69512939453125 1 175.328125 216.84375 1 0
416.82925415039062 324.19512939453125 1 492.30447387695312 259.92459106445313 1 0
416.82925415039062 324.19512939453125 1 492.30447387695312 259.92459106445313 1 0
444.93533325195312 343.15744018554687 1 507.64999389648437 294.12741088867187 1 0
535.57891845703125 623.131591796875 1 93.394180297851563 571.01849365234375 1 0
547.9117431640625 418.2843017578125 1 546.41754150390625 405.57217407226562 1 0
452.58163452148437 469.35714721679687 1 264.28363037109375 376.48245239257812 1 0
395.47369384765625 364.34210205078125 1 375.66128540039062 263.6290283203125 1 0
498.625 577.2750244140625 1 98.546051025390625 502.5 1 0
275.11904907226563 337.80950927734375 1 166.46875 129.984375 1 0
560.870361328125 582.16668701171875 1 266.91790771484375 540.79351806640625 1 0
392.80917358398437 319.71737670898437 1 460.36614990234375 238.73031616210937 1 0
392.80917358398437 319.71737670898437 1 460.36614990234375 238.73031616210937 1 0
392.80917358398437 319.71737670898437 1 460.36614990234375 238.73031616210937 1 0
590.894287109375 418.43392944335937 1 611.766357421875 430.14447021484375 1 0
590.894287109375 418.43392944335937 1 611.766357421875 430.14447021484375 1 0
596.1842041015625 420.71929931640625 1 617.51910400390625 435.83438110351562 1 0
596.1842041015625 420.71929931640625 1 617.51910400390625 435.83438110351562 1 0
598.4342041015625 421.69735717773437 1 617.51910400390625 435.83438110351562 1 0
513.1744384765625 548.406982421875 1 209.91572570800781 483.7640380859375 1 0
464.08035278320312 376.42559814453125 1 481.67898559570312 324.66348266601562 1 0
495.18890380859375 538.36663818359375 1 189.95370483398438 463.21295166015625 1 0
440.7684326171875 361.46755981445312 1 467.19955444335937 299.70614624023437 1 0
584.45452880859375 597.022705078125 1 287.31594848632812 567.03985595703125 1 0
466.05801391601562 415.02487182617187 1 411.16531372070312 349.19354248046875 1 0
459.02127075195312 421.65957641601562 1 384.5 348.01351928710937 1 0
378.22369384765625 366.60525512695312 1 337.21771240234375 249.43780517578125 1 0
654.58770751953125 525.65789794921875 1 555.65838623046875 537.1534423828125 1 0
669.232421875 478.58450317382812 1 323.87142944335937 520.63140869140625 1 0
428.96377563476562 312.89129638671875 1 533.44708251953125 264.10000610351562 1 0
375.94317626953125 256.2386474609375 1 542.9049072265625 195.10122680664062 1 0
375.94317626953125 256.2386474609375 1 542.9049072265625 195.10122680664062 1 0
483.55484008789063 423.5894775390625 1 420.71054077148437 369.31634521484375 1 0
483.55484008789063 423.5894775390625 1 420.71054077148437 369.31634521484375 1 0
482.06192016601562 423.55645751953125 1 420.71054077148437 369.31634521484375 1 0
482.06192016601562 423.55645751953125 1 420.71054077148437 369.31634521484375 1 0
480.73147583007812 426.24130249023437 1 415.45053100585937 367.26654052734375 1 0
487.37692260742187 406.09231567382812 1 468.184814453125 359.05874633789062 1 0
586.5 514.7908935546875 1 441.8466796875 497.01333618164062 1 0
586.5 514.7908935546875 1 441.8466796875 497.01333618164062 1 0
577.86956787109375 516.80975341796875 1 421.21771240234375 493.84738159179687 1 0
455.45123291015625 449.7694091796875 1 316.22311401367187 365.52850341796875 1 0
452.03704833984375 446.149169921875 1 317.35543823242187 360.678955078125 1 0
560.17230224609375 560.92938232421875 1 305.43621826171875 521.302490234375 1 0
480.73147583007812 426.24130249023437 1 415.45053100585937 367.26654052734375 1 0
396.46597290039062 267.924072265625 1 556.55450439453125 217.63681030273437 1 0
408.60638427734375 274.67730712890625 1 565.33837890625 230.73568725585937 1 0
426.984375 405.703125 1 353.14425659179687 313.57113647460938 1 0
537.1497802734375 346.10992431640625 1 642.49249267578125 356.1558837890625 1 0
537.1497802734375 346.10992431640625 1 642.49249267578125 356.1558837890625 1 0
374.27398681640625 277.89041137695312 1 502.71212768554687 204.02272033691406 1 0
374.27398681640625 277.89041137695312 1 502.71212768554687 204.02272033691406 1 0
405.18707275390625 287.85714721679687 1 537.1380615234375 233.16162109375 1 0
405.18707275390625 287.85714721679687 1 537.1380615234375 233.16162109375 1 0
405.52313232421875 286.80636596679688 1 539.53167724609375 233.88616943359375 1 0
405.52313232421875 286.80636596679688 1 539.53167724609375 233.88616943359375 1 0
407.80392456054687 288.60784912109375 1 539.53167724609375 233.88616943359375 1 0
370.72604370117187 336.42138671875 1 383.95394897460938 228.94325256347656 1 0
372.7425537109375 339.57980346679688 1 383.95394897460938 228.94325256347656 1 0
372.7425537109375 339.57980346679688 1 383.95394897460938 228.94325256347656 1 0
372.7425537109375 339.57980346679688 1 385.7813720703125 228.83880615234375 1 0
375.62008666992187 344.28060913085937 1 378.61386108398437 235.88056945800781 1 0
375.95184326171875 345.825927734375 1 376.02447509765625 237.14366149902344 1 0
303.1019287109375 303.47088623046875 1 320.5142822265625 147.61785888671875 1 0
302.88888549804687 304.20834350585937 1 319.5841064453125 147.65420532226562 1 0
302.88888549804687 304.20834350585937 1 319.5841064453125 147.65420532226562 1 0
427.62237548828125 386.19760131835937 1 393.23141479492187 304.83334350585937 1 0
427.62237548828125 386.19760131835937 1 393.23141479492187 304.83334350585937 1 0
618.75 500.85714721679687 1 522.6158447265625 502.36871337890625 1 0
397.60031127929687 283.42999267578125 1 531.51092529296875 226.4776611328125 1 0
405.46295166015625 311.03704833984375 1 497.1981201171875 244.84906005859375 1 0
504.1376953125 472.7164306640625 1 370.80856323242187 415.58175659179687 1 0
504.1376953125 472.7164306640625 1 373.1944580078125 417.082763671875 1 0
583.26475822414932 400.22240550476005 1 626.50725798850044 414.94801583561116 1 1
665.08914275000552 530.09415116381842 1 563.84891130172491 545.67837684984454 1 1
653.09664107667743 492.48075630561368 1 603.58694504665846 511.93434819492893 1 1
531.52380261492567 616.52203046140528 1 99.091806764544145 561.35885853355887 1 1
501.9997895064368 604.86188690496317 1 37.608353596095071 532.28655986353351 1 1
491.48582665496502 383.43743071343533 1 515.10023757077465 348.39913927266383 1 1
290.59043156799459 311.57776630759565 1 272.91923272692981 137.5373041757 1 1
509.67845225751705 227.87979828447547 1 769.2910830426996 281.04088038457826 1 1
577.46848436324888 588.46116604568215 1 291.44766200890069 555.87423320408504 1 1
334.28258331429964 123.56776305002749 1 687.4235324143649 113.74548753471936 1 1
