3.458 162.76 1 32.217 13.556 1 0
4.4745 322.58 1 61.174 123.39 1 0
11.604 254.35 1 43 42.649 1 0
13.321 120.55 1 9.8533 277.24 1 0
15.607 208.13 1 236.81 333.2 1 0
24.545 74.67 1 20.745 69.729 1 1
29.548 14.903 1 203.76 265.99 1 0
34.143 270.51 1 456.78 16.071 1 0
37.185 42.223 1 310.62 272.25 1 0
39.937 296.64 1 27.514 282.29 1 1
39.937 296.64 1 38.821 70.798 1 0
41.806 114.28 1 60.728 318.14 1 0
53.477 224.91 1 340.02 345.9 1 0
55.541 340.25 1 380.37 300.4 1 0
60.77 96.631 1 57.732 90.077 1 1
62.503 77.208 1 13.756 184.84 1 0
62.087 83.674 1 25.965 223.06 1 0
61.699 291.82 1 48.448 281.06 1 1
63.571 234.04 1 52.502 224.19 1 1
65.016 371.75 1 89.144 170.98 1 0
70.494 49.354 1 69.402 43.232 1 1
80.836 136.42 1 200.19 38.896 1 0
80.806 204.47 1 11.352 81.868 1 0
81.745 9.9069 1 478.97 299.42 1 0
85.167 256.45 1 77.759 246.96 1 1
100.12 10.881 1 470.92 236.99 1 0
104.79 6.5823 1 72.846 362.04 1 0
104.8 202.62 1 100.81 193.65 1 1
104.8 202.62 1 19.622 79.733 1 0
112.35 15.937 1 263.86 350.84 1 0
113.43 79.921 1 37.077 370.88 1 0
113.28 293.78 1 105.84 286.22 1 1
117.14 273.93 1 266.86 118.79 1 0
120.58 293.53 1 113.25 286.23 1 1
124.4 129.55 1 30.211 263.98 1 0
126.34 160.93 1 159.65 19.728 1 0
128.91 277.77 1 123.35 270.67 1 1
131.88 261.52 1 127.66 254.17 1 1
133.39 268.22 1 128.44 260.95 1 1
134.99 248.43 1 131.86 241.06 1 1
145.17 255.15 1 143.45 248.4 1 1
150.62 285.62 1 148.35 279.79 1 1
155.13 156.66 1 161.15 146.66 1 1
155.13 156.66 1 9.8533 277.24 1 0
157.92 238.73 1 159.08 231.87 1 1
162.18 22.877 1 14.165 27.216 1 0
165.96 120.77 1 174.81 109.66 1 1
166.13 212.71 1 11.352 81.868 1 0
167.39 5.183 1 424.81 133.96 1 0
167.39 5.183 1 104.38 372.18 1 0
168.21 285.93 1 168.9 281.75 1 1
169.8 125.92 1 179.05 115.32 1 1
170.46 209.02 1 57.732 90.077 1 0
176.18 296.13 1 11.555 236.1 1 0
179.28 367.8 1 321.45 167.05 1 0
181.04 31.546 1 252.34 243.75 1 0
183.39 40.487 1 327.48 99.571 1 0
194.4 131.39 1 309.72 279.31 1 0
196.66 236.03 1 206.96 230.25 1 1
204 12.647 1 263.86 350.84 1 0
204.23 263.85 1 214.3 260.59 1 1
203.84 319.36 1 371.41 364.1 1 0
205.25 19.345 1 263.86 350.84 1 0
213.65 78.63 1 346.3 26.245 1 0
214.06 196.69 1 295.72 103.51 1 0
215.82 53.1 1 41.468 307.56 1 0
221.21 60.416 1 127.99 79.254 1 0
222.8 344.05 1 131.86 241.06 1 0
224.91 288.6 1 241.25 287.69 1 1
230.02 268.58 1 247.91 266.67 1 1
234.51 273.72 1 252.96 272.44 1 1
234.51 273.72 1 131.86 241.06 1 0
236.01 32.884 1 12.102 259.65 1 0
239.78 315.34 1 140.59 123.11 1 0
258.69 292.51 1 185.63 270.73 1 0
264.4 228.94 1 294.1 225.16 1 1
269.34 50.514 1 263.86 350.84 1 0
275.08 266.23 1 99.199 56.589 1 0
277.15 92.895 1 357.83 320.84 1 0
283.28 221.51 1 320.66 219.1 1 2
291.67 115.1 1 338.21 101.5 1 1
293.8 127.88 1 11.352 81.868 1 0
299.43 148 1 345.79 136.03 1 1
302.87 261.51 1 339.39 261.17 1 2
302.87 261.51 1 339.39 261.17 1 2
303.59 275.94 1 339.92 278.63 1 2
308.23 263.46 1 369.18 104.42 1 0
314.07 174.07 1 444.93 226.17 1 0
315.75 123.45 1 17.944 39.496 1 0
321.94 207.83 1 159.08 231.87 1 0
338.43 313.85 1 339.81 271.46 1 0
346.5 199.86 1 383.56 192.11 1 2
348.92 10.208 1 29.191 32.51 1 0
348.92 10.208 1 339.81 271.46 1 0
348.92 10.208 1 29.191 32.51 1 0
349.2 259.15 1 385.26 261.02 1 2
354.66 246.2 1 392.14 246.35 1 2
356.26 152.76 1 52.275 56.009 1 0
356.83 164.46 1 360.25 252.76 1 0
365.49 37.974 1 11.789 128.85 1 0
365.49 37.974 1 342.56 82.057 1 0
370.27 240.63 1 407.84 239.83 1 2
372.13 114.42 1 175.94 14.883 1 0
376.2 361.02 1 424.81 133.96 1 0
376.56 201.86 1 374.37 66.986 1 0
387.74 299.31 1 319.38 32.265 1 0
392.19 132.63 1 55.921 154.89 1 0
410.85 315.76 1 311.52 11.862 1 0
423.22 325.06 1 151.43 23.503 1 0
425.07 156.16 1 263.86 350.84 1 0
433.44 141.78 1 319.38 32.265 1 0
435.02 148.05 1 340.02 345.9 1 0
439.27 122.06 1 20.745 69.729 1 0
442.47 134.67 1 51.686 269.72 1 0
442.47 134.67 1 12.102 259.65 1 0
441.78 296.03 1 236.81 333.2 1 0
444.94 262.02 1 165.69 323.4 1 0
446.18 161.47 1 340.02 345.9 1 0
446.3 167.79 1 55.921 154.89 1 0
451.12 187.83 1 275.98 329.97 1 0
451.83 228.33 1 111.14 270.23 1 0
451.83 228.33 1 397.41 290.91 1 0
464.75 160.5 1 340.02 345.9 1 0
466.12 39.172 1 199.51 55.711 1 0
468.78 123.68 1 360.25 252.76 1 0
468.91 177.44 1 79.958 175.1 1 0
471.84 41.11 1 299.6 32.335 1 0
479.72 111.78 1 69.402 43.232 1 0
480.49 172.87 1 432.07 68.312 1 0
482.04 137.96 1 357.83 320.84 1 0
482.04 137.96 1 159.65 19.728 1 0
487.72 257.86 1 123.05 39.643 1 0
492.19 13.428 1 261.9 29.041 1 0
491.93 194.96 1 407.84 239.83 1 0
493.36 98.054 1 324.18 182.06 1 0
492.66 306.29 1 5.9946 174.71 1 0
494.7 359.7 1 181.55 297.04 1 0
494.95 209.41 1 231.81 146.97 1 0
494.95 209.41 1 268.23 166.2 1 0
496.97 101.84 1 366.19 17.941 1 0
499.88 131.44 1 366.19 17.941 1 0
10.947 212.34 1 165.69 323.4 1 0
12.255 181.21 1 365.96 265.6 1 0
23.447 333.89 1 443.27 11.251 1 0
26.07 200.26 1 311.52 11.862 1 0
32.518 87.507 1 28.295 82.166 1 1
40.771 26.23 1 392.11 241.22 1 0
47.353 10.097 1 360.25 252.76 1 0
50.755 259.27 1 38.936 247.96 1 1
69.298 330.09 1 420.5 149.55 1 0
69.509 273.97 1 57.466 263.81 1 1
81.161 303.8 1 43.628 286.4 1 0
94.762 297.56 1 112.37 212.32 1 0
122.41 24.204 1 263.86 350.84 1 0
121.79 335.67 1 293.74 203.56 1 0
140.64 27.009 1 263.86 350.84 1 0
161.5 338.69 1 393.31 144.7 1 0
167.66 354.8 1 13.775 226.17 1 0
174.34 51.816 1 484.96 122.34 1 0
180.77 16.171 1 241.25 287.69 1 0
209.15 349.32 1 131.86 241.06 1 0
215.93 251.77 1 232.98 248.21 1 0
224.9 188.05 1 343.35 301.16 1 0
237.01 39.25 1 336.68 170.27 1 0
241.5 261.12 1 262.52 259.05 1 1
249.5 244.31 1 25.965 223.06 1 0
262.42 274.85 1 289.61 275.33 1 1
297.13 263.7 1 334.19 263 1 2
303.37 268.79 1 339.81 271.46 1 2
303.37 268.79 1 339.81 271.46 1 2
306.32 148.97 1 354.29 137.07 1 1
319.68 352.48 1 327.62 32.635 1 0
327.37 204.19 1 363.57 197.34 1 2
327.37 204.19 1 115.01 14.852 1 0
330.38 263.89 1 365.96 265.6 1 2
342.96 115.37 1 9.8533 277.24 1 0
361.42 284.35 1 397.41 290.91 1 2
375.66 123.74 1 12.102 259.65 1 0
379.55 111.34 1 246.65 26.816 1 0
387.32 271.11 1 426.19 276.9 1 2
388.8 109.44 1 9.8533 277.24 1 0
388.8 109.44 1 30.211 263.98 1 0
389.83 279.24 1 393.31 144.7 1 0
402.18 368.11 1 276.7 303.24 1 0
420.08 152.86 1 104.74 158.26 1 0
420.55 229.76 1 387.92 156.81 1 0
429.76 124.87 1 56.486 16.735 1 0
444.68 280.66 1 483.2 150.72 1 0
453.28 212.74 1 201.91 343.88 1 0
455.45 164.52 1 340.02 345.9 1 0
458.75 155.29 1 263.86 350.84 1 0
469.27 101.78 1 206.96 230.25 1 0
472.86 257.1 1 123.52 278.78 1 0
474.81 105.47 1 79.958 175.1 1 0
480.73 260.79 1 8.1644 160.39 1 0
480.73 260.79 1 104.13 92.132 1 0
483.26 105.75 1 14.165 27.216 1 0
486.46 344.6 1 397.41 290.91 1 0
494.32 287.69 1 81.313 14.99 1 0
497.02 28.775 1 247.91 266.67 1 0
10.932 141.21 1 37.165 269.36 1 0
15.78 205.79 1 253.22 331.36 1 0
16.371 302.47 1 467.52 118.8 1 0
31.99 260.93 1 157.91 43.883 1 0
31.99 260.93 1 99.199 56.589 1 0
33.649 290.78 1 19.693 278.69 1 1
35.677 16.725 1 203.76 265.99 1 0
45.536 47.726 1 43 42.649 1 1
47.692 300.79 1 34.238 288.74 1 1
49.665 280.6 1 37.165 269.36 1 1
73.314 67.772 1 71.265 60.241 1 1
74.588 349.15 1 56.486 16.735 1 0
99.073 65.34 1 99.199 56.589 1 1
104.79 77.113 1 359.64 112.64 1 0
109.31 97.979 1 333.17 204.44 1 0
132.09 21.045 1 263.86 350.84 1 0
132.12 285.38 1 123.52 278.78 1 1
151.12 271.59 1 149.83 265.51 1 1
152.55 295.14 1 11.555 236.1 1 0
264.99 222.95 1 367.62 120.51 1 0
294.21 178.67 1 336.68 170.27 1 1
295.26 99.341 1 342.56 82.057 1 1
304.92 143.43 1 363.57 197.34 1 0
306.46 173.13 1 301.68 19.799 1 0
322 241.66 1 357.63 240.05 1 2
357.81 262.58 1 394.04 265.74 1 2
367.61 197.28 1 405.74 188.36 1 2
400.76 156.18 1 345.79 136.03 1 0
18.927 263.05 1 11.331 367.16 1 0
28.178 214.38 1 482.45 225.88 1 0
32.105 261.15 1 157.91 43.883 1 0
45.327 47.629 1 43 42.649 1 1
67.374 55.239 1 64.527 48.408 1 1
66.935 264.86 1 54.384 254.72 1 1
66.935 264.86 1 116.88 30.002 1 0
81.257 265.23 1 324 108.6 1 0
136.6 261.15 1 132.04 253.59 1 1
141.64 278.67 1 392.14 246.35 1 0
174.08 167.83 1 76.721 257.62 1 0
187.97 105.04 1 202.01 92.334 1 1
199.9 117.77 1 123.35 270.67 1 0
199.9 117.77 1 214.33 105 1 1
198.84 132.62 1 214.19 120.78 1 1
203.88 260.09 1 89.144 170.98 1 0
220.68 125.9 1 123.35 270.67 1 0
267.86 261.58 1 298.9 261.79 1 1
281.35 203.47 1 57.732 90.077 1 0
336.95 197.34 1 373.68 188.91 1 2
375.4 189.73 1 414.51 179.11 1 2
379.09 162.95 1 493.58 117.18 1 0
389.03 260.53 1 428.38 264.66 1 2
8.2384 165.48 1 115.01 14.852 1 0
218.15 177.36 1 346.82 157.5 1 0
274.33 134.62 1 311.07 122.45 1 1
278.82 190.04 1 315.83 181.1 1 1
284.55 284.84 1 57.732 90.077 1 0
284.55 284.84 1 240.75 126.81 1 0
298.45 132.84 1 343.92 120.58 1 1
308.86 246.13 1 343.7 245.4 1 2
315.83 205.05 1 353.33 200.18 1 2
337.48 286.26 1 372.21 291.73 1 2
337.48 286.26 1 372.21 291.73 1 2
353.9 241.65 1 392.11 241.22 1 2
356.06 193.81 1 393.62 184.52 1 2
381.08 282.61 1 418.14 290.71 1 2
392.36 155.1 1 157.91 43.883 1 0
399.98 168.03 1 72.846 362.04 1 0
27.419 212.11 1 272.71 275.99 1 0
55.523 62.615 1 52.275 56.009 1 1
63.818 280.67 1 51.686 269.72 1 1
94.168 153.92 1 235.97 169.26 1 0
115.88 301.39 1 51.686 269.72 1 0
175.43 124.55 1 185.31 112.58 1 1
176.47 169.17 1 185.11 163.75 1 1
219.86 280.78 1 234.15 278.09 1 1
224.01 247.85 1 238.2 243.77 1 1
254.51 232.71 1 158.93 215.12 1 0
261.11 169.93 1 294.51 160.23 1 1
31.595 82.333 1 185.31 112.58 1 0
69.869 93.442 1 67.14 87.058 1 1
90.393 76.5 1 89.055 67.951 1 1
104.33 101.53 1 104.13 92.132 1 1
157.88 99.982 1 167.53 88.15 1 1
176.97 202.08 1 184.14 194.19 1 1
184.29 149.2 1 195.21 138.86 1 1
224.23 102.33 1 245.09 89.25 1 1
240.79 129.9 1 266.86 118.79 1 1
262.87 117.1 1 295.72 103.51 1 1
290.83 205.83 1 328.42 198.97 1 2
318.7 271.63 1 352.54 276.17 1 2
329.36 248.8 1 365.21 247.8 1 2
339.13 159.38 1 393.31 144.7 1 1
380.27 240.84 1 416.16 239.46 1 2
30.033 146.03 1 24.007 138.79 1 1
27.014 183.11 1 19.974 173.57 1 1
83.552 248.97 1 75.047 239.5 1 1
93.173 284.95 1 85.118 274.68 1 1
93.173 284.95 1 131.86 241.06 1 0
93.173 284.95 1 85.118 274.68 1 1
95.962 192.72 1 90.793 183.44 1 1
158.84 224.37 1 158.93 215.12 1 1
174.32 291.74 1 379.11 335.29 1 0
177.26 85.273 1 190.28 73.282 1 1
196.48 224.2 1 209.03 215.9 1 1
283.54 177.54 1 321.45 167.05 1 1
46.446 116.27 1 195.21 138.86 1 0
117.63 220.78 1 112.37 212.32 1 1
200.76 157.71 1 214.41 148.44 1 1
244.2 224.46 1 268.03 216.33 1 1
60.069 206.19 1 492 150.27 1 0
84.767 49.46 1 104.49 11.792 1 0
140.19 112.12 1 266.86 118.79 1 0
67.798 131.44 1 61.174 123.39 1 1
67.798 131.44 1 404.66 257.82 1 0
136.38 211.81 1 137.58 201.48 1 1
363.45 263.4 1 405.16 265.82 1 2
369.13 169.31 1 157.91 43.883 1 0
64.655 47.117 1 104.49 11.792 1 0
240.75 185.24 1 263.19 185.5 1 1
119.61 173.1 1 126.7 157.35 1 1
