17.362 240.18 1 1302.9 197.71 1 0
42.754 936.43 1 1053.4 182.84 1 0
55.316 413.07 1 20.675 412.4 1 7
64.525 404.38 1 31.254 402.95 1 7
69.983 395.89 1 36.699 393.12 1 7
71.884 405.76 1 40.572 404.75 1 7
75.465 415.19 1 43.524 415.6 1 7
86.64 409 1 56.305 409.51 1 7
102.59 512.91 1 1010.7 687.76 1 0
105.63 419.6 1 77.227 422.84 1 7
136.57 415.59 1 111.54 420.1 1 7
136.57 415.59 1 111.54 420.1 1 7
138.53 452.54 1 112.75 462.25 1 7
139.04 988.19 1 1082.7 21.271 1 0
151.39 418.74 1 127.9 424.22 1 7
151.39 418.74 1 127.9 424.22 1 7
155.87 470.07 1 130.92 483.05 1 7
182.93 466.89 1 160.75 480.44 1 7
189.49 523.06 1 167.27 545.05 1 7
190.41 505.5 1 168.81 524.94 1 7
190.09 514.32 1 168.1 535.09 1 7
189.87 597.28 1 165.5 629.79 1 7
190.58 397.66 1 171.14 402.49 1 7
192.96 588.29 1 168.39 619.85 1 7
192.96 588.29 1 168.39 619.85 1 7
200.16 579.91 1 177.28 610.38 1 7
200.58 389.89 1 181.91 394.51 1 7
203.25 399.61 1 184.97 405.47 1 7
202.9 452.75 1 183.39 466.14 1 7
205.22 616.13 1 181.7 652.03 1 7
205.22 616.13 1 181.7 652.03 1 7
206.5 471.69 1 186.03 486.92 1 7
207.49 543.46 1 185.44 568.67 1 7
207.49 543.46 1 185.44 568.67 1 7
210.09 391.87 1 192.68 397.22 1 7
212.51 534.41 1 191.25 558.16 1 7
214.48 223.36 1 156.05 216.22 1 6
213.98 499.64 1 193.98 518.99 1 7
214.32 507.48 1 193.57 527.65 1 7
214.44 517.23 1 193.13 539.1 1 7
216.82 581.12 1 195.12 612.14 1 7
218 401.98 1 199.68 408.81 1 7
224.43 517.46 1 204.51 539.71 1 7
225.04 394.83 1 207.05 401.08 1 7
225.04 394.83 1 207.05 401.08 1 7
243.13 271.47 1 184.41 272.22 1 6
245.89 652.63 1 229.9 694.02 1 4
248.56 347.39 1 233.49 349.48 1 7
269.77 392.7 1 263.99 400.32 1 4
269.02 376.43 1 259.46 382.95 1 4
269.02 376.43 1 259.46 382.95 1 4
278.05 211.86 1 225.66 210.12 1 6
279.78 202.4 1 228.04 199.04 1 6
282.52 395.87 1 282.6 404.34 1 4
295.09 194.22 1 244.25 191.36 1 6
296.12 295.08 1 238.66 298.17 1 6
326.26 361.69 1 369.67 324.31 1 0
339.65 237.24 1 878.02 275.23 1 0
341.97 322.1 1 369.67 324.31 1 4
341.97 322.1 1 369.67 324.31 1 4
365.82 265.28 1 315.26 273.37 1 5
367 390.11 1 407.97 399.18 1 4
367.7 258.75 1 317.07 266.58 1 5
368.91 213.1 1 321.58 217.38 1 5
373.97 387.24 1 419.07 395.87 1 4
374.5 209.28 1 328.45 213.75 1 5
385.1 551.32 1 439.08 579.11 1 4
384.74 561.4 1 438.98 590.88 1 4
385.64 202.24 1 343.88 206.35 1 5
385.97 797.38 1 451.46 859.33 1 4
386 826.77 1 453.82 892.43 1 4
391.14 456.02 1 446.73 471.58 1 4
391.38 604.78 1 448.92 639.34 1 4
393.39 482.01 1 450.5 501.72 1 4
396.73 378.83 1 451.63 387.37 1 4
397.6 347.33 1 453.27 352.18 1 4
399.07 398.65 1 457.02 409.04 1 4
403 191.07 1 365.91 195.45 1 5
408.71 272.02 1 469.4 269.27 1 4
408.71 272.02 1 469.4 269.27 1 4
409.07 537.16 1 474.75 563.28 1 4
410.41 882.39 1 487.42 957.52 1 3
412.92 888.1 1 489.95 963.25 1 3
416.53 268.24 1 479 266.09 1 4
416.53 268.24 1 479 266.09 1 4
417.04 839.75 1 492.77 907.6 1 3
421.04 337.52 1 486.55 342.27 1 4
423.31 239.76 1 389.54 247.91 1 5
424.72 263.86 1 491.81 261.12 1 4
424.72 263.86 1 491.81 261.12 1 4
427.38 869.03 1 503.92 940.98 1 3
428.77 525.51 1 501.29 550.55 1 3
431.7 290.92 1 502.94 290.99 1 4
432.86 270.16 1 503.96 268.13 1 4
433.17 816.75 1 509.04 880.52 1 3
437.9 860.65 1 513.97 930.41 1 3
445.41 593.05 1 517.03 627.11 1 3
445.91 788.45 1 518.15 847.42 1 3
452.6 273.79 1 523.75 273.91 1 3
452.6 273.79 1 523.75 273.91 1 3
457.32 460.71 1 528.31 479.83 1 3
456.98 826.67 1 531.1 890.63 1 3
462 496.23 1 532.21 519.55 1 3
466.3 288.06 1 535.59 289.96 1 3
466.39 267.48 1 536.05 268.16 1 3
466.39 267.48 1 536.05 268.16 1 3
469.86 330.51 1 539.36 336.84 1 3
473.54 407.52 1 542.97 421.88 1 3
476.22 464.39 1 545.34 484.6 1 3
477.46 322.32 1 546.16 328.5 1 3
478.55 280.38 1 547.95 283.59 1 3
481.7 312.92 1 549.87 318.76 1 3
483.16 409.45 1 551.37 424.29 1 3
491.52 867.28 1 564.09 934.96 1 3
501.34 197.08 1 490.73 205.74 1 5
502.57 277.12 1 568.43 281.51 1 3
508.82 299.14 1 573.84 305.67 1 3
513.6 320.92 1 578.76 329.9 1 3
515.67 435.9 1 580.33 454.09 1 3
517.29 398.88 1 583.02 414.96 1 3
523.21 333.56 1 587.92 344.37 1 3
526.41 400.82 1 591.01 417.11 1 3
529.28 294.63 1 594.37 303.48 1 3
533.26 316.14 1 705.73 428.36 1 0
533.26 316.14 1 705.73 428.36 1 0
535.48 793.87 1 569.26 85.292 1 0
539.9 168.13 1 543.94 175.88 1 5
544.71 195.9 1 551.16 176.18 1 5
546.05 167.91 1 551.16 176.18 1 5
547.36 269.49 1 554.86 248.64 1 5
546.83 431.74 1 609.66 451.82 1 3
549.15 99.119 1 555.39 105.04 1 5
553.76 269.05 1 561.46 252.18 1 5
558.28 158.16 1 563.47 167.64 1 5
566.09 384.35 1 627.23 402.29 1 3
568.9 86.405 1 579.99 93.261 1 5
569.2 430.59 1 629.85 451.78 1 3
572.32 261.31 1 584.66 212.79 1 0
573.12 437.42 1 632.95 459.07 1 3
582.33 195.94 1 605.84 204.18 1 5
581.92 368.65 1 641.03 385.93 1 3
583.91 76.951 1 599.31 83.975 1 5
585.14 318.29 1 833.62 279.82 1 0
585.75 398.74 1 644.18 417.94 1 3
594.17 303.82 1 651.58 317.31 1 3
602.87 237.99 1 619.13 253.3 1 2
602.97 255.55 1 619.78 271.86 1 2
605.58 75.281 1 623.21 83.861 1 2
605.05 447.32 1 661.82 471.18 1 3
607.37 307.31 1 662.98 322.14 1 3
610.06 226.97 1 624.48 241.73 1 2
610.32 258.11 1 625.63 274.83 1 2
610.99 241.26 1 626.7 257.31 1 2
615.47 395.37 1 671.16 416.83 1 3
615.95 90.113 1 630.98 100.15 1 2
615.98 455.15 1 671.45 480.08 1 3
621.54 183.67 1 636.39 261.52 1 0
622.74 244.58 1 636.39 261.52 1 2
623.83 397.19 1 678.58 419.24 1 3
625.06 340.39 1 679.38 358.85 1 3
626.02 369.31 1 679.11 389.12 1 3
627.92 263.97 1 641.26 282.1 1 2
628.48 233.57 1 641.92 250.41 1 2
631.06 174.32 1 644.21 189.26 1 2
630.73 379.99 1 683.71 400.64 1 3
631.86 389.84 1 686.01 411.31 1 3
636.28 371.57 1 688.87 392.28 1 3
635.98 409.81 1 688.7 432.59 1 3
638.28 344.03 1 690.47 363.6 1 3
638.5 444.71 1 691.21 469.87 1 3
642.45 208.71 1 653.53 225.34 1 2
645.21 401.98 1 696.8 424.72 1 3
646.33 364.41 1 697.17 385.2 1 3
646.81 374.69 1 697.48 395.9 1 3
651 319.88 1 700.99 338.45 1 3
656.18 405.07 1 705.73 428.36 1 3
658.58 322.18 1 707.65 341.29 1 3
660.04 172.35 1 669.02 189.84 1 2
659.68 331.96 1 708.89 351.77 1 3
667.11 388.98 1 715.62 412.27 1 3
669.31 361.69 1 715.86 383.41 1 3
670.76 343.97 1 718.68 365.09 1 3
670.64 417.59 1 719.14 442.75 1 3
678.53 382.69 1 725.97 406.38 1 3
682.72 356.42 1 727.67 378.2 1 3
683.45 121.11 1 691.82 139.64 1 2
685.27 582.82 1 838.21 698.26 1 0
697.48 395.82 1 741.92 421.19 1 3
699.44 342.79 1 743.08 365.99 1 3
699.94 461.06 1 745.11 490.22 1 3
699.62 517.27 1 744.67 549.69 1 3
705.8 490.58 1 749.48 521.31 1 3
707.58 371.57 1 750.19 396.35 1 3
708.67 426.11 1 751.51 453.46 1 3
711.51 134.12 1 715.58 155.16 1 2
713.8 519.34 1 758.5 552.03 1 3
716.95 566.19 1 760.34 601.88 1 3
717.54 510.43 1 759.5 543.06 1 3
717.71 537.91 1 760.1 572.25 1 3
718.15 594.56 1 762.69 632.06 1 3
719.74 143.25 1 722.44 165.37 1 2
719.7 392.62 1 760.36 418.91 1 3
722.46 420.44 1 762.28 447.9 1 3
723.89 107.97 1 367.68 952.75 1 0
724.56 494.09 1 765.77 525.48 1 3
723.47 764.29 1 767.5 813.37 1 3
725.09 457.72 1 766.18 486.98 1 3
726.27 539.31 1 768.31 573.55 1 3
726.23 557.56 1 768.01 592.5 1 3
725.94 707.54 1 1041.9 629.34 1 0
726.67 511.93 1 767.37 544.68 1 3
727.12 521.37 1 768.15 554.43 1 3
728.52 368.73 1 767.74 394.61 1 3
730.33 802.44 1 792.02 831.54 1 3
733.36 604.84 1 774.85 643.18 1 3
735 689.27 1 776.5 733.06 1 3
735.7 370.61 1 774.35 396.74 1 3
736.07 513.26 1 775.79 546.29 1 3
737.12 423.62 1 775.85 452.7 1 3
741.51 478.44 1 1078.4 656.42 1 0
742.49 688.82 1 862.03 643.75 1 0
744.14 505.63 1 782.41 538.2 1 3
744.34 523.69 1 782.55 557.32 1 3
744.42 470 1 782.52 501.16 1 3
749.36 800.01 1 790.46 851.65 1 3
753.88 480.51 1 790.42 512.29 1 3
753.68 498.28 1 790.13 531.01 1 3
755.01 543.5 1 790.29 578.55 1 3
758.88 472.45 1 794.96 504.4 1 3
760.45 571.1 1 797.41 607.91 1 3
761.77 403.27 1 796.31 432.25 1 3
761.87 616.55 1 798.85 655.42 1 3
761.74 652.24 1 798.77 694.25 1 3
762.75 420.82 1 797.22 450.74 1 3
762.65 526.8 1 798.47 561.44 1 3
763.07 536.01 1 797.75 570.46 1 3
764.43 509.3 1 799.36 542.78 1 3
765.15 761.83 1 802.67 810.24 1 3
766.98 625.82 1 804.72 665.47 1 3
767.55 518.56 1 802.28 552.6 1 3
769.48 545.69 1 802.77 580.95 1 3
769.98 572.18 1 804.58 609.03 1 3
769.97 589.7 1 804.64 627.7 1 3
770.9 466.49 1 804.28 498.33 1 3
771.19 554.44 1 805.55 590.43 1 3
772.88 153.03 1 768.51 179.13 1 2
772.37 449.65 1 804.92 480.88 1 3
773.6 510.51 1 807.92 544.53 1 3
775.03 221.06 1 768.44 248.79 1 2
779.49 529.04 1 812.6 564.42 1 3
779.28 546.56 1 811.96 582.3 1 3
779.8 425.14 1 811.38 456.03 1 3
781.09 443.31 1 811.83 474.54 1 3
780.74 520.37 1 813.04 555.05 1 3
781.54 494.83 1 812.58 528.2 1 3
784.3 933.96 1 833.62 279.82 1 0
785.5 927.96 1 651.94 329.21 1 0
787.15 159.79 1 823.01 210.73 1 0
787.22 504.26 1 818.37 538.24 1 3
787.34 556.51 1 819.24 592.85 1 3
787.82 469.66 1 818.22 502.44 1 3
787.96 521.55 1 819.16 556.28 1 3
790.47 226.28 1 782.48 255.64 1 2
795.27 496.95 1 824.06 530.71 1 3
795.09 531.35 1 824.52 566.58 1 3
794.65 583.43 1 825.56 621.4 1 3
795.41 601.06 1 826.15 639.77 1 3
794.74 618.75 1 826 658.41 1 3
795.81 513.75 1 825.71 548.78 1 3
797.08 173.79 1 788.27 202.28 1 2
796.87 565.95 1 826.73 602.85 1 3
799.57 437.75 1 827.44 469.82 1 3
800.95 166.13 1 792.78 194.91 1 2
803.33 489.87 1 831.4 523.9 1 3
802.64 541.04 1 831.92 577.38 1 3
803.52 558.32 1 832.36 595.07 1 3
804.35 524.32 1 832.84 559.9 1 3
805 515.71 1 832.81 550.67 1 3
808 457.17 1 834.03 489.86 1 3
812.02 516.77 1 838.93 552.11 1 3
812.03 533.8 1 838.84 569.82 1 3
811.82 551.17 1 838.91 587.76 1 3
812.46 576.43 1 839.53 614.41 1 3
812.04 602.31 1 839.84 641.3 1 3
812.36 610.94 1 839.75 650.24 1 3
812.65 594.01 1 839.44 632.43 1 3
813.58 585 1 840.68 623.25 1 3
817.28 652.95 1 99.835 821.01 1 0
818.99 526.33 1 843.8 562.02 1 3
819.06 611.77 1 846.12 651.34 1 3
819.43 543.52 1 845.34 580.21 1 3
819.98 560.62 1 845.54 597.73 1 3
820.24 577.37 1 846.04 615.39 1 3
820.47 484.95 1 845.49 519.46 1 3
821.31 518.42 1 846.02 554.08 1 3
820.49 535.24 1 845.21 571.38 1 3
821.48 501.48 1 845.63 536.39 1 3
822.37 603.2 1 846.07 642.03 1 3
827.8 175.47 1 817.59 207.14 1 2
827.19 519.43 1 851.59 555.34 1 3
827.09 536.48 1 851.53 572.96 1 3
827.18 586.86 1 852.11 625.31 1 3
834.73 179.01 1 823.01 210.73 1 2
835.38 512.13 1 857.56 548.02 1 3
835.19 545.84 1 857.71 582.71 1 3
841.25 672.39 1 864.88 714.6 1 3
842.44 522.03 1 863.64 558.14 1 3
842.56 555.21 1 863.69 592.62 1 3
841.9 588.03 1 863.73 626.71 1 3
843.84 183.21 1 830.4 215.56 1 2
843.36 546.9 1 864.54 584.14 1 3
850.12 531.39 1 870.36 568.37 1 3
856.46 557.01 1 874.98 594.68 1 3
856.53 515.95 1 874.6 552.54 1 3
857.44 540.81 1 875.81 577.94 1 3
857.18 589.74 1 876.29 628.77 1 3
858.53 549.06 1 811.47 500.69 1 0
858.53 549.06 1 811.47 500.69 1 0
859.12 656.19 1 879 697.94 1 3
859.53 639.55 1 879.75 680.3 1 3
864.92 558.13 1 881.87 596.14 1 3
870.58 526.11 1 885.54 563.44 1 3
872.19 640.34 1 889.31 681.33 1 3
876.11 311.77 1 704.72 270.44 1 0
887.82 537.38 1 900.13 575.28 1 3
889.47 205.02 1 867.97 240.88 1 2
899.41 209.81 1 876.25 246.46 1 2
912.69 216.22 1 220.66 493.17 1 0
933.24 836.54 1 987.99 885.67 1 1
938.86 642.93 1 979.09 702.35 1 1
938.86 642.93 1 994.05 674.17 1 1
943.22 392.95 1 911.07 431.97 1 2
961.62 709.24 1 1006.3 751.6 1 1
964.79 884.34 1 710.27 390.48 1 0
989.64 618.58 1 516.11 414.29 1 0
991.9 828.17 1 1030.8 874.87 1 1
1004.6 575.79 1 979.09 702.35 1 0
1010.1 567.29 1 979.09 702.35 1 0
1013.3 594.4 1 1038.7 633.75 1 1
1059.4 640.13 1 1073.2 680.97 1 1
1065.1 816.32 1 881.32 707.38 1 0
1065.5 550.88 1 863.02 791.8 1 0
1080.9 698.31 1 1089.2 739.82 1 1
1118.7 424.41 1 1307.9 77.684 1 0
1138 486.11 1 1066.2 531.53 1 2
1138 486.11 1 1066.2 531.53 1 2
1138.7 496.36 1 1066.7 540.73 1 2
1175 836.91 1 112.75 462.25 1 0
1226 485.23 1 1133.9 532.87 1 2
1237.5 537.65 1 326.73 828.64 1 0
1288.3 60.115 1 671.45 480.08 1 0
1353.7 599.48 1 503.92 940.98 1 0
96.623 419.9 1 67.11 422.19 1 7
96.623 419.9 1 67.11 422.19 1 7
115.67 422.96 1 88.374 427.47 1 7
133.91 38.383 1 503.92 940.98 1 0
143.88 513.42 1 165.74 255.11 1 0
188.41 813.98 1 1350.6 367.25 1 0
191.56 496.3 1 169.79 514.48 1 7
194.02 626.1 1 168.96 663.32 1 7
203.41 318.58 1 1269.1 705.55 1 0
210.11 655.44 1 187.08 696.84 1 7
225.86 608.88 1 204.91 644.28 1 7
255.34 689.35 1 245.01 736.27 1 4
255.54 980.66 1 79.912 369.55 1 0
260.91 596.45 1 252.68 629.64 1 4
304.91 242.54 1 252.18 244.27 1 6
305.9 299.86 1 392.75 640.28 1 0
316.14 469 1 331.29 486.67 1 4
329.44 257.09 1 275.88 262.27 1 6
366.93 418.02 1 314 832.89 1 0
369.77 423.7 1 413.22 436.52 1 4
377.1 727.41 1 431.09 778.91 1 4
378.42 716.42 1 432.98 766.43 1 4
380.02 670.88 1 433.99 714.54 1 4
380.85 790.37 1 439.2 851.47 1 4
382.22 627.38 1 436.74 664.96 1 4
382.49 809.73 1 447.12 874.04 1 4
383.12 604.86 1 437.71 639.57 1 4
387.19 195.02 1 346.45 198.62 1 5
387.19 195.02 1 346.45 198.62 1 5
390 805.3 1 458.59 869.47 1 4
399.3 474.3 1 457.07 493.36 1 4
399.84 660.13 1 465.41 702.16 1 4
399.99 682.46 1 465.19 727.67 1 4
401.75 516.59 1 464.95 540.15 1 4
401.99 777.07 1 469.23 835.69 1 4
401.99 777.07 1 469.23 835.69 1 4
404.4 548.4 1 467.15 576.15 1 4
405.86 522.76 1 471.04 546.82 1 4
405.88 531.83 1 469.47 558.14 1 4
407.44 569.46 1 475.03 599.63 1 4
409.6 558.14 1 475.36 587.43 1 4
409.6 558.14 1 475.36 587.43 1 4
411.75 874.59 1 488.31 948.78 1 3
416.06 491.15 1 485.54 511.98 1 4
419.55 174.13 1 388.84 177.83 1 5
420.56 870.8 1 496.99 943.65 1 3
424.63 232.71 1 391.93 240.59 1 5
428.77 808.12 1 505.18 870.84 1 3
431.62 166 1 404.15 169.93 1 5
438.56 718.25 1 513.17 768.01 1 3
442.69 291.74 1 513.93 292.69 1 3
444.97 346.44 1 515.71 352.65 1 3
445.05 260.86 1 516.02 259.12 1 3
445.08 282 1 516.04 282.16 1 3
444.62 402.23 1 516.11 414.29 1 3
445.02 413.75 1 516.14 426.84 1 3
444.54 425.64 1 515.98 440.07 1 3
445.34 615.43 1 517.15 651.76 1 3
445.27 753.01 1 518.39 807.29 1 3
446.28 358.33 1 517.84 366.06 1 3
447.47 582.47 1 519.51 614.85 1 3
447.57 683.58 1 519.77 728.85 1 3
449.9 776.22 1 521.54 833.31 1 3
452.81 516.12 1 524.39 541.41 1 3
454.52 151.78 1 434.5 155.74 1 5
453.75 382.26 1 524.62 392.73 1 3
453.72 571.05 1 525.21 602.41 1 3
455.76 285.02 1 525.46 286.16 1 3
456.04 505.99 1 527.38 530 1 3
455.6 858.15 1 530.31 927.36 1 3
458.37 415.68 1 528.94 429.9 1 3
458.58 616.13 1 529.87 652.56 1 3
459.25 764.39 1 531.08 820.14 1 3
466.7 143.54 1 450.01 147.78 1 5
467.07 813.56 1 541.19 876.01 1 3
468.51 362.8 1 537.01 372.09 1 3
469.23 763.59 1 447.78 651.82 1 0
472.11 374.6 1 541.23 385.34 1 3
472.21 452.88 1 542.26 471.68 1 3
472.44 572.9 1 541.92 604.63 1 3
474.16 486.07 1 543.77 508.24 1 3
478.09 762.86 1 551.77 642.68 1 0
478.74 387.09 1 546.89 399.49 1 3
481.37 443.01 1 550.23 461.18 1 3
481.51 673.3 1 553.32 606.42 1 0
482.73 606.93 1 551.77 642.68 1 3
484.78 345.53 1 553.35 354.53 1 3
484.38 574.29 1 553.32 606.42 1 3
488.75 357.1 1 557.42 367.72 1 3
491.32 877.7 1 564.33 949.54 1 3
493.11 127.41 1 484.28 131.92 1 5
497.56 359.29 1 564.23 370.32 1 3
498.12 423.47 1 565.35 440.19 1 3
501 287.27 1 567.73 292.55 1 3
503.97 418.22 1 571 434.98 1 3
509.56 350.96 1 575.88 362.17 1 3
509.93 382.6 1 576.46 396.6 1 3
511.04 115.79 1 515.55 116.69 1 5
512.7 214.02 1 505.19 224.28 1 5
517.77 207.26 1 511.49 217.49 1 5
521.63 343.21 1 586.41 354.55 1 3
522.27 354.37 1 587.14 366.4 1 3
527.91 445.96 1 593.91 465.93 1 3
531.79 367.01 1 596.36 380.89 1 3
533.73 377.37 1 598.14 392.46 1 3
533.5 356.84 1 597.75 369.91 1 3
534.11 402.58 1 598.83 419.74 1 3
537.76 327.6 1 600.67 338.76 1 3
545.64 390.1 1 608.82 406.88 1 3
547.72 360.15 1 610.08 374.23 1 3
551.94 171.36 1 557.77 179.88 1 5
554.35 245.95 1 563.47 167.64 1 0
555.73 382.38 1 618.2 399.19 1 3
555.5 216.46 1 563.47 167.64 1 0
559.7 150.46 1 565.54 159.89 1 5
574.78 148.98 1 604.59 860.7 1 0
574.78 148.98 1 604.59 860.7 1 0
580.03 174.02 1 605.98 179.07 1 5
590.19 236.2 1 607.13 249.86 1 5
595.23 314.79 1 651.94 329.21 1 3
622.19 457.56 1 676.87 482.98 1 3
630.62 86.375 1 646.09 98.39 1 2
639.99 310.56 1 691.38 328.03 1 3
649.13 95.188 1 661.11 108.52 1 2
657.67 258.13 1 667.41 278.27 1 2
658.68 198.9 1 667.84 217.22 1 2
659.2 213.65 1 668.41 232.66 1 2
658.99 228.92 1 668.35 247.29 1 2
668.61 318.55 1 715.55 338.44 1 3
675.17 443.86 1 722.89 471.84 1 3
680.24 132.11 1 686.8 149.47 1 2
680.19 373.7 1 726.32 396.28 1 3
694.6 794.43 1 742.29 847.03 1 3
705.73 517.85 1 749.53 549.89 1 3
706.1 764.75 1 752.65 814.63 1 3
708.93 575.16 1 753.6 611.22 1 3
712.87 608.83 1 756.59 647.04 1 3
744.24 596.49 1 783.29 634.31 1 3
761.63 598.01 1 797.82 636.23 1 3
768.8 770.32 1 805.54 819.45 1 3
787.6 698.27 1 823.62 742.11 1 3
790.98 250.95 1 782.53 280.41 1 2
791.3 264.04 1 782.9 293.6 1 2
791.61 237.83 1 783.02 267.28 1 2
791.85 277.37 1 783.69 307.07 1 2
792.17 303.81 1 783.69 307.07 1 2
791.45 330.7 1 783.87 361.25 1 2
797.52 223.15 1 788.02 252.42 1 2
838.33 747.67 1 99.082 729.33 1 0
844.25 774.36 1 1026.2 622.93 1 0
845.99 795.3 1 220.66 493.17 1 0
851.91 742.33 1 924.84 787.81 1 1
862.49 835.75 1 934.82 887.04 1 1
863.53 762.95 1 933.05 809.55 1 1
863.53 804.31 1 935.13 853.54 1 1
863.53 804.31 1 935.13 853.54 1 1
875.92 710.82 1 956.44 732.57 1 1
889.92 771.04 1 951.87 817.56 1 1
895.94 639.8 1 121 955.66 1 0
895.98 689.99 1 979.09 702.35 1 1
913.97 709.62 1 971.26 752.74 1 1
913.97 709.62 1 971.26 752.74 1 1
933.35 680.66 1 984.25 722.23 1 1
1095.3 170.67 1 88.908 586.85 1 0
1158 497.43 1 722.44 165.37 1 0
1202.8 385.6 1 1153.6 560.53 1 0
1205.3 498.07 1 1117.1 544.71 1 2
1220.4 678.53 1 1132.8 721.33 1 2
188.48 461.22 1 167.41 473.94 1 7
188.48 461.22 1 167.41 473.94 1 7
190.97 159.63 1 69.136 331.38 1 0
207.07 275.14 1 83.675 763.17 1 0
224.69 592.33 1 203.76 624.88 1 7
253.82 343.03 1 240.34 345.37 1 7
295.46 266.64 1 239.86 270.59 1 6
327.81 358.7 1 644.04 332.81 1 0
358.37 818.72 1 409.75 883.64 1 4
368.25 850.61 1 1130.5 818.62 1 0
368.25 850.61 1 279 632.77 1 0
384.04 446.88 1 434.93 460.83 1 4
384.04 446.88 1 434.93 460.83 1 4
407.34 197.95 1 371.23 202.53 1 5
430.23 887.61 1 506.84 961.8 1 3
450.34 812.57 1 525.38 875.16 1 3
453.99 752.69 1 523.52 806.97 1 3
457.96 683.41 1 528.6 728.29 1 3
466.21 805.28 1 538.97 864.45 1 3
472.48 640.04 1 542.67 679.53 1 3
475.94 798.12 1 549.8 857.82 1 3
486.59 487.18 1 555.07 509.89 1 3
491.32 579.49 1 293.05 691.05 1 0
529 423.68 1 593.57 442.24 1 3
528.67 445.58 1 593.91 465.93 1 3
543.21 807.35 1 1323.1 1003 1 0
545.43 159.4 1 550.49 167.57 1 5
553.94 429.78 1 616.45 450.05 1 3
578.49 434.08 1 638.34 455.81 1 3
597.52 419.5 1 654.88 440.29 1 3
598.93 456.46 1 656.31 481.17 1 3
639.87 184.76 1 650.69 200.11 1 2
641.49 451.31 1 693.61 477.58 1 3
649.63 436.71 1 700.92 462.15 1 3
745.9 720.84 1 787.29 767.11 1 3
1049.5 406.75 1 996.25 450.15 1 2
1103.7 453.05 1 1038.6 497.93 1 2
1143.8 465.57 1 1070.5 510.95 1 2
1203 484.92 1 1115.1 531.89 1 2
1212.1 654.18 1 1125 697.72 1 2
1216.4 469.55 1 1123.2 483.79 1 2
1217.3 486.38 1 1126.9 533.26 1 2
1244.2 982.8 1 641.52 821.4 1 0
33.066 868.78 1 1190.8 274.9 1 0
185.12 478.33 1 162.97 494.17 1 7
223.07 623.56 1 200.89 660.95 1 7
253.23 343.33 1 240.34 345.37 1 7
349.92 240.69 1 299.22 246.3 1 6
367.93 434.66 1 413.04 448.53 1 4
374.15 840.96 1 598.85 239.4 1 0
379.83 218.62 1 333.78 222.84 1 5
383.91 446.5 1 434.93 460.83 1 4
392.55 835.03 1 31.275 653.87 1 0
393.97 207.35 1 352.98 211.71 1 5
425.53 844.57 1 501.33 912.97 1 3
449.16 171.74 1 391.13 192.47 1 0
455.54 783.8 1 528.1 842.26 1 3
470.02 862.84 1 543.75 933.49 1 3
476.16 250.8 1 471.55 249.81 1 5
489.12 839.46 1 560.93 904.27 1 3
501.44 794.88 1 868.35 257.82 1 0
719.91 205.6 1 519.86 902.73 1 0
816.46 240.54 1 806.37 270.82 1 2
855.67 722.86 1 956.73 661.55 1 0
1117.9 451.6 1 1049.6 496.76 1 2
1152.9 449.48 1 1078.1 495.92 1 2
1204.1 515.16 1 1116 560.66 1 2
1207.7 588.08 1 1120.9 630.74 1 2
230.99 234.12 1 171.45 229.25 1 6
299.61 211.32 1 247.97 209.98 1 6
324.56 216.44 1 273.23 216.83 1 6
383.97 432.28 1 435.11 451.65 1 4
399.79 824.9 1 474.5 890.33 1 4
488.36 859.51 1 561.76 927.74 1 3
530.18 410.18 1 595.77 428.97 1 3
541.22 435.76 1 604.02 454.5 1 3
578 164.02 1 603.94 168.01 1 5
638.8 172.19 1 651.43 187.83 1 2
670.1 366.86 1 718.76 388.55 1 3
685.17 181.41 1 693.24 203.14 1 2
720.11 750.87 1 765.95 797.71 1 3
724.8 197.26 1 724.25 220.53 1 2
742.1 460.76 1 779.52 491.24 1 3
752.39 224.63 1 748.24 250.59 1 2
768.11 215.47 1 761.86 242.49 1 2
849.15 246.74 1 833.62 279.82 1 2
1154.8 495.94 1 1080.9 542.66 1 2
1254.7 57.648 1 172.75 918.63 1 0
378.69 401.09 1 427.16 411.81 1 4
576.41 191.05 1 600.12 198.04 1 5
583.48 217.75 1 601.17 229.79 1 5
595.49 441.51 1 653.26 463.8 1 3
611.59 461.74 1 667.63 488.38 1 3
617.07 221.74 1 632.82 237.71 1 2
627.62 446.5 1 681.78 470.87 1 3
639.34 229.07 1 651.27 246.49 1 2
867.69 212.19 1 848.47 246.11 1 2
1169.5 453.8 1 1091.3 500.55 1 2
293.12 253.35 1 234.97 254.4 1 6
360.8 844.72 1 413.26 915.12 1 4
391.61 854.85 1 466.69 926.42 1 4
572.15 621.43 1 278.15 773.42 1 0
637.59 57.855 1 689.42 515.91 1 0
718.56 621.26 1 761.44 660.27 1 3
729.8 519.5 1 773.49 551.26 1 3
780.74 241.57 1 775.39 271.14 1 2
1085.8 204.37 1 208.98 71.649 1 0
1173.7 479.1 1 1091.3 500.55 1 2
170.83 469.27 1 147.03 482.87 1 7
255.38 506.65 1 248.55 531.13 1 4
290.63 468.05 1 290.52 485.65 1 4
322.93 237.43 1 268.28 238.9 1 6
365.4 805.83 1 418.85 868.92 1 4
388.4 653.21 1 443.88 696.37 1 4
474.81 322 1 543 327.81 1 3
567.36 453.23 1 627.49 475.03 1 3
637.8 137.92 1 655.26 155.68 1 2
680.53 156.88 1 688.24 175.44 1 2
699.78 453.75 1 745.22 485.24 1 3
975.83 644.93 1 90.924 645.94 1 0
342.63 451.79 1 384.93 465.38 1 4
513.69 441.32 1 579.93 459.64 1 3
661.43 203.29 1 671.62 224.94 1 2
937.61 757.5 1 612.09 609.18 1 0
1079.4 810.07 1 1089.9 854.46 1 1
222.23 457.23 1 206.93 464.73 1 7
665.34 221.53 1 673.53 235.96 1 2
770.85 618.42 1 809.31 656.94 1 3
235.01 602.25 1 213.23 639.41 1 7
