17.362 240.18 1 1302.9 197.71 1 0
42.754 936.43 1 1053.4 182.84 1 0
55.316 413.07 1 20.675 412.4 1 4
64.525 404.38 1 31.254 402.95 1 4
69.983 395.89 1 36.699 393.12 1 4
71.884 405.76 1 40.572 404.75 1 4
75.465 415.19 1 43.524 415.6 1 4
86.64 409 1 56.305 409.51 1 4
102.59 512.91 1 1010.7 687.76 1 0
105.63 419.6 1 77.227 422.84 1 4
136.57 415.59 1 111.54 420.1 1 4
136.57 415.59 1 111.54 420.1 1 4
138.53 452.54 1 112.75 462.25 1 4
139.04 988.19 1 1082.7 21.271 1 0
151.39 418.74 1 127.9 424.22 1 4
151.39 418.74 1 127.9 424.22 1 4
155.87 470.07 1 130.92 483.05 1 4
182.93 466.89 1 160.75 480.44 1 4
189.49 523.06 1 167.27 545.05 1 4
190.41 505.5 1 168.81 524.94 1 4
190.09 514.32 1 168.1 535.09 1 4
189.87 597.28 1 165.5 629.79 1 4
190.58 397.66 1 171.14 402.49 1 4
192.96 588.29 1 168.39 619.85 1 4
192.96 588.29 1 168.39 619.85 1 4
200.16 579.91 1 177.28 610.38 1 4
200.58 389.89 1 181.91 394.51 1 4
203.25 399.61 1 184.97 405.47 1 4
202.9 452.75 1 183.39 466.14 1 4
205.22 616.13 1 181.7 652.03 1 4
205.22 616.13 1 181.7 652.03 1 4
206.5 471.69 1 186.03 486.92 1 4
207.49 543.46 1 185.44 568.67 1 4
207.49 543.46 1 185.44 568.67 1 4
210.09 391.87 1 192.68 397.22 1 4
212.51 534.41 1 191.25 558.16 1 4
213.98 499.64 1 193.98 518.99 1 4
214.32 507.48 1 193.57 527.65 1 4
214.44 517.23 1 193.13 539.1 1 4
216.82 581.12 1 195.12 612.14 1 4
218 401.98 1 199.68 408.81 1 4
224.43 517.46 1 204.51 539.71 1 4
225.04 394.83 1 207.05 401.08 1 4
225.04 394.83 1 207.05 401.08 1 4
245.89 652.63 1 229.9 694.02 1 3
248.56 347.39 1 233.49 349.48 1 4
269.77 392.7 1 263.99 400.32 1 3
269.02 376.43 1 259.46 382.95 1 3
269.02 376.43 1 259.46 382.95 1 3
282.52 395.87 1 282.6 404.34 1 3
326.26 361.69 1 369.67 324.31 1 0
339.65 237.24 1 878.02 275.23 1 0
341.97 322.1 1 369.67 324.31 1 3
341.97 322.1 1 369.67 324.31 1 3
367 390.11 1 407.97 399.18 1 3
373.97 387.24 1 419.07 395.87 1 3
385.1 551.32 1 439.08 579.11 1 3
384.74 561.4 1 438.98 590.88 1 3
385.97 797.38 1 451.46 859.33 1 3
386 826.77 1 453.82 892.43 1 3
391.14 456.02 1 446.73 471.58 1 3
391.38 604.78 1 448.92 639.34 1 3
393.39 482.01 1 450.5 501.72 1 3
396.73 378.83 1 451.63 387.37 1 3
397.6 347.33 1 453.27 352.18 1 3
399.07 398.65 1 457.02 409.04 1 3
408.71 272.02 1 469.4 269.27 1 3
408.71 272.02 1 469.4 269.27 1 3
409.07 537.16 1 474.75 563.28 1 3
416.53 268.24 1 479 266.09 1 3
416.53 268.24 1 479 266.09 1 3
417.04 839.75 1 492.77 907.6 1 2
421.04 337.52 1 486.55 342.27 1 3
424.72 263.86 1 491.81 261.12 1 3
424.72 263.86 1 491.81 261.12 1 3
431.7 290.92 1 502.94 290.99 1 3
432.86 270.16 1 503.96 268.13 1 3
433.17 816.75 1 509.04 880.52 1 2
452.6 273.79 1 523.75 273.91 1 2
456.98 826.67 1 531.1 890.63 1 2
462 496.23 1 532.21 519.55 1 2
466.3 288.06 1 535.59 289.96 1 2
473.54 407.52 1 542.97 421.88 1 2
477.46 322.32 1 546.16 328.5 1 2
478.55 280.38 1 547.95 283.59 1 2
508.82 299.14 1 573.84 305.67 1 2
529.28 294.63 1 594.37 303.48 1 2
533.26 316.14 1 705.73 428.36 1 0
533.26 316.14 1 705.73 428.36 1 0
535.48 793.87 1 569.26 85.292 1 0
572.32 261.31 1 584.66 212.79 1 0
573.12 437.42 1 632.95 459.07 1 2
585.14 318.29 1 833.62 279.82 1 0
585.75 398.74 1 644.18 417.94 1 2
602.87 237.99 1 619.13 253.3 1 1
602.97 255.55 1 619.78 271.86 1 1
605.58 75.281 1 623.21 83.861 1 1
610.06 226.97 1 624.48 241.73 1 1
610.32 258.11 1 625.63 274.83 1 1
610.99 241.26 1 626.7 257.31 1 1
615.47 395.37 1 671.16 416.83 1 2
615.95 90.113 1 630.98 100.15 1 1
615.98 455.15 1 671.45 480.08 1 2
621.54 183.67 1 636.39 261.52 1 0
622.74 244.58 1 636.39 261.52 1 1
625.06 340.39 1 679.38 358.85 1 2
627.92 263.97 1 641.26 282.1 1 1
628.48 233.57 1 641.92 250.41 1 1
631.06 174.32 1 644.21 189.26 1 1
642.45 208.71 1 653.53 225.34 1 1
646.33 364.41 1 697.17 385.2 1 2
646.81 374.69 1 697.48 395.9 1 2
658.58 322.18 1 707.65 341.29 1 2
660.04 172.35 1 669.02 189.84 1 1
667.11 388.98 1 715.62 412.27 1 2
670.76 343.97 1 718.68 365.09 1 2
678.53 382.69 1 725.97 406.38 1 2
683.45 121.11 1 691.82 139.64 1 1
685.27 582.82 1 838.21 698.26 1 0
697.48 395.82 1 741.92 421.19 1 2
705.8 490.58 1 749.48 521.31 1 2
711.51 134.12 1 715.58 155.16 1 1
717.54 510.43 1 759.5 543.06 1 2
717.71 537.91 1 760.1 572.25 1 2
718.15 594.56 1 762.69 632.06 1 2
719.74 143.25 1 722.44 165.37 1 1
723.89 107.97 1 367.68 952.75 1 0
726.23 557.56 1 768.01 592.5 1 2
725.94 707.54 1 1041.9 629.34 1 0
727.12 521.37 1 768.15 554.43 1 2
735 689.27 1 776.5 733.06 1 2
736.07 513.26 1 775.79 546.29 1 2
741.51 478.44 1 1078.4 656.42 1 0
742.49 688.82 1 862.03 643.75 1 0
753.88 480.51 1 790.42 512.29 1 2
762.75 420.82 1 797.22 450.74 1 2
767.55 518.56 1 802.28 552.6 1 2
769.48 545.69 1 802.77 580.95 1 2
770.9 466.49 1 804.28 498.33 1 2
771.19 554.44 1 805.55 590.43 1 2
772.88 153.03 1 768.51 179.13 1 1
772.37 449.65 1 804.92 480.88 1 2
775.03 221.06 1 768.44 248.79 1 1
779.28 546.56 1 811.96 582.3 1 2
779.8 425.14 1 811.38 456.03 1 2
781.54 494.83 1 812.58 528.2 1 2
784.3 933.96 1 833.62 279.82 1 0
785.5 927.96 1 651.94 329.21 1 0
787.15 159.79 1 823.01 210.73 1 0
787.22 504.26 1 818.37 538.24 1 2
787.34 556.51 1 819.24 592.85 1 2
790.47 226.28 1 782.48 255.64 1 1
795.27 496.95 1 824.06 530.71 1 2
795.41 601.06 1 826.15 639.77 1 2
794.74 618.75 1 826 658.41 1 2
797.08 173.79 1 788.27 202.28 1 1
796.87 565.95 1 826.73 602.85 1 2
799.57 437.75 1 827.44 469.82 1 2
800.95 166.13 1 792.78 194.91 1 1
805 515.71 1 832.81 550.67 1 2
812.02 516.77 1 838.93 552.11 1 2
817.28 652.95 1 99.835 821.01 1 0
819.06 611.77 1 846.12 651.34 1 2
820.24 577.37 1 846.04 615.39 1 2
821.31 518.42 1 846.02 554.08 1 2
820.49 535.24 1 845.21 571.38 1 2
822.37 603.2 1 846.07 642.03 1 2
827.8 175.47 1 817.59 207.14 1 1
827.18 586.86 1 852.11 625.31 1 2
834.73 179.01 1 823.01 210.73 1 1
843.84 183.21 1 830.4 215.56 1 1
850.12 531.39 1 870.36 568.37 1 2
857.44 540.81 1 875.81 577.94 1 2
858.53 549.06 1 811.47 500.69 1 0
858.53 549.06 1 811.47 500.69 1 0
864.92 558.13 1 881.87 596.14 1 2
870.58 526.11 1 885.54 563.44 1 2
872.19 640.34 1 889.31 681.33 1 2
876.11 311.77 1 704.72 270.44 1 0
889.47 205.02 1 867.97 240.88 1 1
899.41 209.81 1 876.25 246.46 1 1
912.69 216.22 1 220.66 493.17 1 0
943.22 392.95 1 911.07 431.97 1 1
964.79 884.34 1 710.27 390.48 1 0
989.64 618.58 1 516.11 414.29 1 0
1004.6 575.79 1 979.09 702.35 1 0
1010.1 567.29 1 979.09 702.35 1 0
1065.1 816.32 1 881.32 707.38 1 0
1065.5 550.88 1 863.02 791.8 1 0
1118.7 424.41 1 1307.9 77.684 1 0
1138 486.11 1 1066.2 531.53 1 1
1138 486.11 1 1066.2 531.53 1 1
1138.7 496.36 1 1066.7 540.73 1 1
1175 836.91 1 112.75 462.25 1 0
1226 485.23 1 1133.9 532.87 1 1
1237.5 537.65 1 326.73 828.64 1 0
1288.3 60.115 1 671.45 480.08 1 0
1353.7 599.48 1 503.92 940.98 1 0
96.623 419.9 1 67.11 422.19 1 4
96.623 419.9 1 67.11 422.19 1 4
115.67 422.96 1 88.374 427.47 1 4
133.91 38.383 1 503.92 940.98 1 0
143.88 513.42 1 165.74 255.11 1 0
188.41 813.98 1 1350.6 367.25 1 0
191.56 496.3 1 169.79 514.48 1 4
194.02 626.1 1 168.96 663.32 1 4
203.41 318.58 1 1269.1 705.55 1 0
210.11 655.44 1 187.08 696.84 1 4
225.86 608.88 1 204.91 644.28 1 4
255.34 689.35 1 245.01 736.27 1 3
255.54 980.66 1 79.912 369.55 1 0
260.91 596.45 1 252.68 629.64 1 3
305.9 299.86 1 392.75 640.28 1 0
316.14 469 1 331.29 486.67 1 3
366.93 418.02 1 314 832.89 1 0
369.77 423.7 1 413.22 436.52 1 3
377.1 727.41 1 431.09 778.91 1 3
378.42 716.42 1 432.98 766.43 1 3
380.02 670.88 1 433.99 714.54 1 3
380.85 790.37 1 439.2 851.47 1 3
382.22 627.38 1 436.74 664.96 1 3
382.49 809.73 1 447.12 874.04 1 3
383.12 604.86 1 437.71 639.57 1 3
390 805.3 1 458.59 869.47 1 3
399.3 474.3 1 457.07 493.36 1 3
399.84 660.13 1 465.41 702.16 1 3
399.99 682.46 1 465.19 727.67 1 3
401.75 516.59 1 464.95 540.15 1 3
401.99 777.07 1 469.23 835.69 1 3
401.99 777.07 1 469.23 835.69 1 3
404.4 548.4 1 467.15 576.15 1 3
405.86 522.76 1 471.04 546.82 1 3
405.88 531.83 1 469.47 558.14 1 3
407.44 569.46 1 475.03 599.63 1 3
409.6 558.14 1 475.36 587.43 1 3
409.6 558.14 1 475.36 587.43 1 3
416.06 491.15 1 485.54 511.98 1 3
420.56 870.8 1 496.99 943.65 1 2
438.56 718.25 1 513.17 768.01 1 2
442.69 291.74 1 513.93 292.69 1 2
444.97 346.44 1 515.71 352.65 1 2
445.02 413.75 1 516.14 426.84 1 2
446.28 358.33 1 517.84 366.06 1 2
452.81 516.12 1 524.39 541.41 1 2
455.76 285.02 1 525.46 286.16 1 2
459.25 764.39 1 531.08 820.14 1 2
469.23 763.59 1 447.78 651.82 1 0
472.44 572.9 1 541.92 604.63 1 2
478.09 762.86 1 551.77 642.68 1 0
478.74 387.09 1 546.89 399.49 1 2
481.51 673.3 1 553.32 606.42 1 0
484.78 345.53 1 553.35 354.53 1 2
488.75 357.1 1 557.42 367.72 1 2
497.56 359.29 1 564.23 370.32 1 2
534.11 402.58 1 598.83 419.74 1 2
537.76 327.6 1 600.67 338.76 1 2
554.35 245.95 1 563.47 167.64 1 0
555.5 216.46 1 563.47 167.64 1 0
574.78 148.98 1 604.59 860.7 1 0
574.78 148.98 1 604.59 860.7 1 0
622.19 457.56 1 676.87 482.98 1 2
630.62 86.375 1 646.09 98.39 1 1
639.99 310.56 1 691.38 328.03 1 2
649.13 95.188 1 661.11 108.52 1 1
657.67 258.13 1 667.41 278.27 1 1
658.68 198.9 1 667.84 217.22 1 1
659.2 213.65 1 668.41 232.66 1 1
658.99 228.92 1 668.35 247.29 1 1
668.61 318.55 1 715.55 338.44 1 2
680.24 132.11 1 686.8 149.47 1 1
705.73 517.85 1 749.53 549.89 1 2
744.24 596.49 1 783.29 634.31 1 2
790.98 250.95 1 782.53 280.41 1 1
791.3 264.04 1 782.9 293.6 1 1
791.61 237.83 1 783.02 267.28 1 1
791.85 277.37 1 783.69 307.07 1 1
792.17 303.81 1 783.69 307.07 1 1
791.45 330.7 1 783.87 361.25 1 1
797.52 223.15 1 788.02 252.42 1 1
838.33 747.67 1 99.082 729.33 1 0
844.25 774.36 1 1026.2 622.93 1 0
845.99 795.3 1 220.66 493.17 1 0
895.94 639.8 1 121 955.66 1 0
1095.3 170.67 1 88.908 586.85 1 0
1158 497.43 1 722.44 165.37 1 0
1202.8 385.6 1 1153.6 560.53 1 0
1205.3 498.07 1 1117.1 544.71 1 1
1220.4 678.53 1 1132.8 721.33 1 1
188.48 461.22 1 167.41 473.94 1 4
188.48 461.22 1 167.41 473.94 1 4
190.97 159.63 1 69.136 331.38 1 0
207.07 275.14 1 83.675 763.17 1 0
224.69 592.33 1 203.76 624.88 1 4
253.82 343.03 1 240.34 345.37 1 4
327.81 358.7 1 644.04 332.81 1 0
358.37 818.72 1 409.75 883.64 1 3
368.25 850.61 1 1130.5 818.62 1 0
368.25 850.61 1 279 632.77 1 0
384.04 446.88 1 434.93 460.83 1 3
384.04 446.88 1 434.93 460.83 1 3
453.99 752.69 1 523.52 806.97 1 2
472.48 640.04 1 542.67 679.53 1 2
486.59 487.18 1 555.07 509.89 1 2
491.32 579.49 1 293.05 691.05 1 0
543.21 807.35 1 1323.1 1003 1 0
597.52 419.5 1 654.88 440.29 1 2
598.93 456.46 1 656.31 481.17 1 2
639.87 184.76 1 650.69 200.11 1 1
649.63 436.71 1 700.92 462.15 1 2
1049.5 406.75 1 996.25 450.15 1 1
1103.7 453.05 1 1038.6 497.93 1 1
1143.8 465.57 1 1070.5 510.95 1 1
1203 484.92 1 1115.1 531.89 1 1
1212.1 654.18 1 1125 697.72 1 1
1216.4 469.55 1 1123.2 483.79 1 1
1217.3 486.38 1 1126.9 533.26 1 1
1244.2 982.8 1 641.52 821.4 1 0
33.066 868.78 1 1190.8 274.9 1 0
185.12 478.33 1 162.97 494.17 1 4
223.07 623.56 1 200.89 660.95 1 4
253.23 343.33 1 240.34 345.37 1 4
367.93 434.66 1 413.04 448.53 1 3
374.15 840.96 1 598.85 239.4 1 0
383.91 446.5 1 434.93 460.83 1 3
392.55 835.03 1 31.275 653.87 1 0
449.16 171.74 1 391.13 192.47 1 0
501.44 794.88 1 868.35 257.82 1 0
719.91 205.6 1 519.86 902.73 1 0
816.46 240.54 1 806.37 270.82 1 1
855.67 722.86 1 956.73 661.55 1 0
1117.9 451.6 1 1049.6 496.76 1 1
1152.9 449.48 1 1078.1 495.92 1 1
1204.1 515.16 1 1116 560.66 1 1
1207.7 588.08 1 1120.9 630.74 1 1
383.97 432.28 1 435.11 451.65 1 3
399.79 824.9 1 474.5 890.33 1 3
541.22 435.76 1 604.02 454.5 1 2
638.8 172.19 1 651.43 187.83 1 1
685.17 181.41 1 693.24 203.14 1 1
724.8 197.26 1 724.25 220.53 1 1
742.1 460.76 1 779.52 491.24 1 2
752.39 224.63 1 748.24 250.59 1 1
768.11 215.47 1 761.86 242.49 1 1
849.15 246.74 1 833.62 279.82 1 1
1154.8 495.94 1 1080.9 542.66 1 1
1254.7 57.648 1 172.75 918.63 1 0
378.69 401.09 1 427.16 411.81 1 3
617.07 221.74 1 632.82 237.71 1 1
639.34 229.07 1 651.27 246.49 1 1
867.69 212.19 1 848.47 246.11 1 1
1169.5 453.8 1 1091.3 500.55 1 1
360.8 844.72 1 413.26 915.12 1 3
391.61 854.85 1 466.69 926.42 1 3
572.15 621.43 1 278.15 773.42 1 0
637.59 57.855 1 689.42 515.91 1 0
780.74 241.57 1 775.39 271.14 1 1
1085.8 204.37 1 208.98 71.649 1 0
1173.7 479.1 1 1091.3 500.55 1 1
170.83 469.27 1 147.03 482.87 1 4
255.38 506.65 1 248.55 531.13 1 3
290.63 468.05 1 290.52 485.65 1 3
365.4 805.83 1 418.85 868.92 1 3
388.4 653.21 1 443.88 696.37 1 3
637.8 137.92 1 655.26 155.68 1 1
680.53 156.88 1 688.24 175.44 1 1
975.83 644.93 1 90.924 645.94 1 0
342.63 451.79 1 384.93 465.38 1 3
513.69 441.32 1 579.93 459.64 1 2
661.43 203.29 1 671.62 224.94 1 1
937.61 757.5 1 612.09 609.18 1 0
222.23 457.23 1 206.93 464.73 1 4
665.34 221.53 1 673.53 235.96 1 1
235.01 602.25 1 213.23 639.41 1 4
