503.85549926757812 113.31502532958984 1 472.06863403320312 181.91175842285156 1 0
340.68182373046875 364.83767700195312 1 323.95001220703125 354.82501220703125 1 0
344.77999877929687 202.86000061035156 1 369.11904907226563 249.10317993164062 1 0
344.77999877929687 202.86000061035156 1 369.11904907226563 249.10317993164062 1 0
503.00650024414063 404.53897094726562 1 479.90740966796875 404.47531127929687 1 0
175.52206420898437 490.16177368164062 1 189.98214721679687 413.84820556640625 1 0
175.52206420898437 490.16177368164062 1 189.98214721679687 413.84820556640625 1 0
623.5172119140625 393.87069702148437 1 479.90740966796875 404.47531127929687 1 0
288.31051635742187 387.6368408203125 1 314.76828002929687 364.15853881835937 1 0
299.06451416015625 371.82257080078125 1 323.95001220703125 354.82501220703125 1 0
674.54168701171875 405.4375 1 369.11904907226563 249.10317993164062 1 0
229.03846740722656 405.77691650390625 1 253.17646789550781 364.76470947265625 1 0
127.65872955322266 334.29364013671875 1 115.5 277.5 1 0
127.65872955322266 334.29364013671875 1 115.5 277.5 1 0
131.06382751464844 349.82977294921875 1 118.60526275634766 289.05264282226562 1 0
498.5108642578125 252.83695983886719 1 437.75 289.39999389648437 1 0
498.5108642578125 252.83695983886719 1 437.75 289.39999389648437 1 0
487.30093383789062 273.36575317382812 1 457.5 302.5 1 0
487.30093383789062 273.36575317382812 1 457.5 302.5 1 0
430.15078735351563 169.70237731933594 1 437.70193481445312 235.58653259277344 1 0
448.01885986328125 248.71697998046875 1 437.75 289.39999389648437 1 0
448.01885986328125 248.71697998046875 1 437.75 289.39999389648437 1 0
124.00235748291016 465.03775024414062 1 118.21621704101562 383.950439453125 1 0
125.58860778808594 394.98101806640625 1 116.17241668701172 328.05172729492187 1 0
125.58695983886719 394.3985595703125 1 115.5 277.5 1 0
125.58695983886719 394.3985595703125 1 116.17241668701172 328.05172729492187 1 0
121.24647521972656 408.88027954101562 1 113.96511840820312 339.38372802734375 1 0
125.48309326171875 415.1256103515625 1 117.26569366455078 344.23220825195312 1 0
125.48309326171875 415.1256103515625 1 117.26569366455078 344.23220825195312 1 0
125.48309326171875 415.1256103515625 1 117.26569366455078 344.23220825195312 1 0
129.27333068847656 409.23333740234375 1 119.44117736816406 338.38235473632812 1 0
123.19663238525391 349.36517333984375 1 112.96939086914062 289.66326904296875 1 0
127.27121734619141 350.920654296875 1 115.67177581787109 291.03988647460938 1 0
127.27121734619141 350.920654296875 1 115.67177581787109 291.03988647460938 1 0
127.27121734619141 350.920654296875 1 115.67177581787109 291.03988647460938 1 0
127.74468231201172 334.64892578125 1 116.17241668701172 328.05172729492187 1 0
754.48040771484375 277.40194702148437 1 463.72222900390625 355.5 1 0
203.86363220214844 340.21212768554688 1 220.25 308.08334350585937 1 0
81.279220581054687 464.6038818359375 1 78.111648559570313 382.74270629882813 1 0
448.93719482421875 269.9093017578125 1 437.92697143554687 303.87078857421875 1 0
459.23452758789062 101.17256927490234 1 561.09185791015625 245.1734619140625 1 0
459.23452758789062 101.17256927490234 1 561.09185791015625 245.1734619140625 1 0
487.41436767578125 176.98623657226562 1 460.723876953125 236.8681640625 1 0
487.41436767578125 176.98623657226562 1 460.723876953125 236.8681640625 1 0
437.36538696289062 171.65383911132812 1 711.4503173828125 354.69876098632812 1 0
310.9339599609375 197.66981506347656 1 368.07501220703125 236.07499694824219 1 0
310.9339599609375 197.66981506347656 1 368.07501220703125 236.07499694824219 1 0
251.22500610351562 225.64999389648437 1 368.07501220703125 236.07499694824219 1 0
251.22500610351562 225.64999389648437 1 368.07501220703125 236.07499694824219 1 0
175.65740966796875 402.36111450195312 1 187.00746154785156 348.80349731445312 1 0
175.65740966796875 402.36111450195312 1 187.00746154785156 348.80349731445312 1 0
164.03585815429688 316.33966064453125 1 168.23106384277344 273.28408813476562 1 0
235.98529052734375 464.73529052734375 1 258.46807861328125 405.9361572265625 1 0
438.241943359375 172.20323181152344 1 435.06561279296875 236.59501647949219 1 0
442.91653442382812 264.29971313476562 1 434.698974609375 299.25509643554687 1 0
460.81005859375 366.27056884765625 1 453.06784057617187 377.10537719726562 1 0
460.81005859375 366.27056884765625 1 453.06784057617187 377.10537719726562 1 0
459.66799926757812 364.457763671875 1 453.06784057617187 377.10537719726562 1 0
400.7191162109375 373.63287353515625 1 411.98001098632812 374.70001220703125 1 0
400.7191162109375 373.63287353515625 1 411.18075561523438 373.29342651367187 1 0
345.93975830078125 364.4156494140625 1 367.69265747070312 359.80276489257812 1 0
345.93975830078125 364.4156494140625 1 367.69265747070312 359.80276489257812 1 0
342.22567749023437 374.84661865234375 1 364.91143798828125 368.67715454101562 1 0
417.07830810546875 517.63653564453125 1 424.18017578125 461.1351318359375 1 0
417.07830810546875 517.63653564453125 1 424.18017578125 461.1351318359375 1 0
303.60101318359375 372.61111450195312 1 328.57791137695312 355.72076416015625 1 0
300.77685546875 385.64559936523437 1 325.98193359375 365.81927490234375 1 0
473.03427124023437 108.06974029541016 1 452.9229736328125 179.81721496582031 1 0
174.89999389648437 470.28460693359375 1 188.67308044433594 399.23077392578125 1 0
174.96087646484375 469.69131469726562 1 188.53703308105469 399.73147583007812 1 0
174.96087646484375 469.69131469726562 1 188.53703308105469 399.73147583007812 1 0
212.03448486328125 464.41378784179687 1 232.02499389648437 401.64999389648438 1 0
201.20156860351562 396.91360473632812 1 218.28082275390625 351.82192993164062 1 0
201.20156860351562 396.91360473632812 1 218.28082275390625 351.82192993164062 1 0
201.20156860351562 396.91360473632812 1 218.28082275390625 351.82192993164062 1 0
201.20156860351562 396.91360473632812 1 218.28082275390625 351.82192993164062 1 0
639.23883056640625 449.99176025390625 1 558.2078857421875 440.91574096679687 1 0
300.77685546875 385.64559936523437 1 325.98193359375 365.81927490234375 1 0
300.77685546875 385.64559936523437 1 325.98193359375 365.81927490234375 1 0
237.78421020507812 395.2921142578125 1 263.37136840820312 358.53857421875 1 0
225.76481628417969 390.03158569335937 1 246.67005920410156 352.43572998046875 1 0
225.76481628417969 390.03158569335937 1 246.67005920410156 352.43572998046875 1 0
505.61203002929687 519.42156982421875 1 481.94622802734375 467.9063720703125 1 0
181.91572570800781 468.5224609375 1 197.04217529296875 399.259033203125 1 0
152.88329999999999 224.34999999999999 1 110.4979 163.24789999999999 1 1
701.40210000000002 402.77710000000002 1 592.39999999999998 422.10000000000002 1 1
322.73750000000001 113.4042 1 343.96460000000002 167.1062 1 1
361.10000000000002 90.040000000000006 1 338.38330000000002 103.8167 1 1
732.65208333333328 207.62708333333325 1 592.5625 237.22083333333325 1 1
424.37 44.869999999999997 1 404.17000000000002 94.659999999999997 1 1
779.21000000000004 303.94999999999999 1 636.5 382.37 1 1
154 452 1 140 371.5 1 1
542.15513201078875 140.68550900588818 1 492.55187416970176 204.65157457375386 1 1
520.4852867529296 124.50412280519393 1 480.52633908772958 192.48847587173003 1 1
700.81078566486599 235.1436639867706 1 572.53231425244462 257.67420809547008 1 1
373.27045331372619 482.80475129274771 1 386.57963317876431 435.25417267887667 1 1
87.524382455378074 431.44621675117492 1 86.971804742378254 359.4970699127125 1 1
