34.645 259.29 1 522.81 176.97 1 0
47.459 307.75 1 143.04 241.57 1 0
49.88 40.695 1 282.3 238.23 1 0
62.909 288.57 1 280.6 248.97 1 0
64.436 502.88 1 596.05 474.2 1 0
65.747 55.703 1 219.29 258.5 1 0
97.51 367.19 1 589.29 437.98 1 0
110.31 110.62 1 452.48 440.92 1 0
180.11 302.07 1 617.73 333.24 1 0
180.11 302.07 1 185.35 213.71 1 0
185.48 219.05 1 73.871 312.47 1 0
197.16 205.81 1 153.72 188.59 1 1
260.63 335.64 1 230.98 322.75 1 1
260.63 335.64 1 230.98 322.75 1 1
265.67 198.88 1 231.16 179.58 1 1
268.32 402.85 1 242.64 392.25 1 1
280.76 411.81 1 256.56 401.29 1 1
290.91 318.31 1 264.26 303.67 1 1
290.91 318.31 1 264.26 303.67 1 1
297.52 115.74 1 318.13 337.97 1 0
308.94 233.31 1 280.83 214.72 1 1
319.07 351.08 1 297.22 337.14 1 1
323.48 317.35 1 300.39 301.77 1 1
330.66 412.14 1 312.2 399.73 1 1
335.22 401.55 1 87.693 461.03 1 0
336.59 239.3 1 311.21 220.48 1 1
355.23 412.93 1 339.25 399.66 1 1
359.13 401.99 1 343.47 388.08 1 1
364.05 371.43 1 345.89 356.22 1 1
367.4 466.52 1 355.17 454.33 1 1
373.38 323.23 1 354.71 306.9 1 1
375.61 211.95 1 353.15 191.45 1 1
375.57 223.9 1 355.76 356.58 1 0
380.22 394.53 1 606.59 211.45 1 0
382.64 320.46 1 365.72 302.91 1 1
393.84 451.07 1 382.92 437.43 1 1
405.03 204.77 1 385.32 184.04 1 1
407.25 192.7 1 387.47 171.53 1 1
407.25 192.7 1 387.47 171.53 1 1
406.74 218.61 1 387.96 198.06 1 1
445.6 169.53 1 422.09 147.8 1 2
447.96 252.91 1 662.57 390.84 1 0
448.44 300.52 1 179.32 243.76 1 0
465.04 375.12 1 442.78 358.26 1 2
468.55 284.33 1 442.35 265.35 1 2
493.2 411.25 1 464.28 393.84 1 2
526.58 402.51 1 623.85 272.93 1 0
528.22 128.78 1 264.26 303.67 1 0
528.22 128.78 1 264.26 303.67 1 0
540.94 411.99 1 444.71 386.54 1 0
558.73 194.46 1 379.08 158.39 1 0
564.49 167.93 1 97.159 113.78 1 0
577.2 371.51 1 523.05 352.91 1 2
576.84 444.2 1 524.86 425.37 1 2
601.3 103.97 1 645.99 500.11 1 0
604.23 429.99 1 610.26 323.41 1 0
614.56 453.93 1 219.67 181.36 1 0
632.97 479.8 1 312.2 399.73 1 0
659.7 474.01 1 121.07 441.9 1 0
667.45 451.1 1 219.67 181.36 1 0
22.596 444.74 1 523.09 383.54 1 0
44.356 337.83 1 281.11 224.62 1 0
92.32 42.986 1 146.89 87.3 1 0
132.2 351.02 1 280.8 368.19 1 0
134.68 84.768 1 180.78 277.51 1 0
212.51 187.22 1 171.08 167.99 1 1
219.33 197.41 1 179.23 178.87 1 1
228.14 264.68 1 191.77 249.95 1 1
229.83 238.46 1 112.28 323.64 1 0
231.2 185.27 1 192.57 165.86 1 1
233.25 210.69 1 166.52 103.37 1 0
235.29 195.89 1 197.26 176.97 1 1
237.87 215.7 1 200 198.56 1 1
240.67 184.61 1 202.05 164.95 1 1
247.26 381.69 1 217.49 370.87 1 1
252.12 274.36 1 219.29 258.5 1 1
253.14 183.03 1 245.18 160.52 1 1
265.81 299.3 1 235.71 284.9 1 1
275.28 336.96 1 248 323.56 1 1
276.26 377.38 1 55.924 156.96 1 0
278.85 180.78 1 245.18 160.52 1 1
282.4 366.94 1 256.92 354.36 1 1
282 403.28 1 257.27 392.58 1 1
298.42 189.83 1 267.64 169.87 1 1
307.74 265.67 1 280.6 248.97 1 1
309.49 177.46 1 279.57 156.64 1 1
313.44 355.26 1 290.67 341.41 1 1
327.37 176.15 1 299.12 155.36 1 1
339.15 186.17 1 312.44 165.6 1 1
357.17 225.51 1 332.75 206.51 1 1
356.95 306.58 1 336.76 289.8 1 1
358.61 265.87 1 337.09 247.94 1 1
360.62 182.86 1 336.41 161.9 1 1
360.62 182.86 1 336.41 161.9 1 1
368.98 403.51 1 354.44 389.38 1 1
369.71 388 1 353.69 373.34 1 1
371.59 331.91 1 354.07 315.65 1 1
375.68 197.9 1 354.71 306.9 1 0
377.52 401.84 1 363.35 387.87 1 1
406.64 185.94 1 386.71 164.55 1 1
412.52 167.02 1 392.32 145.07 1 1
431.57 202.46 1 412.67 181.54 1 2
448.5 406.99 1 249.54 190.07 1 0
546.77 450.33 1 467.46 431.51 1 0
575.82 402.18 1 523.09 383.54 1 2
576.79 280.93 1 520.04 262.21 1 2
576.72 300.65 1 520.63 281.81 1 2
576.62 320.32 1 521.15 301.71 1 2
576.5 340.05 1 521.77 321.6 1 2
576.59 423.2 1 516.55 378.64 1 0
582.82 338.48 1 247.6 178.1 1 0
605.42 200.96 1 601.9 278.66 1 0
609.07 212.24 1 661.08 327.21 1 0
626.19 452.06 1 219.67 181.36 1 0
649.83 356.75 1 616.23 206.36 1 0
675.49 360.51 1 197.26 176.97 1 0
24.275 345.1 1 107.45 169.54 1 0
83.354 208.15 1 418.52 451.35 1 0
110.16 139.63 1 105.91 203.61 1 0
146.87 324.05 1 556.99 200.8 1 0
215.63 231.8 1 345.31 297.01 1 0
236.9 244.47 1 181.59 109.7 1 0
237.13 202.6 1 199.66 183.84 1 1
246.82 417.24 1 219 408.52 1 1
255.53 224.45 1 221.1 206.35 1 1
257.01 454.96 1 163.16 197.52 1 0
269.24 323.78 1 239.73 309.89 1 1
296.88 433.94 1 274.99 423.65 1 1
296.88 433.94 1 274.99 423.65 1 1
297.75 287.52 1 270.32 271.27 1 1
297.48 333.35 1 271.38 319.13 1 1
297.48 333.35 1 271.38 319.13 1 1
326.2 364.98 1 535.14 360.18 1 0
326.2 364.98 1 305.11 351.21 1 1
337.58 175.04 1 310.35 154.03 1 1
343.86 388 1 324.96 223.85 1 0
345.46 333.1 1 324.36 317.54 1 1
349.54 242.72 1 324.96 223.85 1 1
350.86 404.77 1 382.68 465.12 1 0
354.96 395.88 1 338.16 382.09 1 1
366.75 396.44 1 351.51 382.35 1 1
369.67 449.63 1 356.65 437.21 1 1
374.51 435.74 1 362.04 422.39 1 1
378.77 255.63 1 358.95 236.63 1 1
381.71 305.43 1 363.92 287.76 1 1
386.27 180.84 1 363.79 159.62 1 1
391.76 435.9 1 380.32 421.97 1 1
399.94 179.84 1 379.08 158.39 1 1
401.94 395.15 1 389.37 379.59 1 1
402.76 466.17 1 393.64 452.27 1 1
405.89 436.61 1 395.91 422.04 1 1
410.05 351.72 1 395.32 248.99 1 0
409.45 408.7 1 398.3 393.22 1 1
411.94 268.2 1 395.32 248.99 1 1
412.49 295.37 1 397.11 276.81 1 1
426.34 438.17 1 417.7 422.85 1 2
426.34 438.17 1 417.7 422.85 1 2
426.22 466.04 1 418.52 451.35 1 2
427.03 337.27 1 184.1 199.44 1 0
426.66 451.86 1 417.54 437.24 1 2
430.52 255.93 1 413.82 236.45 1 2
429.6 310.26 1 414.93 292.37 1 2
431.03 228.65 1 413.32 208.56 1 2
432.39 324.14 1 416.62 305.71 1 2
440.58 438.75 1 426.21 423.14 1 2
442.02 465.98 1 428.67 450.95 1 2
442.95 452.08 1 429.44 436.43 1 2
452.59 477.17 1 586.75 418.21 1 0
467.73 359.56 1 445.62 342.7 1 2
492.53 225.93 1 485.29 260.39 1 0
505.25 452.94 1 474.45 434.18 1 2
505.2 464.21 1 474.93 448.88 1 2
505.2 464.21 1 474.93 448.88 1 2
523.79 428.49 1 494.62 411.58 1 2
535.73 429.04 1 494.62 411.58 1 2
538.76 464.28 1 610.56 356.33 1 0
540.06 325.82 1 494.46 308.26 1 2
540.16 335.62 1 494.87 317.11 1 2
545.82 253.91 1 443 198.47 1 0
554.39 464.71 1 131.46 404.35 1 0
574.92 254.15 1 517.8 234.71 1 2
576.27 360.77 1 522.13 342.37 1 2
35.097 371.6 1 117.61 130.5 1 0
281.41 253.67 1 250.92 236.25 1 1
288.51 418.39 1 265.39 407.95 1 1
301.79 343.18 1 276.75 329.19 1 1
308.63 242.55 1 281.11 224.62 1 1
347.5 418.97 1 331.47 406.23 1 1
363.52 419.24 1 347.9 405.81 1 1
366.09 396.71 1 350.72 382.62 1 1
393.61 420.02 1 381.83 405.56 1 1
403.72 336.47 1 389.29 319.18 1 1
403.69 365.96 1 390.09 349.39 1 1
405.66 254.71 1 388.02 235.14 1 1
405.92 281.48 1 390.89 262.6 1 1
405.19 309.21 1 389.39 291.14 1 1
406.82 201.69 1 387.19 180.83 1 1
429.28 407.98 1 417.81 392.32 1 2
430.28 380.6 1 417.46 364.3 1 2
432.66 269.74 1 415.39 250.07 1 2
432.26 296.7 1 415.99 277.74 1 2
438.93 370.51 1 424.81 354.93 1 2
459.6 423.55 1 440.84 407.49 1 2
473.69 228.28 1 443.97 209.7 1 2
476.2 319.37 1 448.53 300.61 1 2
483.2 307.82 1 452.94 286.01 1 2
528.67 331.07 1 487.7 313.13 1 2
17.287 64.903 1 27.751 332.04 1 0
224.41 248.42 1 601.9 278.66 1 0
368.1 328.86 1 349.37 311.47 1 1
376.53 279.61 1 357.42 263.84 1 1
431.72 421.06 1 421.49 406.71 1 2
431.72 421.06 1 421.49 406.71 1 2
506.28 480.92 1 211.39 388.38 1 0
570.81 70.928 1 575.02 152.76 1 0
607.9 474.36 1 80.636 429.49 1 0
608.66 149.18 1 345.89 356.22 1 0
654.95 115.08 1 97.159 113.78 1 0
132.92 49.962 1 211.36 135.98 1 0
200.95 212.57 1 160.49 192.43 1 1
518.7 220.58 1 476.98 201.08 1 2
546.09 414.88 1 502.28 396.64 1 2
557.08 79.162 1 561.52 136.76 1 0
558.92 329.12 1 507.73 311.95 1 2
44.26 370.61 1 69.853 462.98 1 0
71.391 313.06 1 675.61 495.68 1 0
221.67 217.39 1 184.1 199.44 1 1
262.87 321.09 1 231.64 306.6 1 1
447.51 319.41 1 431.77 304.08 1 2
567.41 434.98 1 513.92 417.69 1 2
36.44 31.887 1 382 270.57 1 0
270.04 424.9 1 280.9 416.5 1 1
364.18 206.51 1 339.98 186.7 1 1
364.81 426.52 1 351.75 413.47 1 1
568.2 392.04 1 516.55 378.64 1 2
300.52 428.48 1 280.9 416.5 1 1
568.38 389.91 1 516.55 378.64 1 2
