894.35302734375 209.31291198730469 1 1009.1597290039062 399.56668090820312 1 0
732.98046875 647.9078369140625 1 961.060546875 916.10089111328125 1 0
732.98046875 647.9078369140625 1 961.060546875 916.10089111328125 1 0
732.98046875 647.9078369140625 1 961.060546875 916.10089111328125 1 0
712.71795654296875 676.74359130859375 1 942.5540771484375 937.1756591796875 1 0
93.434783935546875 1109.6956787109375 1 683.0999755859375 787.1142578125 1 0
983.8623046875 814.1376953125 1 1106.819091796875 839.5 1 0
983.8623046875 814.1376953125 1 1106.819091796875 839.5 1 0
983.0162353515625 808.88311767578125 1 1106.2412109375 832.7548828125 1 0
376.92855834960937 593.298828125 1 894.90582275390625 676.0548095703125 1 0
1038.0201416015625 736.20880126953125 1 1235.847412109375 916.8955078125 1 0
1038.0201416015625 736.20880126953125 1 1235.847412109375 916.8955078125 1 0
681.29998779296875 672.388916015625 1 1281.0555419921875 495.35183715820312 1 0
1330.454833984375 488.98855590820312 1 1403.619384765625 545.713134765625 1 0
280.60928344726562 492.85760498046875 1 499.40737915039062 885.419921875 1 0
298.98779296875 455.69512939453125 1 511.69049072265625 856.19049072265625 1 0
475.26580810546875 410.10125732421875 1 682.00555419921875 782.4111328125 1 0
475.24603271484375 414.484130859375 1 683.0999755859375 787.1142578125 1 0
798.55645751953125 647.3468017578125 1 1029.38818359375 918.0657958984375 1 0
798.55645751953125 647.3468017578125 1 1029.38818359375 918.0657958984375 1 0
946.67413330078125 709.67413330078125 1 1142.0989990234375 891.1956787109375 1 0
946.66436767578125 712.24652099609375 1 1142.5340576171875 893.04180908203125 1 0
836.494384765625 406.59024047851562 1 1019.4424438476562 667.125 1 0
746.48028564453125 430.19290161132812 1 909.92108154296875 663.3973388671875 1 0
931.19482421875 746.62335205078125 1 1130.03759765625 922.20428466796875 1 0
420.57379150390625 459.294189453125 1 630.74444580078125 828.6611328125 1 0
420.57379150390625 459.294189453125 1 630.74444580078125 828.6611328125 1 0
469.921875 387.765625 1 671.6802978515625 762.41802978515625 1 0
261.42855834960937 500.98214721679687 1 479.68032836914062 888.1229248046875 1 0
952.88232421875 724.058837890625 1 1151.207275390625 905.768310546875 1 0
952.88232421875 724.058837890625 1 1151.207275390625 905.768310546875 1 0
795.8846435546875 676.65386962890625 1 1030.5 943.57550048828125 1 0
795.8846435546875 676.65386962890625 1 1030.5 943.57550048828125 1 0
789.03173828125 628.90478515625 1 1016.6458129882812 901.29168701171875 1 0
298.98779296875 455.69512939453125 1 511.69049072265625 856.19049072265625 1 0
441.15133666992187 423.31298828125 1 647.81610107421875 796.20355224609375 1 0
583.83984375 442.17974853515625 1 800.7791748046875 795.9263916015625 1 0
391.45123291015625 331.42681884765625 1 580.12261962890625 729.34906005859375 1 0
1032.4210205078125 253.44737243652344 1 1045.742431640625 267.10604858398437 1 0
540.51922607421875 554.7884521484375 1 360.68032836914062 594.69671630859375 1 0
712.71795654296875 676.74359130859375 1 942.5540771484375 937.1756591796875 1 0
713.02337646484375 676.369140625 1 942.5540771484375 937.1756591796875 1 0
713.02337646484375 676.369140625 1 942.5540771484375 937.1756591796875 1 0
713.02337646484375 676.369140625 1 942.5540771484375 937.1756591796875 1 0
713.06451416015625 678.6505126953125 1 943.06585693359375 939.6414794921875 1 0
353.53817749023437 417.4007568359375 1 563.712890625 823.09356689453125 1 0
353.53817749023437 417.4007568359375 1 563.9725341796875 822.24725341796875 1 0
353.7359619140625 417.971923828125 1 563.712890625 823.09356689453125 1 0
865.75994873046875 426.60702514648437 1 1052.8602294921875 684.70635986328125 1 0
399.04461669921875 313.872314453125 1 583.32220458984375 710.236083984375 1 0
815.65216064453125 556.32171630859375 1 652.1190185546875 678.78570556640625 1 0
1090.144775390625 792.96051025390625 1 1270.47998046875 928.5999755859375 1 0
1090.144775390625 792.96051025390625 1 1270.47998046875 928.5999755859375 1 0
844.32855224609375 389.67141723632812 1 1026.9398193359375 653.222900390625 1 0
844.32855224609375 389.67141723632812 1 1026.9398193359375 653.222900390625 1 0
934.48419189453125 760.17987060546875 1 1137.6861572265625 935.93609619140625 1 0
300.01922607421875 521.82049560546875 1 759.81109619140625 509.56668090820312 1 0
774.257568359375 548.28790283203125 1 1281.0555419921875 495.35183715820312 1 0
144.61958312988281 380.38787841796875 1 273.48370361328125 666.65960693359375 1 0
1319.435546875 249.91737365722656 1 1409.6158447265625 360.36190795898437 1 0
1038.6802978515625 736.32965087890625 1 1235.847412109375 916.8955078125 1 0
866.6351318359375 539.98651123046875 1 944.33074951171875 871.07305908203125 1 0
212.71427917480469 484.625 1 706.79547119140625 614.90911865234375 1 0
888.74578857421875 533.025146484375 1 1267.357177734375 880.21429443359375 1 0
975.35430908203125 601.00616455078125 1 862.23211669921875 497 1 0
462.57998657226563 670.36663818359375 1 725.89471435546875 745.78948974609375 1 0
660.24072265625 380.85183715820312 1 801.64581298828125 602.75 1 0
794.28497314453125 297.79031372070312 1 507.80392456054687 430.85293579101562 1 0
935.53509521484375 323.58770751953125 1 961.4552001953125 342.6641845703125 1 0
562.2069091796875 834.9827880859375 1 725.89471435546875 745.78948974609375 1 0
382.17648315429687 618.73529052734375 1 1003.7307739257812 580.36151123046875 1 0
605.02447509765625 298.822021484375 1 944.7574462890625 260.62924194335937 1 0
1293.6395263671875 578.61822509765625 1 1372.5693359375 625.28900146484375 1 0
901.640380859375 268.5 1 1274.1173095703125 351.03085327148437 1 0
460.56622314453125 623.97021484375 1 812.5 297.43939208984375 1 0
868.3214111328125 570.96429443359375 1 1051.65625 781.46875 1 0
895.62420654296875 400.05279541015625 1 1391.2567138671875 381.52703857421875 1 0
837.0128173828125 243.37692260742187 1 865.27105712890625 292.59344482421875 1 0
1270.3055419921875 258.77777099609375 1 836.377197265625 518.4473876953125 1 0
934.18863932291663 247.61915147569437 1 924.76878255208351 232.33696831597209 1 1
427.05312499999985 464.70104166666664 1 640.16982421874991 831.56468098958328 1 1
933.13580729166665 778.25716145833337 1 1139.8043185763888 955.85870225694441 1 1
1148.1041666666667 641.01249999999993 1 1264.6242621527779 721.3443142361109 1 1
1159.3083333333334 186.85833333333318 1 1231.9791666666667 287.8458333333333 1 1
1062.5899999999999 786.13999999999999 1 1255.1099999999999 942.74000000000001 1 1
1415.9400000000001 667.20000000000005 1 1188.9000000000001 267.14999999999998 1 1
523.75 164.06999999999999 1 646.11000000000001 464.18000000000001 1 1
1390.2318676963534 284.46815671340693 1 1423.1426983561328 315.78667928774371 1 1
110.11702328211908 456.43656329531535 1 205.1521821095296 591.95433122820248 1 1
147.49390058084055 400.26034727795707 1 280.49257582177444 678.50219762118093 1 1
1268.4852012442268 715.33975869544724 1 1087.5972758978228 329.90324252992741 1 1
