4.0616 232.86 1 23.749 258.3 1 0
18.348 198.74 1 147.17 176.28 1 0
29.23 111.38 1 40.925 231.95 1 0
29.083 211.14 1 254.56 117.43 1 0
34.197 226.12 1 390.65 137.32 1 0
39.094 156.79 1 377.18 146.43 1 0
47.752 252.84 1 45.745 162.13 1 0
76.553 119.31 1 285.19 212.79 1 0
76.997 296 1 189.58 156.48 1 0
76.997 296 1 231.74 176.18 1 0
85.1 81.395 1 149.59 23.42 1 0
86.098 288.04 1 311.8 123.97 1 0
91.101 277.94 1 137.42 272.32 1 1
92.793 257.96 1 207.27 251.77 1 0
93.208 324.15 1 231.5 120.06 1 0
103.23 324.36 1 371.34 108.98 1 0
109.11 239.84 1 272.62 271.29 1 0
111.72 85.916 1 177.97 242.78 1 0
114.87 215.91 1 368.23 154.52 1 0
116.34 287.65 1 372.58 302.19 1 0
118.82 261.36 1 159.94 260.49 1 1
127.12 118.84 1 163.39 132.29 1 1
131.81 118.2 1 255.51 188.81 1 0
142.1 329.94 1 137.42 272.32 1 0
144.77 116.56 1 48.189 212.76 1 0
146.01 286.95 1 236.83 52.758 1 0
146.33 295.16 1 354.03 68.167 1 0
149.05 112.86 1 67.939 154.74 1 0
153.27 118.38 1 187.21 131.92 1 2
153.1 269.93 1 191.26 270.78 1 2
153.51 330.16 1 191.82 324.41 1 2
154.41 106.49 1 188.27 120.66 1 2
153.85 234.21 1 190.33 238.93 1 2
161.34 270.81 1 323.68 168.95 1 0
176.81 322.12 1 215.69 308.72 1 2
179.43 150.11 1 6.9889 330.86 1 0
185.33 167.75 1 346.58 110.3 1 0
185.17 230.94 1 265.41 275.07 1 0
189.97 85.901 1 191 202.1 1 0
199.6 146.29 1 230.87 145.58 1 2
201.29 75.092 1 37.438 202.15 1 0
201.31 222.16 1 232.56 214.68 1 2
211.58 263.38 1 296.51 130.01 1 0
211.8 249.05 1 241.86 234.71 1 2
220.85 161.67 1 333.95 204.15 1 0
220.96 258.27 1 250.24 240.87 1 2
227.3 332.52 1 189.45 167.2 1 0
233.08 264.12 1 266.17 127.68 1 0
249.53 133.5 1 276.34 119.98 1 2
253.55 219.26 1 279.85 197.34 1 2
259.9 137.59 1 286.01 121.09 1 2
269.84 141.4 1 295.08 122.11 1 2
271.27 125.38 1 442.92 244.98 1 0
272.59 150.63 1 296.51 130.01 1 2
279.28 145.15 1 303.66 123.12 1 2
279.12 242.94 1 295.08 122.11 1 0
281.44 313.8 1 346.58 110.3 1 0
284.6 261.18 1 306.52 226.71 1 2
288.03 148.61 1 311.8 123.97 1 2
289.93 201.69 1 123.31 316.61 1 0
293.44 303.59 1 189.31 145.14 1 0
304.76 237.8 1 255.07 121.79 1 0
314 253.13 1 266.42 286.89 1 0
315.73 243.67 1 333.95 204.15 1 2
318.01 309.73 1 214.1 288.44 1 0
321.62 156.4 1 317.04 335.79 1 0
331.01 305.24 1 334.73 110.99 1 0
341.84 282.21 1 334.46 139.19 1 0
353.67 268.34 1 37.438 202.15 1 0
376.83 137.91 1 323.68 168.95 1 0
401.65 164.67 1 14.795 51.767 1 0
414.66 182.71 1 381.71 260.41 1 0
415.82 286.52 1 323.68 168.95 1 0
419.94 155.58 1 37.438 202.15 1 0
423.77 251.53 1 147.17 176.28 1 0
423.77 251.53 1 417.6 94.413 1 0
425.27 126.34 1 45.177 6.2512 1 0
430.47 173.9 1 122.69 89.689 1 0
431.8 128.1 1 422.84 65.027 1 0
434.44 147.6 1 147.17 176.28 1 0
10.654 165.03 1 443.24 86.357 1 0
20.763 88.357 1 37.438 202.15 1 0
28.137 86.748 1 421.58 97.557 1 0
45.253 171 1 140.24 214.44 1 0
53.07 280.15 1 173.83 99.362 1 0
65.009 212.05 1 111.54 207.52 1 1
65.577 193.85 1 110.87 190.13 1 1
65.584 201.42 1 111.51 197.75 1 1
94.081 295.3 1 139.87 284.83 1 1
96.888 105.52 1 135.16 114.63 1 1
100.75 291.86 1 145.65 282.33 1 1
119.04 109.38 1 155.04 121.92 1 1
127.1 263.07 1 159.94 260.49 1 1
129.18 270.09 1 92.131 184.47 1 0
129.18 270.09 1 168.81 271.29 1 1
137.87 112.3 1 172.31 127.25 1 1
138.81 137.38 1 173.86 150.87 1 1
138.89 174.3 1 175.02 185.57 1 1
138.85 185.83 1 175.31 196.36 1 1
155.1 132.91 1 189.31 145.14 1 2
155.06 145.23 1 189.58 156.48 1 2
154.99 212.63 1 190.71 218.58 1 2
170.53 102.49 1 203.44 111.54 1 2
185.06 108.21 1 217 113.25 1 2
188.59 133.66 1 219.09 136.51 1 2
201.14 214.97 1 232.1 208.52 1 2
202.85 269.56 1 411.82 133.29 1 0
212.15 160.08 1 272.62 271.29 1 0
212.15 160.08 1 300.28 257.2 1 0
238.06 128.78 1 265.76 118.42 1 2
238.29 300.74 1 265.41 275.07 1 2
259.82 297.57 1 284.05 264.54 1 2
283.88 298.23 1 364.5 130.61 1 0
291.05 238.64 1 312.37 206.38 1 2
298.86 260.36 1 82.91 136.26 1 0
315.43 194.01 1 275.36 234.84 1 0
317.55 175.83 1 145.65 282.33 1 0
329.37 266.19 1 166.18 69.755 1 0
381.78 300.34 1 16.485 101.38 1 0
381.8 303.5 1 429.96 191.3 1 0
382.76 113.78 1 200.15 47.99 1 0
383.17 323.18 1 303.52 103.91 1 0
388.31 196.14 1 338.49 116.45 1 0
388.31 196.14 1 126.98 163.27 1 0
403.88 277.98 1 41.761 106.79 1 0
428.86 263.92 1 11.793 30.134 1 0
439.3 276.64 1 117.26 259.59 1 0
22.231 121.82 1 299.8 283.36 1 0
43.603 207.63 1 92.716 201.09 1 1
43.689 218.31 1 94.13 211.14 1 1
55.854 232.86 1 104.37 225.57 1 1
75.533 84.467 1 114.38 91.592 1 1
75.31 110.53 1 115.11 117.07 1 1
95.428 129.06 1 134.38 136.95 1 1
108.42 125.24 1 144.93 133.23 1 1
129.62 96.325 1 164.13 110.69 1 1
129.53 162.53 1 167.42 180.18 1 1
137.81 153.11 1 173.7 166 1 1
147.95 323.11 1 186.36 319 1 2
155.83 96.855 1 188.9 109.99 1 2
170.35 182.54 1 272.62 271.29 1 0
199.15 317.72 1 371.34 108.98 1 0
203.06 227.48 1 232.56 214.68 1 2
226.83 233.55 1 255.03 218.58 1 2
239.82 314.48 1 371.34 108.98 1 0
259.89 237.09 1 285.19 212.79 1 2
333.41 179.36 1 434.78 225.04 1 0
387.62 180.66 1 131.78 220.91 1 0
387.62 180.66 1 58.886 266.21 1 0
407.88 252.4 1 159.94 260.49 1 0
35.998 51.977 1 77.491 53.301 1 1
37.808 226.91 1 87.984 217.29 1 1
62.291 255.37 1 110.57 246.01 1 1
74.578 70.971 1 112.3 78.307 1 1
75.608 147.5 1 117.39 152.05 1 1
85.769 158.72 1 126.98 163.27 1 1
85.514 204.59 1 128.96 206.19 1 1
85.514 204.59 1 128.96 206.19 1 1
84.819 236.88 1 130.05 234.52 1 1
174.52 139.21 1 28.4 191.84 1 0
176.72 226.99 1 300.28 257.2 1 0
184.56 82.277 1 3.7529 190.75 1 0
186.32 228.74 1 219.44 225.43 1 2
186.32 228.74 1 450.81 107.45 1 0
290.91 279.06 1 311.45 242.38 1 2
292.89 268.79 1 28.001 246.37 1 0
329.95 163.43 1 410.81 99.181 1 0
334.71 290.48 1 219.44 225.43 1 0
336.49 259.95 1 164.1 64.387 1 0
350.86 169.11 1 131.78 220.91 1 0
380.96 268.22 1 50.117 153.01 1 0
38.195 256.11 1 90.99 243.13 1 1
47.532 269.99 1 100.62 257.83 1 1
47.532 269.99 1 100.62 257.83 1 1
59.872 119.74 1 100.76 123.1 1 1
82.941 34.888 1 429.36 206.46 1 0
87.98 220.85 1 131.78 220.91 1 1
98.067 109.78 1 135.52 119.04 1 1
107.1 170.95 1 147.17 176.28 1 1
107.92 252.58 1 148.99 250.45 1 1
185.24 112.3 1 217.41 118.71 1 2
199.18 118.18 1 231.5 120.06 1 2
225.56 127.79 1 255.07 121.79 1 2
226.13 100.16 1 50.455 157.79 1 0
231.85 181.8 1 29.762 178.69 1 0
237.95 132.88 1 268.64 124.33 1 2
261.53 280.96 1 286.04 251.61 1 2
269.71 218.56 1 127.83 187.03 1 0
296.47 315.95 1 173.83 99.362 1 0
369.68 175.66 1 128.96 206.19 1 0
425.66 280.31 1 425.43 174.88 1 0
35.373 121.28 1 195.06 298.35 1 0
35.373 121.28 1 210.12 260.92 1 0
40.794 321.15 1 94.976 300.47 1 1
47.044 107.14 1 99.129 273.16 1 0
84.152 96.636 1 121.62 105.91 1 1
119.29 312.88 1 161.63 305.28 1 1
277.44 288.64 1 300.28 257.2 1 2
277.44 288.64 1 300.28 257.2 1 2
318.28 312.94 1 121.62 105.91 1 0
357.93 283.54 1 371.34 108.98 1 0
46.39 289.59 1 99.129 273.16 1 1
104.36 285.92 1 148.27 279.15 1 1
205.14 295.43 1 150.63 239.92 1 0
244.88 294.12 1 150.63 239.92 1 0
363.69 304.57 1 294.03 78.894 1 0
369.44 114.28 1 172.75 246.46 1 0
74.442 268.82 1 167.42 180.18 1 0
74.242 302.71 1 123.61 290.48 1 1
159.74 270.37 1 194.76 270.41 1 2
401.92 278.46 1 147.94 300.06 1 0
133.3 242.33 1 172.75 246.46 1 1
156.67 300.93 1 195.06 298.35 1 2
166.59 80.247 1 442.92 244.98 1 0
131.29 92.605 1 114.98 37.508 1 0
