4.3077 5.0677 1 220.25 331.41 1 0
12.949 167.26 1 429.69 27.289 1 0
16.35 43.339 1 149.58 240.41 1 0
16.846 285.05 1 298.62 160.56 1 0
21.995 222.09 1 76.664 308.64 1 0
28.653 59.913 1 419.96 278.69 1 0
28.501 68.653 1 151.01 227.04 1 0
36.686 203.83 1 115.2 319.87 1 0
59.504 301.89 1 219.24 193.73 1 0
64.786 316.53 1 245.98 157.82 1 0
76.799 319.37 1 265.28 246.07 1 0
87.212 92.704 1 322.83 327.7 1 0
86.512 98.811 1 70.908 15.889 1 0
89.979 72.296 1 132.58 217.86 1 0
98.063 320.86 1 275.26 162.48 1 0
108.09 52.663 1 33.321 123.54 1 0
108.05 204.44 1 13.609 223.87 1 2
115.96 338.04 1 211.98 79.859 1 0
120.99 23.379 1 365.98 75.007 1 0
123.24 128.04 1 146.79 156.44 1 1
124.49 285.09 1 30.577 319.66 1 2
132.89 117.89 1 157.37 143.91 1 1
135.72 285.16 1 46.887 320.41 1 2
135.72 285.16 1 46.887 320.41 1 2
140.5 300.09 1 228.47 93.029 1 0
143.22 272.12 1 59.252 303.85 1 2
144.75 173.13 1 415.96 315.06 1 0
149.05 305.79 1 317.21 153.95 1 0
150.36 68.645 1 122.63 161.41 1 0
153.97 85.722 1 436.4 64.138 1 0
154.83 90.876 1 175.18 116.85 1 1
160.61 113.56 1 245.89 118.64 1 0
165.09 211.03 1 101.06 231.71 1 2
170.14 332.82 1 118.81 288.6 1 0
172.93 73.507 1 190.88 98.128 1 1
174.56 123.14 1 210.64 153.91 1 0
176.13 231.32 1 124.09 256.54 1 2
178.95 246.19 1 120.59 274.28 1 2
179.63 282.96 1 124.49 318.83 1 2
180.55 190.59 1 250.27 282.59 1 0
187.76 79.57 1 58.839 134.88 1 0
190.16 302.12 1 436.4 64.138 1 0
190.02 316.78 1 300.07 48.873 1 0
192.36 86.022 1 151.18 153.82 1 0
194.39 308.79 1 428.67 21.055 1 0
199.04 25.716 1 331.53 238.02 1 0
198.97 114.71 1 267.09 128.33 1 0
199.69 136.73 1 269.06 156.67 1 0
204.37 319.1 1 216.14 228.41 1 0
208.31 151.75 1 294.04 171.36 1 0
208.95 134.17 1 280.89 152.13 1 0
209.43 95.393 1 220.86 115.15 1 1
216.15 240.94 1 168.24 267.57 1 2
217.09 108.6 1 227.54 146.31 1 0
218.11 91.575 1 228.52 110.19 1 1
217.75 149.42 1 258 181.81 1 0
218.26 190.25 1 173.82 208.6 1 2
226.08 236.04 1 179.6 261.98 1 2
226.99 105.24 1 278.47 144.74 1 0
227.74 147.28 1 281.34 175.24 1 0
237.74 101.56 1 267.09 128.33 1 0
238.37 125.87 1 258 181.81 1 0
239.65 206.84 1 269.41 238.19 1 0
245.42 271.19 1 361.1 238.04 1 0
245.42 271.19 1 361.1 238.04 1 0
246.83 43.102 1 122.63 161.41 1 0
247.49 98.09 1 267.09 128.33 1 0
254.11 209.44 1 230.82 231.45 1 2
259.53 112.68 1 267.97 170.85 1 0
268.86 109.56 1 322.83 327.7 1 0
271.77 59.642 1 291.86 104.09 1 0
273.11 174.07 1 219.24 193.73 1 0
275.98 230.04 1 264.5 256.5 1 2
276.86 221.52 1 265.28 246.07 1 2
279.9 154.46 1 288.96 195.2 1 0
279.88 175.52 1 288.96 195.2 1 1
280.02 214.76 1 269.41 238.19 1 2
280.57 126.68 1 240.95 201.13 1 0
280.57 126.68 1 300.54 185.21 1 0
283.89 54.886 1 280.89 152.13 1 0
284.55 93.027 1 291.86 104.09 1 1
286.82 314.53 1 168.24 267.57 1 0
291.48 216.39 1 286.13 240.35 1 2
292.92 139.01 1 301.12 178.42 1 0
292.76 161.19 1 301.12 178.42 1 1
296.43 49.833 1 305.9 119.75 1 0
296.21 238.89 1 291.78 266.83 1 2
296.21 238.89 1 291.78 266.83 1 2
296.93 70.488 1 288.96 195.2 1 0
296.93 70.488 1 374.39 196.51 1 0
305.82 135.44 1 313.39 147.87 1 1
306.61 238.9 1 310.19 267.36 1 2
307.85 77.286 1 228.2 310.68 1 0
307.66 203.12 1 269.04 203.6 1 0
308.78 45.034 1 308.02 166.66 1 0
310.68 84.642 1 317.84 91.038 1 1
317.61 186.01 1 326.52 205.15 1 1
321.64 95.832 1 329.04 101.37 1 2
321.64 95.832 1 329.04 101.37 1 2
322.35 117.21 1 332.91 151.71 1 0
322.35 117.21 1 330.33 125.4 1 2
322.25 214.25 1 331.53 238.02 1 2
322.98 129.76 1 331.59 139.74 1 2
323.23 201.05 1 393.78 197.35 1 0
323.23 201.05 1 392.18 227.32 1 0
323.99 140.09 1 332.91 151.71 1 2
324.49 152.75 1 333.61 165.94 1 2
324.42 162.81 1 334.03 177.7 1 2
324.42 162.81 1 334.03 177.7 1 2
327.7 303.68 1 132.75 188.22 1 0
327.56 206.21 1 331.26 144.99 1 0
349.4 18.458 1 145.37 54.935 1 0
351.12 179.31 1 374.39 196.51 1 2
351.12 179.31 1 374.39 196.51 1 2
353.05 221.86 1 124.49 318.83 1 0
353.05 221.86 1 245.36 13.021 1 0
360.87 144 1 386.09 135.48 1 0
365.49 322.22 1 37.85 157.78 1 0
368.05 286.7 1 28.514 150.45 1 0
373.11 281.57 1 49.178 123.22 1 0
383.92 44.121 1 140.7 137.35 1 0
383.88 306.77 1 433.47 230.85 1 0
392.09 261.53 1 378.2 154.23 1 0
394.73 284.61 1 308.14 43.064 1 0
402.88 87.335 1 98.802 156.16 1 0
406.25 5.7866 1 426.63 92.73 1 0
411.47 202.8 1 251.31 198.22 1 0
411.79 212.67 1 62.031 328.39 1 0
412.91 170.78 1 428.67 21.055 1 0
414.94 44.326 1 33.321 123.54 1 0
416.12 50.553 1 49.178 123.22 1 0
424.12 153.15 1 405.48 229.02 1 0
432.8 207.27 1 443.47 273.41 1 0
434.74 337.27 1 145.37 54.935 1 0
437.42 81.279 1 196.23 102.55 1 0
440.34 135.4 1 144.36 217.32 1 0
440.34 135.4 1 132.58 217.86 1 0
442.49 27.388 1 213.15 102.12 1 0
442.8 21.752 1 153.02 129.21 1 0
444.04 38.723 1 419.96 278.69 1 0
444.04 38.723 1 331.53 238.02 1 0
446.41 249.56 1 422.67 195.29 1 0
449.98 42.664 1 140.06 309.42 1 0
451.67 31.549 1 151.01 227.04 1 0
7.3581 159.47 1 70.173 16.776 1 0
8.6352 174.57 1 62.031 328.39 1 0
14.783 152.59 1 255.72 76.179 1 0
16.26 161.59 1 411.28 143.12 1 0
21.088 102.86 1 282.72 15.918 1 0
33.177 220.29 1 115.2 319.87 1 0
44.73 9.8846 1 301.26 320.43 1 0
45.495 340.95 1 361.1 238.04 1 0
46.826 318.96 1 116.69 191.99 1 0
64.814 296.5 1 242.24 235.12 1 0
66.395 270.77 1 30.577 319.66 1 0
67.277 155.03 1 124.49 318.83 1 0
70.467 45.967 1 252 327.61 1 0
79.441 82.35 1 324.48 280.51 1 0
79.424 204.2 1 376.07 233.18 1 0
115.63 192.2 1 25.672 210.02 1 2
117.8 148.93 1 142.47 178.32 1 1
117.8 148.93 1 142.47 178.32 1 1
120.08 307.09 1 337.86 215.26 1 0
129.51 336.89 1 153.02 129.21 1 0
151.53 22.851 1 323.65 206.42 1 0
163.36 236.09 1 251.06 235.17 1 0
166.59 194.12 1 103.93 213.79 1 2
168.1 230.07 1 103.78 254.25 1 2
170.21 139.64 1 255.59 133.02 1 0
172.37 210.93 1 109.94 232.57 1 2
181.79 231.36 1 124.09 256.54 1 2
183.64 34.093 1 73.698 150.03 1 0
185.18 151.74 1 261.57 172.86 1 0
185.08 238.41 1 128.26 265.22 1 2
186.09 197.54 1 132.58 217.86 1 2
207.7 188.11 1 161.18 206.43 1 2
209.58 269.85 1 159.5 303.45 1 2
209.58 269.85 1 159.5 303.45 1 2
212.24 144.77 1 286.64 188.62 1 0
221.59 160.62 1 273.81 192.18 1 0
227.9 314.59 1 331.53 238.02 1 0
236.69 286 1 151.01 227.04 1 0
238.01 163.4 1 294.82 194.87 1 0
242.26 310.41 1 263.55 233 1 0
242.61 156.19 1 300.54 185.21 1 0
246 232.25 1 217.77 258.81 1 2
247.99 80.392 1 256.1 94.855 1 1
249.25 141.74 1 308.02 166.66 1 0
249.02 161.52 1 294.82 194.87 1 0
250.53 268.02 1 427.4 242.24 1 0
250.53 268.02 1 300.54 185.21 1 0
254.38 173.93 1 220.86 115.15 1 0
260.82 178.25 1 313.39 147.87 1 0
266.41 171.88 1 302.2 331.3 1 0
272.86 135.62 1 280.89 152.13 1 1
273.19 156.4 1 294.82 194.87 1 0
282.26 67.121 1 302.77 112.11 1 0
282.18 86.211 1 245.89 118.64 1 0
291.39 246.91 1 286.53 276.49 1 2
298.54 108.56 1 305.9 119.75 1 1
299.45 311.47 1 173.82 208.6 1 0
303.26 69.042 1 308.8 74.723 1 1
307.16 57.522 1 311.82 61.866 1 1
313.28 149.08 1 247.39 186.21 1 0
320.95 249.17 1 67.183 293.13 1 0
321.4 44.313 1 328.07 45.336 1 2
339.56 59.589 1 152.48 147.05 1 0
350.07 86.117 1 370.3 90.172 1 2
351.75 211.1 1 376.07 233.18 1 2
361.91 225.07 1 230.82 231.45 1 0
361.91 225.07 1 394.49 249.04 1 0
373.05 39.789 1 145.37 54.935 1 0
372.94 106.89 1 128.83 124.96 1 0
374.21 279.1 1 37.85 157.78 1 0
386.19 86.849 1 51.108 170.91 1 0
46.786 327.53 1 419.67 118.39 1 0
53.159 288.47 1 334.03 177.7 1 0
103.77 287.71 1 14.489 184.37 1 0
108.57 146.73 1 134.18 175.7 1 1
110.16 133.25 1 135.79 162.21 1 1
111.81 120.57 1 136.9 150.14 1 1
132.28 167.97 1 332.34 326.31 1 0
150.56 265.51 1 68.884 294.94 1 2
152.18 236.58 1 73.042 261.08 1 2
153.28 220.97 1 77.004 243.46 1 2
155.06 192.37 1 80.683 209.95 1 2
154.67 275.41 1 76.664 308.64 1 2
157.89 212.76 1 89.67 233.21 1 2
161.4 80.962 1 181.59 106.21 1 1
171.79 254.95 1 109.75 284.29 1 2
172.86 240.44 1 111.88 267.73 1 2
172.86 240.44 1 258.97 238.83 1 0
190.83 284.18 1 80.683 209.95 1 0
194.58 275.61 1 140.06 309.42 1 2
212.79 109.77 1 284.35 142.17 1 0
221.12 123.78 1 272.81 168.87 1 0
237.63 215.65 1 84.065 271.26 1 0
252.71 114.36 1 284.35 142.17 1 0
253.78 133.7 1 261.57 172.86 1 0
253.82 153.52 1 251.31 198.22 1 0
266 150.63 1 273.81 192.18 1 0
278.07 127.58 1 250.75 176.69 1 0
278.07 127.58 1 261.57 172.86 1 0
287.11 196.4 1 116.88 231.04 1 0
290.25 123.83 1 273.81 192.18 1 0
292.47 167.38 1 300.54 185.21 1 1
294.1 42.925 1 300.05 48.931 1 1
295.64 62.723 1 301.57 69.55 1 1
300.31 173.23 1 309.06 192.25 1 1
300.31 173.23 1 116.88 231.04 1 0
300.31 173.23 1 361.1 238.04 1 0
306.77 164.68 1 301.57 69.55 1 0
323.1 99.698 1 327.03 60.996 1 0
327.83 268 1 235.97 254.08 1 0
338.07 93.816 1 354.43 100.2 1 2
338.07 93.816 1 354.43 100.2 1 2
349.15 167.78 1 371.2 182.94 1 2
349.15 167.78 1 371.2 182.94 1 2
350.44 151.09 1 371.69 164.52 1 2
350.41 189.21 1 373.35 207.82 1 2
369.14 230.49 1 118.81 288.6 1 0
37.737 322.73 1 96.845 262.37 1 0
66.227 269.65 1 211.98 79.859 1 0
128.51 102.44 1 153.61 129.69 1 0
152.8 237.12 1 73.042 261.08 1 2
175 222.91 1 115.04 246.34 1 2
203.26 303.44 1 317.99 234.75 1 0
226.54 252.92 1 184.75 282.99 1 2
232.11 186.14 1 210.63 206.87 1 2
248.4 220.29 1 109.75 284.29 1 0
289.59 103.07 1 284.35 142.17 1 0
304.43 98.935 1 310.13 108.01 1 1
321.4 61.519 1 328.32 64.224 1 2
323.41 82.463 1 330.47 86.169 1 2
325.03 103.93 1 332.91 110.2 1 2
325.85 125.34 1 334.37 134.2 1 2
328.09 149.95 1 336.7 160.15 1 2
327.91 267.15 1 235.97 254.08 1 0
339.16 113.03 1 356.21 121.3 1 2
339.57 133.35 1 358.54 145.02 1 2
340.4 154.65 1 360.34 169.17 1 2
347.55 263.89 1 414.53 124.54 1 0
360.73 184.11 1 388.95 202.03 1 2
362.16 204.94 1 392.18 227.32 1 2
47.913 234.27 1 181.64 201.13 1 0
175.68 210.17 1 116.88 231.04 1 2
175.68 210.17 1 252 327.61 1 0
212.34 217.46 1 166.13 240.38 1 2
298.31 189.04 1 306.52 209.96 1 1
314.67 186.64 1 323.65 206.42 1 1
314.67 186.64 1 190.88 98.128 1 0
327.12 195.32 1 337.86 215.26 1 2
329.46 171.58 1 338.93 186.9 1 2
343.16 199.46 1 364.11 220.35 1 2
91.024 207.89 1 319.71 59.14 1 0
225.83 200.95 1 185.43 220.9 1 2
220.99 299.87 1 388.95 202.03 1 0
277.62 213.33 1 263.55 233 1 2
137.76 259.34 1 392.18 227.32 1 0
306.81 287.89 1 128.26 265.22 1 0
335.66 251.37 1 392.18 227.32 1 0
258.72 272.3 1 439.07 123.57 1 0
