10.429 285.96 1 20.479 68.405 1 0
15.226 36.345 1 428.93 378.27 1 0
15.961 43.192 1 480.07 207.48 1 0
30.206 102.22 1 402.09 314.88 1 0
30.545 237.5 1 534.41 34.352 1 0
52.645 297.61 1 49.425 233.5 1 1
74.266 161.4 1 173.33 266.54 1 0
74.878 309.46 1 41.617 62.783 1 0
110.34 288.97 1 85.711 224.03 1 1
123.93 134.28 1 185.25 121.75 1 3
148.62 372.22 1 260.21 137.71 1 0
160.83 387.97 1 239.22 276.91 1 0
193.99 340.06 1 138 266.69 1 1
197.12 93.612 1 191.17 207.33 1 0
231.88 351.81 1 174.07 276.77 1 1
250.9 218.01 1 58.24 385.19 1 0
279.03 422.46 1 430.43 111.8 1 0
331.99 319.46 1 251.98 243.99 1 1
389.78 170.31 1 347.44 134.47 1 3
396.34 300.97 1 544.37 42.684 1 0
397.99 407.72 1 139.15 245.94 1 0
399.99 401.57 1 412.93 169.49 1 0
414.29 384.92 1 80.53 190.65 1 0
417.46 368.73 1 241.36 146.14 1 0
433.02 332 1 371.14 249.64 1 2
433.04 348.48 1 372.14 264.4 1 2
435.42 261.05 1 58.24 385.19 1 0
466.63 294.21 1 404.92 220.6 1 3
470.44 329.51 1 405.81 246.71 1 2
471.9 305.11 1 407.26 229.41 1 3
474.45 386.29 1 159.6 245.54 1 0
483.12 186.14 1 155.59 317.98 1 0
483.74 419.27 1 399.78 147.67 1 0
499.2 349.7 1 347.44 134.47 1 0
500.78 162.3 1 546.45 342.46 1 0
502.05 196.49 1 546.45 342.46 1 0
522.14 287.81 1 292.68 172.8 1 0
561.66 339.97 1 554.35 184.72 1 0
11.671 116.7 1 424.03 355.84 1 0
23.824 57.67 1 536.99 229.61 1 0
67.563 68.183 1 515.89 137.97 1 0
79.143 168.66 1 154.19 146.83 1 3
88.875 321.27 1 63.376 255.55 1 1
92.464 140.13 1 186.07 242.17 1 0
92.615 166.01 1 154.19 146.83 1 3
102.29 316.94 1 76.223 248.81 1 1
103.88 97.396 1 53.08 364 1 0
123.84 128.54 1 178.3 131.04 1 3
148.2 290.57 1 113.58 223.77 1 1
157.8 122.06 1 117.16 385.86 1 0
161.81 310.22 1 117.28 241.28 1 1
166.67 277.48 1 413.3 79.432 1 0
171.99 118.94 1 117.16 385.86 1 0
191.02 159.28 1 215.87 137.23 1 3
221.31 284.93 1 166.3 215.86 1 1
224.04 341.72 1 167.87 267.72 1 1
263.33 346.37 1 197.55 272.77 1 1
302.6 345.43 1 229.33 269.82 1 1
318.49 333.52 1 239.15 258.81 1 1
359.07 205.49 1 327.33 160.67 1 3
366.5 265.28 1 296.26 192.99 1 2
374.69 304.14 1 304.06 210.3 1 2
376.12 349.53 1 308.43 269.82 1 2
377.6 190.36 1 339.97 149.7 1 3
381.54 285.49 1 314.82 218.59 1 2
381.83 293.78 1 314.82 218.59 1 2
382.21 308.84 1 144.68 191.43 1 0
383.42 203.17 1 343.86 157.71 1 3
401.66 197.77 1 357.57 177.54 1 3
406.85 174.29 1 360.15 136.56 1 3
412.87 206.55 1 364.6 159.27 1 3
419.47 172.36 1 368.57 134.54 1 3
456.42 388.57 1 83.339 280.47 1 0
460.64 127.93 1 397.9 99.824 1 3
474.19 208.79 1 409.71 159.07 1 3
486.85 163.7 1 417.68 124.62 1 3
488.02 197.55 1 419.1 149.18 1 3
501.03 190.18 1 429.07 142.9 1 2
504.8 268.8 1 433.6 200.67 1 2
529.48 322.38 1 453.79 239.59 1 2
529.48 322.38 1 453.79 239.59 1 2
537.55 297.07 1 81.768 373.86 1 0
9.672 418.73 1 27.113 48.543 1 0
40.451 332.41 1 426.38 227.89 1 0
45.459 107.14 1 53.468 241.45 1 0
104.99 247.06 1 80.53 190.65 1 1
104.99 247.06 1 80.53 190.65 1 1
119.04 153.09 1 170.16 136.17 1 3
120.32 405.34 1 12.805 181.04 1 0
123.37 160.55 1 173.33 141.6 1 3
150.08 96.593 1 190.69 98.626 1 3
158.13 99.734 1 196.14 100.07 1 3
194.67 315.29 1 139.15 245.94 1 1
197.55 79.408 1 220.03 84.337 1 3
199.91 254 1 146.69 192.97 1 1
253.19 275.69 1 191.17 207.33 1 1
257.18 301.83 1 194.47 230.01 1 1
263.47 338.21 1 197.79 262.41 1 1
264.44 323.58 1 199.6 253.44 1 1
285.57 133.22 1 276.3 114.73 1 3
285.57 133.22 1 276.3 114.73 1 3
293.44 271.68 1 223.56 201.22 1 1
293.44 271.68 1 223.56 201.22 1 1
306.9 110.58 1 290.53 97.993 1 3
316.99 353.31 1 239.22 276.91 1 1
348.3 103.47 1 318.35 90.623 1 3
401.43 231.49 1 357.57 177.54 1 3
425.05 250.99 1 374.81 190.58 1 3
426.47 343.4 1 364.87 261 1 2
426.47 343.4 1 364.87 261 1 2
449.9 262.44 1 393.07 197.94 1 3
450.69 248.39 1 392.75 188 1 3
451.95 226.98 1 393.62 172.19 1 3
458.15 362.9 1 395.59 274.53 1 2
458.15 362.9 1 395.59 274.53 1 2
475.55 259.35 1 411.36 194.9 1 3
483.36 354.02 1 417.92 266.46 1 2
485.11 131.11 1 415.59 101.33 1 3
490.53 268.09 1 298.32 364.24 1 0
505.08 307 1 434.71 228.09 1 2
517.64 198.31 1 442.54 150.78 1 2
517.8 231.39 1 442.69 172.43 1 2
534.66 315.77 1 457.46 234.42 1 2
535.32 335.89 1 458.81 250.29 1 2
542.52 377.99 1 317.87 174.69 1 0
542.52 377.99 1 382.62 164.48 1 0
59.628 306.93 1 118.96 232.11 1 1
86.63 323.6 1 63.376 255.55 1 1
100 305.01 1 75.432 238.94 1 1
106.87 321.41 1 81.405 253.02 1 1
150.7 106.87 1 190.92 105.08 1 3
205.3 298.55 1 150.24 228.59 1 1
236.69 239.08 1 179.2 173.04 1 1
236.13 293.99 1 176.41 223.56 1 1
244.75 302.77 1 184.21 231.69 1 1
255.18 248.76 1 183.33 187.1 1 1
303.97 169.08 1 289.16 138.49 1 3
303.07 274.68 1 229.26 205.57 1 1
318.81 286.03 1 238.67 216.07 1 1
324.65 166.43 1 303.26 135.45 1 3
339.87 389.5 1 261.51 312.93 1 2
345.44 193.84 1 317.49 153.5 1 3
346.63 162.98 1 317.81 132.11 1 3
390.88 156.23 1 348.3 125.1 1 3
390.1 187.64 1 348.52 146.96 1 3
413.62 153.24 1 364.62 121.41 1 3
414.57 186.66 1 365.57 144.65 1 3
415.61 335.8 1 354.75 255.63 1 2
414.56 392.38 1 355.51 303.43 1 2
435.98 366.67 1 372.9 278.37 1 2
436.1 88.069 1 379.89 74.02 1 3
436.6 118.49 1 380.51 95.547 1 3
459.12 84.395 1 396.43 69.586 1 3
459.01 104.46 1 396.17 83.854 1 3
460.73 146.54 1 398.41 114.03 1 3
480.57 69.486 1 411.53 56.981 1 3
482.77 80.39 1 413.55 65.068 1 3
482.11 100.94 1 413.3 79.432 1 3
485.05 143.34 1 416.33 110.13 1 3
501.92 113.99 1 428.12 87.724 1 2
504.75 147.95 1 430.43 111.8 1 2
25.583 63.915 1 527.17 207.91 1 0
35.12 109.66 1 87.707 244.47 1 0
200.06 364.69 1 144.04 290.22 1 1
200.06 364.69 1 144.04 290.22 1 1
215.05 316 1 159.6 245.54 1 1
248.81 314.77 1 368.57 134.54 1 0
248.81 314.77 1 186.07 242.17 1 1
290.98 311.66 1 220.58 237.75 1 1
316.55 309.71 1 238.36 235.58 1 1
333.27 220.05 1 255.43 147.95 1 1
354.88 181.44 1 323.14 144.2 1 3
376.68 178.56 1 338.44 141.02 1 3
376.68 178.56 1 338.44 141.02 1 3
390.62 221.02 1 348.93 170.43 1 3
413.96 218.09 1 365.76 167.43 1 3
415.56 357.17 1 356.41 272.94 1 2
415.56 357.17 1 196.14 100.07 1 0
424.94 205.88 1 372.94 158.13 1 3
424.57 239.54 1 373.12 182.2 1 3
437.5 182.2 1 382.05 140.82 1 3
438.09 250.02 1 383.71 189.11 1 3
439.23 284.02 1 384.19 215.49 1 3
447.45 202.65 1 389.03 154.57 1 3
449.11 237.29 1 391.57 179.72 1 3
450.27 272.67 1 392.75 205.25 1 3
461.82 179 1 399.73 137.41 1 3
463.01 247.17 1 401.98 186.37 1 3
463.57 283.66 1 403.21 212.54 1 3
473.68 199.28 1 408.54 150.96 1 3
474.83 270.21 1 281.92 345.98 1 0
506.32 180.92 1 432.62 136.27 1 2
531.22 416.65 1 67.914 289.98 1 0
110.69 360.98 1 151.53 164.04 1 0
217.92 358.8 1 160.03 284.47 1 1
222.5 230.94 1 163.92 165.16 1 1
267.95 362.72 1 200.29 286.57 1 1
328.93 361.27 1 248.83 285.96 1 1
471.8 116.99 1 406.18 91.376 1 3
471.47 341.31 1 407.18 255.52 1 2
518.17 115.37 1 440.91 91.919 1 2
233.25 340.29 1 173.33 266.54 1 1
443.1 321.22 1 241.36 146.14 1 0
506.64 322.51 1 435.8 240.1 1 2
385.93 307.08 1 319.82 232.83 1 2
404.3 349.88 1 339.3 265.53 1 2
77.403 260.03 1 61.943 198.9 1 1
407.89 290.67 1 343.57 216.22 1 2
474.35 96.843 1 405.41 78.378 1 3
26.608 197.99 1 467.06 269.62 1 0
26.608 197.99 1 241.36 146.14 1 0
28.917 160.15 1 524.12 293.18 1 0
30.206 102.22 1 402.09 314.88 1 0
30.545 237.5 1 534.41 34.352 1 0
31.887 134.4 1 416.45 292.39 1 0
40.985 168.52 1 20.932 75.478 1 0
41.782 123.43 1 391.14 410.11 1 0
57.573 139.82 1 563 159.45 1 0
67.784 100.07 1 469.98 217.08 1 0
279.03 422.46 1 430.43 111.8 1 0
409.11 413.08 1 12.05 283.48 1 0
483.74 419.27 1 399.78 147.67 1 0
531.22 383.7 1 53.08 364 1 0
553.77 210.07 1 57.05 44.456 1 0
11.671 116.7 1 424.03 355.84 1 0
15.061 406.32 1 308.43 269.82 1 0
23.824 57.67 1 536.99 229.61 1 0
35.895 377.02 1 442.17 283.36 1 0
44.591 234.22 1 431.81 297.37 1 0
44.552 66.642 1 506.64 102.15 1 0
52.947 66.772 1 511.87 160.21 1 0
61.369 163.51 1 550.25 257.94 1 0
61.369 163.51 1 469.98 217.08 1 0
67.563 68.183 1 515.89 137.97 1 0
72.787 76.176 1 519.94 273.03 1 0
376.65 414.85 1 511.9 251.75 1 0
464.31 404.21 1 238.36 235.58 1 0
555.55 402.89 1 446.17 317.96 1 0
9.672 418.73 1 27.113 48.543 1 0
9.9167 352.05 1 455.42 122.13 1 0
15.596 195.09 1 91.955 285.78 1 0
37.34 121.4 1 197.55 272.77 1 0
37.832 71.022 1 448.6 304.86 1 0
45.459 107.14 1 53.468 241.45 1 0
80.663 90.209 1 527.17 207.91 1 0
364.74 416.33 1 382.57 403.93 1 0
542.52 377.99 1 317.87 174.69 1 0
542.52 377.99 1 382.62 164.48 1 0
550.84 381.19 1 471.9 289.03 1 0
554.19 420.48 1 332.93 173.51 1 0
9.8844 352.55 1 34.127 392.49 1 0
10.308 195.97 1 112.69 288.64 1 0
25.583 63.915 1 527.17 207.91 1 0
35.12 109.66 1 87.707 244.47 1 0
481.86 398.71 1 519.94 273.03 1 0
531.22 416.65 1 67.914 289.98 1 0
531.22 416.65 1 198.71 209.48 1 0
59.822 81.746 1 519.09 143.39 1 0
533.69 407.55 1 479.63 140.08 1 0
