8.5788 198.64 1 57.235 406.86 1 0
13.13 54.968 1 87.633 82.85 1 1
13.13 54.968 1 87.633 82.85 1 1
13.038 282.65 1 95.254 289.45 1 1
26.28 322.45 1 110.93 325.58 1 1
35.581 156.86 1 113.34 175.03 1 1
36.424 282.83 1 121.25 290.2 1 1
43.527 353.44 1 129.86 354.49 1 1
51.974 287.91 1 136.29 294.25 1 1
52.883 280.03 1 136.96 286.96 1 1
56.917 249.68 1 140.01 258.78 1 1
57.487 244.14 1 140.01 258.78 1 1
59.311 231.99 1 141.94 242.2 1 1
62.038 213.88 1 141.94 242.2 1 1
70.161 150.79 1 149.98 167.23 1 1
71.161 223.73 1 154.26 235.49 1 1
74.458 1.6157 1 538.04 371.12 1 0
74.458 1.6157 1 538.04 371.12 1 0
76.559 392.9 1 461.11 135.18 1 0
81.706 235.26 1 504.31 31.889 1 0
88.448 87.131 1 167.58 109.72 1 1
88.558 210.64 1 172.82 221.65 1 1
98.548 68.663 1 177.8 88.113 1 1
105.16 363.64 1 374.13 283.33 1 0
111.05 185.07 1 262.47 270.31 1 0
115.18 128.32 1 199.32 142.98 1 1
115.88 100.14 1 198.64 115.78 1 1
125.81 407.5 1 492.97 246.74 1 0
138 218.18 1 115.95 398.65 1 0
145.08 130.79 1 27.197 82.253 1 0
168.64 141.37 1 251.3 152.5 1 2
176.36 382.6 1 394 343.82 1 0
194.97 355.99 1 513.3 195.97 1 0
202.17 195.51 1 285.33 202.91 1 2
207.82 420.08 1 149.98 167.23 1 0
267.09 288 1 170.35 171.6 1 0
279.15 307.34 1 496.18 64.62 1 0
286.05 369.66 1 529.14 163.24 1 0
303.72 342.19 1 79.423 126.22 1 0
327.45 304.5 1 40.347 26.896 1 0
334.36 135.21 1 417.97 134.66 1 2
345.42 138.25 1 429.58 136.78 1 2
355.61 148.86 1 441.31 147.55 1 2
363.34 145.02 1 449.28 142.54 1 2
382.05 50.952 1 530.98 392.44 1 0
382.27 141.17 1 467.04 137.08 1 3
387.26 211.54 1 76.934 48.964 1 0
389.26 383.13 1 484.29 392.8 1 3
390.39 308.01 1 482.55 313.86 1 3
423.22 362.84 1 513.03 373.69 1 3
425.53 323.94 1 49.693 328.16 1 0
434.31 294.41 1 518.87 297.33 1 3
442.77 379.15 1 530.98 392.44 1 3
450.3 158.65 1 523.83 150.56 1 3
451.08 331.35 1 85.483 348.33 1 0
452 130.23 1 523.32 119.65 1 3
456.72 180.46 1 352.55 221.59 1 0
457.11 266.7 1 15.634 95.825 1 0
457.11 266.7 1 126.5 261.38 1 0
456.99 335.64 1 23.348 357.59 1 0
458.63 404.9 1 302.97 275.7 1 0
461.54 221.57 1 537.08 219.04 1 3
462.47 266.36 1 128.37 252.85 1 0
468.2 61.735 1 532.94 44.435 1 3
471.47 310.36 1 551.49 315.73 1 3
478.98 366.55 1 421.09 158.32 1 0
481.35 105.15 1 546.86 90.428 1 3
480.52 307.28 1 558.42 312.43 1 3
497.68 308.57 1 27.197 82.253 1 0
498.5 76.69 1 560.92 57.456 1 3
511.58 26.196 1 482.55 313.86 1 0
527.34 350.72 1 305.03 379.56 1 0
557.08 96.204 1 220.27 169.04 1 0
12.455 297.43 1 95.508 302.76 1 1
17.562 184.33 1 96.295 200.1 1 1
16.57 195.72 1 95.728 210.93 1 1
16.57 195.72 1 95.728 210.93 1 1
27.713 308.53 1 112.29 313.13 1 1
31.428 274.93 1 115.28 281.91 1 1
42.218 365.05 1 128.62 365.68 1 1
50.706 184.25 1 132.16 199.4 1 1
56.2 362.54 1 143.94 363.21 1 1
71.13 224.23 1 154.26 235.49 1 1
80.883 317.99 1 471.03 55.91 1 0
89.529 219.08 1 174.07 230.37 1 1
102.66 183.83 1 187.57 195.88 1 1
111.56 364.15 1 43.137 153.24 1 0
112.42 139.99 1 196.86 161.28 1 1
116.02 99.564 1 198.64 115.78 1 1
195.83 215.58 1 279.53 222.63 1 2
196.7 200.41 1 280 208.08 1 2
199.25 151.56 1 281.18 159.73 1 2
200.07 138.82 1 281.67 147.51 1 2
211.65 140.86 1 292.1 149.13 1 2
243.25 416.97 1 58.054 355.75 1 0
269.73 142.77 1 350.68 146.57 1 2
269.59 203.8 1 352.39 208.37 1 2
269.59 203.8 1 352.39 208.37 1 2
269.41 217.54 1 352.55 221.59 1 2
277.09 200.69 1 360.3 205.04 1 2
281.77 206.6 1 365.75 210.56 1 2
317.11 138.37 1 85.483 348.33 1 0
336.22 146.57 1 420.12 146.3 1 2
336.78 158.61 1 421.09 158.32 1 2
343.15 144.64 1 427.24 143.98 1 2
349.29 150.16 1 435.01 149.72 1 2
349.91 208.51 1 436.2 208.83 1 2
387.26 107.6 1 252.9 374.52 1 0
394.56 107.48 1 474.36 100.43 1 3
398.62 240.1 1 485.24 241.77 1 3
404.75 330.59 1 495.36 337.4 1 3
418.85 283.58 1 464.4 407.08 1 0
429.51 401.99 1 168.54 33.173 1 0
431.23 318.41 1 516.98 324.24 1 3
435.81 49.832 1 448.97 198.18 1 0
446.7 302.07 1 526.15 307.16 1 3
478.66 162.04 1 325.48 141.41 1 0
481.64 242.96 1 555.58 241.83 1 3
481.8 269.94 1 557.18 270.92 1 3
495.31 386.15 1 157.4 384.73 1 0
540.66 135.29 1 203.02 289.64 1 0
546.02 174.87 1 530.98 392.44 1 0
560.18 332.54 1 249.77 220.63 1 0
12.037 140.74 1 90.691 161.54 1 1
35.358 120.91 1 111.63 142.4 1 1
34.732 245.64 1 116.72 255.55 1 1
41.658 77.834 1 116.82 101.41 1 1
41.772 212.7 1 122.94 225.32 1 1
43.398 251.98 1 126.5 261.38 1 1
43.398 251.98 1 126.5 261.38 1 1
45.753 243.43 1 128.37 252.85 1 1
50.566 206.87 1 131.91 219.67 1 1
50.566 206.87 1 131.91 219.67 1 1
63.216 397.63 1 537.79 156.1 1 0
68.569 258.74 1 152.97 266.88 1 1
73.765 366.16 1 191.21 278.32 1 0
78.132 183.46 1 161.26 196.4 1 1
79.142 63.821 1 240.07 286.47 1 0
86.395 174.72 1 168.83 188.48 1 1
96.68 45.486 1 172.49 59.939 1 1
102.46 97.539 1 184.11 112.7 1 1
157.13 234.4 1 242.12 241.95 1 2
182.83 407.31 1 141.6 161.07 1 0
191.83 323.84 1 494.86 261.85 1 0
208.94 218.55 1 32.58 65.273 1 0
209.57 201.83 1 109.43 288.44 1 0
217.35 383.03 1 46.029 418.51 1 0
255.18 215.17 1 108.83 91.765 1 0
277.45 138.43 1 358.32 142.38 1 2
371.99 173.63 1 459.91 170.12 1 2
375.55 139.13 1 461.11 135.18 1 3
380.77 192.72 1 468.76 192.88 1 3
394.76 320.21 1 486.9 328.07 1 3
406.4 216.91 1 490.29 215.45 1 3
419.5 309.25 1 506.42 314.44 1 3
429.35 115.89 1 64.084 281.47 1 0
429.74 392.51 1 422.3 278.35 1 0
432.1 138.87 1 507.69 130.54 1 3
437.27 236.55 1 518.82 236.21 1 3
440.76 54.116 1 509.03 39.229 1 3
455.17 171.14 1 529.14 163.24 1 3
457.5 36.332 1 485.7 399.61 1 0
494.91 387.82 1 302.97 275.7 1 0
511.1 390.21 1 116.82 101.41 1 0
524.66 138.51 1 172.49 59.939 1 0
528.58 129.39 1 205.52 137.43 1 0
9.6446 166.1 1 88.49 374.23 1 0
16.532 225.79 1 96.447 237.65 1 1
17.711 402.14 1 98.426 399.07 1 1
23.882 206.32 1 103.84 220.02 1 1
60.773 143.64 1 141.6 161.07 1 1
65.748 119.77 1 144.65 138.26 1 1
85.269 300.18 1 476.34 62.04 1 0
173.61 198.7 1 125.7 58.137 1 0
180.62 166.45 1 261.03 174.97 1 2
292.96 146.13 1 377.78 148.4 1 2
292.96 146.13 1 377.78 148.4 1 2
371.77 173.97 1 459.32 171.87 1 2
405.71 136.66 1 485.88 140.15 1 3
422.65 326.24 1 509.51 332.22 1 3
467.1 271.53 1 544.77 272.74 1 3
473.68 146.37 1 465.4 260.27 1 0
483.05 27.936 1 485.7 399.61 1 0
537.27 158.33 1 205.19 196.1 1 0
540.55 113.4 1 509.03 39.229 1 0
14.853 58.871 1 87.633 82.85 1 1
21.195 43.182 1 95.468 73.358 1 1
26.502 383.62 1 112.29 313.13 1 0
33.677 65.987 1 108.83 91.765 1 1
43.472 87.369 1 118.93 110.05 1 1
55.545 126.14 1 134.49 143.73 1 1
81.174 62.578 1 401.81 121.4 1 0
106.77 87.667 1 188.19 104.15 1 1
180.53 185.7 1 264.46 193.43 1 2
385.36 88.999 1 465.61 82.237 1 3
383.94 343.84 1 454.85 120.28 1 0
413.44 274.57 1 500.26 277.52 1 3
429.67 309.3 1 51.192 363.4 1 0
489.71 105.81 1 468.77 297.96 1 0
509.64 28.513 1 373.75 125.48 1 0
527.54 44.54 1 249.77 220.63 1 0
548.32 13.561 1 401.81 121.4 1 0
556.59 130.93 1 491.05 305.48 1 0
45.4 93.714 1 118.93 110.05 1 1
106.65 113.05 1 187.88 133.53 1 1
222.34 149.96 1 303.63 159.13 1 2
243.38 408.37 1 89.684 296.28 1 0
291.42 216.93 1 377.49 221.46 1 2
291.42 216.93 1 377.49 221.46 1 2
449.48 320.96 1 531.54 325.51 1 3
449.48 320.96 1 531.54 325.51 1 3
490.74 298.42 1 379.54 140.62 1 0
492.48 316.13 1 339.92 294.05 1 0
498.53 366.62 1 298.19 309.8 1 0
546.43 361.8 1 91.719 20.528 1 0
93.818 78.823 1 171.98 104.29 1 1
104.72 58.812 1 183.76 78.084 1 1
213.87 128.96 1 296.44 137.66 1 2
222.31 149.88 1 303.63 159.13 1 2
435.33 199.67 1 513.3 195.97 1 3
435.33 199.67 1 513.3 195.97 1 3
488.63 298.62 1 379.54 140.62 1 0
497.51 364.86 1 298.19 309.8 1 0
513.29 336.36 1 474.36 100.43 1 0
536.95 121.91 1 304.11 285.18 1 0
214.35 178.09 1 296.31 187.39 1 2
213.53 209.98 1 296.82 216.92 1 2
245.65 216.61 1 328.78 221.96 1 2
314.72 136.94 1 394.81 137.79 1 2
383.8 116.63 1 468.31 111.1 1 3
423.62 77.498 1 496.18 64.62 1 3
423.62 77.498 1 496.18 64.62 1 3
454.11 66.778 1 521.44 51.049 1 3
170.5 210.37 1 253.6 218.28 1 2
249.73 134.25 1 325.48 141.41 1 2
362.77 142.49 1 446.27 140.14 1 2
368.94 197.77 1 456.87 197.74 1 2
396.62 302 1 491.05 305.48 1 3
406.57 200.6 1 489.49 202.33 1 3
406.57 200.6 1 499.37 173.86 1 3
486.31 331.04 1 112.29 313.13 1 0
