8.24 257.61 1 26.388 244.83 1 1
24.257 76.872 1 36.219 64.236 1 1
26.198 333.11 1 44.264 318.14 1 1
31.058 202.84 1 45.355 190.28 1 1
31.058 202.84 1 45.355 190.28 1 1
31.295 282.64 1 410.61 161.74 1 0
45.149 319.22 1 60.577 304.3 1 1
58.266 372.81 1 73.297 356.03 1 1
76.162 292.86 1 86.917 279.01 1 1
80.686 122.03 1 100.52 37.63 1 0
87.782 61.274 1 92.788 46.823 1 1
89.076 37.786 1 94.139 22.737 1 1
92.953 59.895 1 98.704 45.724 1 1
94.968 51.319 1 100.52 37.63 1 1
94.791 335.65 1 104.85 319.67 1 1
102.04 57.658 1 107.06 46.739 1 1
124.13 58.46 1 406.33 389.92 1 0
125 414.97 1 471.87 86.47 1 0
143.75 166.4 1 145.62 152.4 1 1
149.77 343.03 1 145.91 325.6 1 1
153.13 92.973 1 153.05 79.555 1 1
152.62 100.2 1 152.57 86.549 1 1
163.94 110.2 1 163.7 98.886 1 1
192.5 412.75 1 524.79 302.33 1 0
200.69 112.25 1 195.72 98.362 1 1
217.06 370.83 1 212.55 352.03 1 1
222.51 151.66 1 215.99 136.81 1 1
224.49 362.45 1 218.81 343.96 1 1
228.96 218.51 1 222.04 203.62 1 1
249.99 370.87 1 240.9 351.76 1 1
254.67 366.91 1 245.47 348.08 1 1
294.05 371.63 1 31.058 331.14 1 0
316.19 355.4 1 297.76 335.9 1 2
317.96 412.47 1 245.07 392.33 1 0
326.15 335.77 1 309.08 317.77 1 2
351.49 350.56 1 336.76 331.56 1 2
369.29 280.42 1 356.64 264.13 1 2
387.82 323.43 1 376.57 305.77 1 2
394.31 341.86 1 155.45 400.42 1 0
394.31 341.86 1 155.45 400.42 1 0
399.33 247.31 1 389.18 233.23 1 2
403.58 319.18 1 393.06 301.87 1 2
408.26 168.22 1 399.36 157.78 1 2
421.29 257.37 1 412.76 242.94 1 2
423.31 307.95 1 414.74 291.25 1 2
424.33 301.78 1 415.75 285.59 1 2
436.68 146.54 1 429.76 138.24 1 2
445.45 278.16 1 438.19 263.46 1 2
446.68 212.14 1 440.51 201.23 1 2
451.91 279.19 1 445.26 264.22 1 2
456.32 269.67 1 449.77 255.71 1 2
457.84 286.85 1 451.11 271.87 1 2
460.11 208.06 1 454.53 198.43 1 2
460.4 213.16 1 454.85 202.56 1 2
461.94 224.1 1 456.33 213.54 1 2
462.87 118.93 1 457.8 113.03 1 2
463.21 242.18 1 457.33 229.95 1 2
464.82 262.4 1 458.73 249.17 1 2
467.5 292.98 1 461.09 277.77 1 2
470.88 272.91 1 464.69 258.81 1 2
471.05 378.73 1 17.597 15.85 1 0
473.15 209.2 1 467.9 199.25 1 2
474.41 218.01 1 468.36 207.84 1 2
475.19 90.555 1 471.87 86.47 1 2
475.49 228.63 1 469.16 217.52 1 2
475.94 276.26 1 469.85 262.21 1 2
478.05 124.82 1 474.18 119.12 1 2
480.21 142.49 1 476.18 136.24 1 2
484.4 322.38 1 477.52 305.38 1 2
489.92 295.04 1 483.88 280.66 1 2
491.68 173.26 1 226.82 401.49 1 0
493.05 272.92 1 487.41 259.02 1 2
497.11 202.71 1 493.96 194.08 1 2
497.21 310.98 1 491.2 295.01 1 2
499.19 337.53 1 492.73 318.8 1 2
501.83 7.1516 1 208.09 217.5 1 0
522.43 306 1 357.72 166.99 1 0
63.042 320.77 1 76.65 305.64 1 1
70.107 146.05 1 79.335 132.47 1 1
109.8 421.43 1 284.83 324.1 1 0
113.41 271.67 1 120.42 257.46 1 1
125.98 387.72 1 132.81 369.47 1 1
142.26 120.93 1 144.52 107.25 1 1
142.04 250.21 1 145.86 237.32 1 1
147.46 144.98 1 147.53 129.89 1 1
153.47 366.72 1 154.87 348.53 1 1
154.66 351.97 1 155.82 334.54 1 1
167.82 351.24 1 167.74 333.57 1 1
196.63 332.58 1 435.03 380.93 1 0
212.08 134.31 1 206.72 121.05 1 1
242.2 218.89 1 233.57 205.46 1 1
266.76 199.96 1 255.11 185.58 1 1
274.6 212.28 1 262.91 196.71 1 1
370.04 267.86 1 357.2 252.78 1 2
390.74 189.66 1 380.68 177.61 1 2
394.78 320.79 1 383.77 302.43 1 2
409.12 245.2 1 400.49 231 1 2
417.06 265.78 1 246.01 367.49 1 0
417.45 234.35 1 409.02 221.34 1 2
420.02 204.19 1 411.9 193.23 1 2
423.01 313.6 1 413.89 296.73 1 2
432.55 259.44 1 424.75 245.59 1 2
436.09 156.61 1 429.17 147.64 1 2
436.17 164.63 1 429.06 154.97 1 2
437.2 172.29 1 430.06 162.76 1 2
442.35 148.06 1 436.01 139.44 1 2
449.38 300 1 442.98 283.73 1 2
449.95 293.05 1 442.89 277.46 1 2
456.77 297.68 1 450.38 281.91 1 2
469.41 302.34 1 462.99 286.57 1 2
470.96 329.84 1 464.12 311.69 1 2
477.61 190.22 1 472.94 181.53 1 2
482.27 290.45 1 476.21 275.5 1 2
491.17 258.09 1 485.36 246.23 1 2
506.51 327.29 1 499.97 309.53 1 2
7.6278 275.73 1 25.945 262.21 1 1
17.23 273.02 1 36.235 260.63 1 1
34.347 109.52 1 47.124 97.956 1 1
69.667 146.23 1 79.335 132.47 1 1
70.197 285.52 1 82.209 271.1 1 1
78.209 279.1 1 89.1 264.95 1 1
83.058 288.44 1 92.777 273.82 1 1
89.861 126.63 1 96.856 115.1 1 1
91.304 218.48 1 98.783 204.89 1 1
127.26 368.25 1 133.89 350.43 1 1
135.82 89.605 1 137.65 76.639 1 1
140.56 189.09 1 142.39 174.26 1 1
162.02 345.9 1 162.58 328.72 1 1
164.96 113.51 1 163.7 98.886 1 1
196.17 218.82 1 547.25 98.077 1 0
212.13 135.01 1 206.72 121.05 1 1
225.53 207.2 1 218.06 194.42 1 1
252.92 194.5 1 242.88 178.59 1 1
281.68 202.87 1 268.59 187.72 1 1
301.54 422.26 1 329.6 190.45 1 0
322.06 336.72 1 309.08 317.77 1 2
371.24 335.68 1 358.06 316.72 1 2
379.87 281 1 368.11 265.01 1 2
390.16 190.77 1 379.88 178.47 1 2
413.01 319.48 1 403.65 303.49 1 2
433.44 289.9 1 425.66 273.69 1 2
444.39 174.24 1 437.86 164.56 1 2
449.86 306.66 1 441.41 290.46 1 2
470.68 120.67 1 466.09 114.78 1 2
476.79 200.9 1 471.18 191.65 1 2
481.46 298.26 1 474.98 282.92 1 2
492.75 286.49 1 486.5 271.94 1 2
499.25 242.76 1 383.46 315.57 1 0
505.24 284.32 1 107.54 77.34 1 0
516.7 417.2 1 219.2 31.207 1 0
561.41 126.41 1 56.823 416.34 1 0
23.189 264.91 1 39.257 252.31 1 1
48.066 199.4 1 58.739 185.93 1 1
50.973 141.62 1 62.649 129.08 1 1
80.906 73.326 1 259.88 407.78 1 0
98.039 319.8 1 107.23 304.52 1 1
145.24 96.611 1 145.6 83.352 1 1
168.28 97.32 1 167.63 83.441 1 1
216.42 347.18 1 212.23 330.38 1 1
250.97 191.24 1 241.14 175.31 1 1
396.97 389.27 1 173.19 284.46 1 0
412.28 309.93 1 403.12 292.9 1 2
440.56 392.82 1 169.24 140.21 1 0
453.48 340.82 1 5.991 79.176 1 0
479.28 353.8 1 173.63 147.95 1 0
37.864 194.38 1 50.443 181.8 1 1
43.094 219.43 1 54.396 205.71 1 1
47.754 185.6 1 57.862 171.87 1 1
65.326 185.12 1 75.517 170.9 1 1
66.659 234.13 1 78.244 219.44 1 1
82.098 234.13 1 90.557 219.98 1 1
122.65 251.27 1 127.75 237.27 1 1
135.12 166.12 1 135.89 150.43 1 1
195.95 347.84 1 193.86 330.95 1 1
435.13 303.54 1 427.15 286.61 1 2
455.4 361.8 1 505.25 230.2 1 0
27.27 168.21 1 40.414 154.89 1 1
108.9 353.66 1 116.9 337.12 1 1
110.53 210.67 1 116.89 195.57 1 1
114.98 298.81 1 122.84 282.87 1 1
125.05 231.59 1 129.46 217.95 1 1
240.64 375.83 1 232.37 356.94 1 1
248.38 185.75 1 241.14 175.31 1 1
326.94 341.16 1 310.09 323.98 1 2
65.956 350.47 1 79.108 334.48 1 1
75.666 292.18 1 87.17 275.84 1 1
95.249 305.37 1 104.4 289.1 1 1
110.09 212.29 1 116.89 195.57 1 1
152.09 314.25 1 158.8 302.34 1 1
501.63 312.02 1 495.68 294.83 1 2
530.76 391.26 1 325.41 408.22 1 0
86.422 116.34 1 93.777 103.2 1 1
126.46 142.73 1 127.63 125.94 1 1
500.52 275.46 1 493.39 263.94 1 2
26.215 291.52 1 27.737 157.04 1 0
35.82 83.415 1 48.79 72 1 1
348.64 344.34 1 334.27 323.93 1 2
34.396 377.46 1 48.395 361.32 1 1
58.805 257.76 1 70.711 243.74 1 1
98.901 415.48 1 519.13 124.98 1 0
125 414.97 1 471.87 86.47 1 0
133.79 415.13 1 471.87 86.47 1 0
192.5 412.75 1 524.79 302.33 1 0
207.75 422.25 1 67.058 58.733 1 0
220.69 390.36 1 524.73 210.17 1 0
227.42 418.69 1 262.91 196.71 1 0
228.83 413.05 1 50.589 405.81 1 0
302.22 300.81 1 75.517 170.9 1 0
309.11 296.4 1 71.193 98.982 1 0
317.96 412.47 1 245.07 392.33 1 0
322.72 391 1 193.7 309.28 1 0
328.66 388.28 1 206.72 121.05 1 0
328.66 388.28 1 393.54 389.01 1 0
341.12 289.46 1 79.061 284.34 1 0
341.23 392.55 1 400.08 217.6 1 0
449.52 378.24 1 355.8 336.29 1 0
465.68 372.69 1 80.162 321.61 1 0
471.05 378.73 1 17.597 15.85 1 0
482.14 418 1 147.98 145.14 1 0
539.39 422.4 1 492.73 318.8 1 0
555.83 406.38 1 74.875 64.993 1 0
560.22 396.97 1 16.108 334.48 1 0
109.8 421.43 1 492.7 183.83 1 0
109.8 421.43 1 284.83 324.1 1 0
416.43 414.22 1 522.59 26.822 1 0
429.25 410.07 1 155.82 334.54 1 0
472.5 367.08 1 76.65 305.64 1 0
519.63 379.91 1 32.503 126.99 1 0
543.54 399.77 1 251.3 157.38 1 0
83.549 419.5 1 461.63 172.64 1 0
145.05 419.26 1 471.87 86.47 1 0
277.89 418.3 1 256.89 111.41 1 0
301.54 422.26 1 329.6 190.45 1 0
369.33 385.31 1 471.19 225.97 1 0
380.4 385.77 1 468.36 207.84 1 0
446.57 371.79 1 371.82 223.66 1 0
456.97 383.93 1 18.959 74.335 1 0
514.75 388.23 1 240.68 270.7 1 0
516.7 417.2 1 219.2 31.207 1 0
396.97 389.27 1 173.19 284.46 1 0
437.55 402.27 1 26.388 244.83 1 0
437.55 402.27 1 493.39 263.94 1 0
440.56 392.82 1 169.24 140.21 1 0
454.69 385.33 1 29.679 105.19 1 0
455.4 361.8 1 505.25 230.2 1 0
455.4 361.8 1 97.172 378.15 1 0
466.28 362.48 1 21.987 381.25 1 0
294.74 293.68 1 241.87 266.68 1 0
308 216.03 1 275.62 264.79 1 0
485.1 379.02 1 493.39 263.94 1 0
530.76 391.26 1 325.41 408.22 1 0
411.43 379.83 1 76.828 90.663 1 0
299.22 265.19 1 56.823 416.34 1 0
318.88 410.66 1 27.395 197.66 1 0
