64.223 179.55 1 146.55 184.14 1 1
74.779 258.89 1 157.9 255.24 1 1
92.906 330.98 1 174.3 318.65 1 1
92.906 330.98 1 174.3 318.65 1 1
95.394 254.56 1 174.39 250.92 1 1
143.34 221.66 1 212.51 219.9 1 1
161.08 305.29 1 228.93 295.12 1 1
161.08 305.29 1 228.93 295.12 1 1
171.64 310.23 1 280.61 185.33 1 0
175.56 264.81 1 238.65 258.68 1 1
186.15 317.99 1 249.17 306.31 1 1
186.9 302.95 1 249.92 292.66 1 1
191.48 279.58 1 252.3 271.5 1 1
204.25 351.22 1 265.26 335.71 1 1
204.25 351.22 1 265.26 335.71 1 1
203.64 365.54 1 267.67 349.44 1 1
208.65 366.22 1 267.67 349.44 1 1
235.92 284.35 1 289.86 275.09 1 1
253.48 433.85 1 305.64 409.54 1 1
258.45 256.19 1 308.01 248.88 1 1
261.74 353.44 1 312.56 337.44 1 1
264.99 182.13 1 583.69 17.138 1 0
282.04 194.65 1 326.93 191.42 1 1
282.99 162.59 1 327.28 161.59 1 1
291.37 394.41 1 337.3 374.4 1 1
304.43 345.16 1 347.55 329.69 1 1
313.28 184.17 1 353.6 180.78 1 1
347.08 142.51 1 382.82 140.06 1 2
351.61 89.196 1 386.77 88.095 1 2
353.52 101.2 1 389.21 99.271 1 2
354.77 239.65 1 391.62 231.24 1 2
354.77 239.65 1 391.62 231.24 1 2
360.47 438.85 1 397.42 414.69 1 2
360.47 438.85 1 60.076 334.42 1 0
360.48 389.74 1 397.63 369.92 1 2
363.24 381.49 1 63.946 316.48 1 0
367.34 363.6 1 407.63 345.64 1 2
367.82 417.77 1 407.69 395.96 1 2
375.51 198.45 1 415.63 189.87 1 2
378.12 89.495 1 417.55 84.487 1 2
378.11 418.16 1 419.75 396.37 1 2
381.96 423.64 1 423.59 401.73 1 2
384.16 331.95 1 426.1 316.01 1 2
384.82 315.02 1 426.51 299.87 1 2
385.02 348.96 1 426.88 331.7 1 2
384.67 399.58 1 426.7 378.96 1 2
392.03 374.95 1 434.87 356.12 1 2
392.03 374.95 1 434.87 356.12 1 2
394.04 160.81 1 435.88 151.78 1 2
394.31 198.6 1 437.75 188.27 1 2
393.76 404.65 1 436.81 383.74 1 2
395.31 81.159 1 436.92 73.731 1 2
394.79 168.26 1 437.27 159 1 2
399.19 343.46 1 442.48 326.24 1 2
400.18 424.84 1 443.97 402.75 1 2
405.16 169.53 1 449.14 159.95 1 2
405.12 356.22 1 449.5 338.03 1 2
407.58 329.73 1 452.25 313.01 1 2
412.38 158.97 1 457.42 147.9 1 2
412.07 392.41 1 457.22 372.57 1 2
413.87 147.54 1 459.57 137.49 1 2
488.05 499.6 1 376.01 290.57 1 0
517.6 404.27 1 106.62 359.33 1 0
578.61 66.799 1 381.07 31.233 1 0
611.4 344.62 1 487.6 437.55 1 0
619.93 262.49 1 124.89 97.314 1 0
642.89 49.096 1 626.96 320.92 1 0
660.45 292.59 1 513.9 393.87 1 0
677.87 336.32 1 465.67 66.403 1 0
29.788 398.49 1 126.78 378.6 1 1
31.784 327.39 1 125.84 315.98 1 1
36.402 90.305 1 74.87 318.42 1 0
48.251 352.85 1 139.83 338.74 1 1
50.706 163.4 1 506.82 76.926 1 0
61.584 365.6 1 150.77 349.79 1 1
66.707 261.06 1 151.36 257.42 1 1
72.736 214.51 1 154.65 215.32 1 1
93.144 208.99 1 170.88 209.93 1 1
102.06 388.67 1 182.61 369.61 1 1
114.42 204.49 1 187.93 205.25 1 1
124.06 158.29 1 194.59 162.84 1 1
126.61 302.36 1 200.36 293.11 1 1
128.7 279.83 1 202 272.3 1 1
130.26 249.72 1 202.98 245.01 1 1
136.27 154.4 1 204.37 158.93 1 1
138.01 194.42 1 206.9 195.36 1 1
140.41 412.4 1 310 322.25 1 0
142.44 253.16 1 211.65 248.73 1 1
150.01 316.13 1 219.75 304.93 1 1
150.87 390.26 1 221.68 370.83 1 1
151.76 299.11 1 220.48 290.04 1 1
160.22 146.05 1 223.86 150.46 1 1
160.28 360.57 1 229.32 344.73 1 1
162.49 188.65 1 226.81 189.2 1 1
176.07 139.81 1 236.74 143.98 1 1
178.8 399.91 1 244.59 379.3 1 1
187.53 357.19 1 250.8 341.24 1 1
201.24 161.07 1 258.34 162.78 1 1
203.96 372.18 1 264.5 354.72 1 1
211.38 128.41 1 265.99 131.96 1 1
221.51 388.6 1 278.88 369.07 1 1
226.1 345.77 1 282.46 329.97 1 1
230.07 120.72 1 281.95 124.09 1 1
245.73 398.2 1 299.1 377.57 1 1
268.56 317.95 1 316.68 305.22 1 1
269.16 408.98 1 318.58 387.69 1 1
274.13 146.1 1 319.27 146.16 1 1
276.05 279.65 1 322.99 270.04 1 1
276.53 120.57 1 320.64 122.35 1 1
280.58 252.41 1 326.46 245.05 1 1
279.81 422.5 1 328.3 399.71 1 1
280.46 201.88 1 325.73 198.09 1 1
282.02 361.98 1 328.91 345.3 1 1
289.63 363.03 1 335.46 345.99 1 1
289.63 363.03 1 335.46 345.99 1 1
289.06 371.84 1 334.97 353.84 1 1
293.7 261.9 1 332.24 456.63 1 0
301.04 387.17 1 345.41 367.71 1 1
304.69 110.3 1 345.19 111.17 1 1
308.8 165.25 1 349.71 162.4 1 1
313.49 247.55 1 354.21 239.82 1 1
347.91 189.54 1 384.22 184.26 1 2
359.87 197.94 1 397.75 190.66 1 2
362.59 273.96 1 401.58 262.59 1 2
371.7 355.58 1 412.09 338.55 1 2
376.44 312.92 1 416.89 298.17 1 2
380.52 306.85 1 421.79 292.51 1 2
388.1 138.99 1 429.54 131.37 1 2
397.45 90.636 1 439.51 83.472 1 2
409.38 127.75 1 453.74 117.46 1 2
409.38 127.75 1 453.74 117.46 1 2
409.38 127.75 1 453.74 117.46 1 2
409.38 127.75 1 453.74 117.46 1 2
414.3 294.97 1 459.82 279.6 1 2
429.15 278.4 1 477.11 263.09 1 2
32.672 315.34 1 125.96 305.71 1 1
41.417 367.23 1 133.81 351.57 1 1
45.768 223.6 1 133.59 224.71 1 1
48.01 281.04 1 136.73 275.54 1 1
51.326 325.85 1 140.89 313.87 1 1
51.798 312.74 1 140.88 303.23 1 1
72.23 310.4 1 157.06 300.93 1 1
71.687 324.02 1 156.99 312.11 1 1
76.933 275.46 1 159.82 269.92 1 1
94.134 306.84 1 174.33 297.57 1 1
106.06 354.08 1 185.76 339.79 1 1
116.16 369.24 1 193.72 352.34 1 1
117.46 303.47 1 192.89 294.19 1 1
131.16 342.72 1 205.43 328.68 1 1
130.88 353.54 1 205.48 338.73 1 1
140.57 421.55 1 214.42 398.44 1 1
142.78 300.23 1 213.24 290.99 1 1
157.58 340.83 1 226.78 327 1 1
158.11 352.37 1 227.44 337.29 1 1
180.8 297.69 1 244.51 288.07 1 1
183.29 271.09 1 245.81 263.53 1 1
193.11 309.88 1 254.78 298.87 1 1
201 414.23 1 262.35 392.23 1 1
207.09 177.4 1 263.46 177.17 1 1
219.93 425.95 1 278.42 401.8 1 1
229.2 290.31 1 284.21 280.94 1 1
235.99 166.64 1 287.53 166.63 1 1
259.78 336.43 1 310 322.25 1 1
263.55 221.08 1 472.59 393.58 1 0
266.13 124.78 1 312.11 126.5 1 1
275.31 287.74 1 322.62 277.73 1 1
282.73 153.86 1 326.88 152.62 1 1
293.55 354.04 1 338.81 337.47 1 1
297.37 328.62 1 342.73 314.21 1 1
300.72 360.17 1 344.72 342.49 1 1
301.09 369.84 1 345.59 352.02 1 1
307.19 129.02 1 347.95 128.9 1 1
348.07 167.15 1 383.88 163.42 1 2
357.73 210.97 1 396.45 204.22 1 2
366.06 87.03 1 403.19 84.222 1 2
375.15 288.82 1 415.22 275.71 1 2
381.72 247.41 1 422.47 236.47 1 2
386.55 202.88 1 429.15 192.97 1 2
387.51 285.43 1 428.52 270.69 1 2
392.49 252.25 1 434.92 240.24 1 2
412.39 279.03 1 457.64 264.65 1 2
421.51 267.08 1 468.61 252.76 1 2
422.07 283.64 1 469.61 268.68 1 2
423.23 174.35 1 470.43 161.53 1 2
432.51 350.65 1 146.22 71.607 1 0
465.57 167.69 1 123.9 122.25 1 0
45.467 223.23 1 133.59 224.71 1 1
63.592 217.35 1 147.53 218.63 1 1
83.676 211.92 1 163.33 213.05 1 1
83.717 313.92 1 166.47 303.36 1 1
83.28 328.05 1 166.63 315.29 1 1
105.34 346.4 1 184.87 331.36 1 1
105.02 352.41 1 185.76 339.79 1 1
106.54 310.67 1 185.03 300.53 1 1
115.44 381.84 1 193.13 363.03 1 1
144.71 369.61 1 216.66 352.19 1 1
149.21 236.42 1 217.38 235.15 1 1
151.5 212.19 1 218.74 209.31 1 1
150.81 261.11 1 219.01 255.93 1 1
152.08 425.34 1 224.24 401.83 1 1
166.9 341.9 1 234.29 329.52 1 1
166.42 380.78 1 234.26 362.34 1 1
170 297.01 1 235.13 287.64 1 1
175.45 229.89 1 238.72 228.66 1 1
179.23 305.07 1 243.01 294.53 1 1
185.88 234.18 1 246.62 231.78 1 1
185.57 415.66 1 250.21 393.26 1 1
189.17 197.96 1 249.32 197.25 1 1
207.14 177.64 1 263.46 177.17 1 1
218.33 289.47 1 273.85 280.28 1 1
242.1 361.68 1 296 345.01 1 1
247.5 321.75 1 310 322.25 1 1
269.09 258.63 1 316.58 251.09 1 1
284.04 396.47 1 330.94 376.41 1 1
304.1 278.21 1 346.15 268.34 1 1
378.43 278.11 1 419.11 265.58 1 2
383.43 78.291 1 423.28 73.016 1 2
390.91 176.17 1 432.76 167.06 1 2
390.91 176.17 1 432.76 167.06 1 2
402.65 155.15 1 445.61 144.91 1 2
403.33 294.44 1 447.3 281.35 1 2
420.6 303.14 1 468.41 288.38 1 2
628.07 320.56 1 509.77 99.148 1 0
17.317 369.59 1 115.99 353.46 1 1
77.416 193.19 1 157.37 196.1 1 1
97.215 291.97 1 176.24 284.43 1 1
127.02 198.75 1 198.43 200.54 1 1
131.25 326.92 1 204.99 315.48 1 1
137.17 241.2 1 207.94 238.05 1 1
154.17 391.82 1 224.13 371.64 1 1
162.11 233.95 1 228.28 232.11 1 1
164.1 281.31 1 229.31 274.15 1 1
168.63 316.8 1 235.15 303.13 1 1
168.66 403.29 1 236.38 382.63 1 1
177.17 184.67 1 239.15 186.05 1 1
177.53 205.55 1 240.02 203.72 1 1
183.59 379.23 1 247.53 361.32 1 1
221.03 218.21 1 276.54 213.55 1 1
222.22 192.79 1 277.93 190.05 1 1
230.48 294.78 1 285.57 284.54 1 1
236.6 219.51 1 289.25 216.11 1 1
241.5 410.69 1 295.71 388.65 1 1
254.23 184.96 1 303.87 181.26 1 1
273.09 381.28 1 321.57 362.37 1 1
296.12 387.15 1 341.41 368.29 1 1
363.62 260.13 1 401.91 249.51 1 2
462.61 113.93 1 618.72 275.03 1 0
676.81 209.85 1 401.58 262.59 1 0
53.916 200.15 1 139.06 203.14 1 1
163.66 282.02 1 229.31 274.15 1 1
221.9 170.79 1 276.2 171.77 1 1
237.65 176.62 1 289.27 175.71 1 1
247.64 337.04 1 300.69 322.83 1 1
253.29 161.73 1 301.47 161.59 1 1
263.64 419.62 1 314.44 396.64 1 1
295.29 412.45 1 340.28 390.71 1 1
298.91 309.51 1 343.12 297.78 1 1
300.04 148.58 1 341.87 148.3 1 1
301.3 175.43 1 344.03 171.95 1 1
300.82 199.13 1 344.01 194.79 1 1
374.62 215.9 1 415.69 207.79 1 2
66.636 390.38 1 154.17 371.22 1 1
131.55 155.55 1 201.46 160.07 1 1
166.2 143.75 1 229.51 147.88 1 1
233.92 316.79 1 288.01 304.99 1 1
263.95 419.36 1 314.44 396.64 1 1
270.98 291.72 1 318.65 281.79 1 1
280.09 361.42 1 326.95 344.62 1 1
291.87 126.01 1 334.73 126.37 1 1
300.81 198.83 1 344.01 194.79 1 1
368.1 421.9 1 407.68 401.72 1 2
413.23 179.54 1 459.55 167.53 1 2
198.46 218.61 1 257.68 217.12 1 1
269.68 269.65 1 317.19 260.5 1 1
372.29 143.36 1 410.74 137.18 1 2
372.19 203.18 1 412.92 194.13 1 2
172.25 420.32 1 239.55 398.31 1 1
570.72 71.768 1 437.31 42.025 1 0
152.37 172.91 1 215.3 173.2 1 1
488.05 499.6 1 376.75 255.05 1 0
651.01 171.65 1 426.51 299.87 1 0
137.06 97.511 1 190.49 31.865 1 0
113.23 464.24 1 119.56 493.41 1 0
15.96 42.846 1 154.85 489.4 1 0
122.35 51.082 1 489.14 195.18 1 0
554.01 324.77 1 97.373 67.96 1 0
545.84 211.23 1 435.12 95.829 1 0
619.23 213.01 1 557 311.54 1 0
626.09 85.991 1 510.94 327.12 1 0
516.12 105.74 1 606.92 382.29 1 0
257.46 501.52 1 139.83 338.74 1 0
508.82 329.27 1 343.76 421.09 1 0
478.71 392.4 1 610.05 284.19 1 0
548.23 336.33 1 18.443 161.56 1 0
592.95 493.67 1 343.12 297.78 1 0
470.67 86.074 1 143.08 144.42 1 0
467.44 127.86 1 599.98 391.7 1 0
187.82 460.1 1 104.77 156.11 1 0
513.54 345.55 1 631.02 191.5 1 0
456.32 152.74 1 217.38 235.15 1 0
547.09 253.05 1 609.12 376.4 1 0
60.118 476.6 1 609.6 404.78 1 0
6.6218 146.23 1 487.6 437.55 1 0
600.31 59.364 1 527.98 408.71 1 0
548.23 336.33 1 377.82 135.31 1 0
517.6 404.27 1 106.62 359.33 1 0
602.09 403.14 1 34.466 39.994 1 0
609.1 424.02 1 18.443 161.56 1 0
532.99 121.35 1 654.96 333.15 1 0
94.622 467.6 1 440.05 493.75 1 0
660.76 400.52 1 480.43 78.513 1 0
475.63 79.171 1 406.55 320.17 1 0
20.164 8.7218 1 598.31 312.08 1 0
548.48 418.52 1 509.09 92.305 1 0
636.12 451.21 1 73.392 150.72 1 0
471.98 301.86 1 435.88 151.78 1 0
340.6 475.74 1 326.93 191.42 1 0
619.71 350.25 1 48.892 79.067 1 0
621 444.98 1 84.21 147.47 1 0
658.37 354 1 170.88 209.93 1 0
602.17 213.07 1 42.651 251.3 1 0
492.14 74.989 1 384.62 395.1 1 0
546.93 170.3 1 119.56 493.41 1 0
529.72 163.97 1 428.52 270.69 1 0
651.21 77.306 1 596.23 317.88 1 0
596.34 364.52 1 139.42 79.984 1 0
660.45 292.59 1 513.9 393.87 1 0
605.85 265.3 1 490.96 170.63 1 0
578.61 66.799 1 381.07 31.233 1 0
465.35 264.39 1 595.59 65.185 1 0
619.93 262.49 1 124.89 97.314 1 0
668.01 112.59 1 671.17 358.79 1 0
556.29 137.75 1 89.689 335.89 1 0
585.29 445.53 1 434.92 240.24 1 0
468.14 443.51 1 375.24 83.064 1 0
433.28 85.934 1 583.46 381.53 1 0
519.48 478.12 1 490.96 235.57 1 0
623.99 52.82 1 81.329 319.04 1 0
584.42 436.24 1 197.82 431.97 1 0
113.23 464.24 1 598.31 312.08 1 0
522.87 367.41 1 382.45 278.33 1 0
583.53 89.748 1 530.39 426.09 1 0
181.03 459.57 1 529.09 103.93 1 0
585.29 445.53 1 136.73 275.54 1 0
456.32 152.74 1 217.38 235.15 1 0
629.74 463.41 1 124.08 295.81 1 0
505.17 291.29 1 588.28 191.9 1 0
667.66 438.18 1 218.74 209.31 1 0
431.15 25.297 1 140.47 57.59 1 0
531.26 366.17 1 433.28 437.52 1 0
447.89 67.754 1 74.044 77.933 1 0
630.97 172.63 1 238.65 258.68 1 0
512 172.54 1 126.88 145.71 1 0
634.43 283 1 376.86 24.785 1 0
670.61 324.23 1 433.28 437.52 1 0
383.47 502.21 1 468.41 288.38 1 0
472.8 261.99 1 482.89 445.81 1 0
476.59 150.94 1 456.18 24.507 1 0
636.91 277.68 1 413.55 497.08 1 0
516.81 329.61 1 492.73 118.47 1 0
623.93 81.131 1 487.21 133.84 1 0
542.17 190.52 1 31.035 226 1 0
578.06 462.08 1 154.44 223.92 1 0
519 59.431 1 419.75 396.37 1 0
569.43 208.9 1 15.671 363.66 1 0
38.102 78.537 1 267.42 425.41 1 0
594.56 220.86 1 60.923 28.284 1 0
556.73 364.65 1 322.65 185.55 1 0
502.27 241.78 1 404.6 403.9 1 0
642.89 49.096 1 626.96 320.92 1 0
642.02 72.94 1 104.77 156.11 1 0
657.1 458.21 1 380.32 225.66 1 0
640.81 465.87 1 658.26 351.02 1 0
620.81 451.21 1 73.392 150.72 1 0
601.87 431.61 1 73.392 150.72 1 0
491.38 266.72 1 443.21 53.88 1 0
226.15 481.11 1 584.2 475.57 1 0
493.58 355.51 1 630.19 425.38 1 0
634.43 283 1 124.1 340.66 1 0
