110.86 243.47 1 459.18 433.26 1 0
112.78 431.94 1 661.76 222.55 1 0
202.55 142.24 1 413.51 374.28 1 0
208.75 413.67 1 14.644 279.39 1 0
208.75 413.67 1 15.966 274.47 1 0
213.83 248.86 1 425.9 459.18 1 0
216.89 254.34 1 559.06 480.7 1 0
283.78 188.88 1 152.35 367.81 1 0
396.1 315.2 1 210.26 139.59 1 0
408.27 57.264 1 600.56 497.1 1 0
419.34 32.666 1 112.05 79.109 1 0
420 138.48 1 248.58 407.55 1 0
443.47 157.71 1 328.47 194.04 1 1
446.56 163.57 1 332.96 198.51 1 1
448.69 158.75 1 328.47 194.04 1 1
452.58 368.81 1 295.14 412.87 1 1
452.58 368.81 1 295.14 412.87 1 1
456.21 192.6 1 346.62 224.85 1 1
468.79 364.87 1 312.07 410.74 1 1
468.79 364.87 1 312.07 410.74 1 1
472.42 162.87 1 353.45 188.5 1 1
477.11 376.29 1 199.95 118.32 1 0
490.32 429.22 1 337.91 192.15 1 0
493.04 10.318 1 225.6 116.09 1 0
502.09 194.54 1 222.88 483.31 1 0
503.57 213.74 1 222.88 483.31 1 0
505.46 228.78 1 382.38 245.29 1 1
510.15 274.6 1 222.88 483.31 1 0
514.5 260.28 1 387.65 288.31 1 1
514.27 319.02 1 377.39 361.37 1 1
518.74 366.48 1 370.68 419.15 1 1
520.34 186.76 1 337.87 342.58 1 0
524.56 323.53 1 398.8 365.93 1 1
582.51 240.65 1 504.65 239.76 1 1
586.28 333.93 1 499.89 380.29 1 1
591.69 362.02 1 494.2 426.88 1 1
57.959 26.172 1 564.91 312.58 1 0
121.47 404.79 1 385.29 186.07 1 0
165.55 273.56 1 148.72 335.07 1 1
203.67 307.08 1 14.644 279.39 1 0
298.5 201.73 1 228.79 466.36 1 0
393.1 334.89 1 258.64 376.6 1 1
393.1 334.89 1 258.64 376.6 1 1
397.09 369.04 1 248.58 407.55 1 1
461.88 221.06 1 338.97 254.63 1 1
473.67 282.37 1 341.39 320.46 1 1
503.23 335.45 1 361.44 382.02 1 1
518.6 352.79 1 372.82 402.16 1 1
531.15 341.52 1 395.42 389.26 1 1
532.84 334.45 1 408.67 380.31 1 1
557.45 264.82 1 456.72 283.58 1 1
668.34 480.21 1 363.56 170.56 1 0
163.98 266.01 1 147 329.99 1 1
195.6 394.2 1 335.98 155.17 1 0
268.96 197.63 1 181.67 380.04 1 0
299.53 233.78 1 205.96 296.79 1 1
320.26 343.04 1 210.86 381.04 1 1
320.96 334.56 1 205.21 374.64 1 1
328.02 251.89 1 213.27 308.48 1 1
377.8 121.2 1 269.59 185.41 1 1
384.68 334.54 1 252.86 376.1 1 1
401.46 334.53 1 265.34 376.53 1 1
403.39 411.13 1 13.764 217.7 1 0
412.34 240.05 1 245.85 391.52 1 0
439.84 354.6 1 285.75 397.47 1 1
457.98 171.9 1 344.82 203.06 1 1
459.06 382.43 1 299.66 428.13 1 1
466.3 350.5 1 311.87 392.47 1 1
474.28 62.33 1 37.871 361.33 1 0
481.23 322.18 1 347.47 365.41 1 1
485.13 352.57 1 332.52 399.26 1 1
499.49 15.409 1 315.64 79.875 1 0
499.49 15.409 1 248.58 407.55 1 0
505.97 353.31 1 356.77 402.11 1 1
548.05 350.83 1 416.73 403.83 1 1
556.09 39.988 1 647.13 424.04 1 0
556.73 432.88 1 324.11 227.8 1 0
576.46 306.2 1 484.82 339.3 1 1
586.15 481.22 1 417.97 251.15 1 0
606.03 159.37 1 585.22 299.35 1 0
636.23 24.671 1 359.8 402.67 1 0
638.56 39.634 1 372.82 402.16 1 0
660.92 179 1 324.88 263.43 1 0
670.33 135.94 1 350.36 331.47 1 0
310.84 391.55 1 192.51 418.41 1 1
333.58 152.79 1 216.19 327 1 0
408.32 374.78 1 256.9 414.54 1 1
533.1 156.01 1 433.64 148.65 1 1
552.56 28.264 1 647.13 424.04 1 0
628.55 501.45 1 254.67 30.041 1 0
92.293 23.69 1 558.57 349.17 1 0
331.38 376.17 1 204.5 408.49 1 1
347.29 358.75 1 215.17 394.57 1 1
368.22 140.9 1 67.492 499.97 1 0
380.01 374.71 1 233.84 410.77 1 1
478.85 145.12 1 359.29 166.87 1 1
568.5 355.04 1 451.46 411.29 1 1
108.15 94.251 1 219.31 420.28 1 0
241.86 361.08 1 163.39 391.11 1 1
187.74 92.129 1 168.36 216.52 1 1
459.36 366.76 1 303.69 411.59 1 1
522.58 15.692 1 647.13 424.04 1 0
617.83 64.751 1 335.36 302.87 1 0
174.02 35.633 1 558.57 349.17 1 0
566.16 302.73 1 470.65 335.02 1 1
469.41 303.48 1 332.23 346.13 1 1
