261.29730224609375 123.04054260253906 1 50.447368621826172 704.4052734375 1 0
441.20791625976562 414.05670166015625 1 324.1026611328125 447.86532592773437 1 0
441.20791625976562 414.05670166015625 1 324.1026611328125 447.86532592773437 1 0
362.28823852539062 555.11175537109375 1 202.05999755859375 553.4866943359375 1 0
487.80355834960937 206.33927917480469 1 358.515869140625 234.46824645996094 1 0
348.26190185546875 524.32537841796875 1 161.87287902832031 494.0423583984375 1 0
462.11224365234375 672.41839599609375 1 204.38333129882812 740.2833251953125 1 0
403.54885864257813 476.62405395507812 1 259.5955810546875 464.275634765625 1 0
292.90740966796875 654.29632568359375 1 96.011627197265625 589.70928955078125 1 0
516.61767578125 674.941162109375 1 241.85134887695312 368.68917846679687 1 0
316.55453491210937 729.5181884765625 1 53.886363983154297 630.29547119140625 1 0
244.25 345.3902587890625 1 219.6641845703125 237.98507690429687 1 0
244.25 345.3902587890625 1 219.6641845703125 237.98507690429687 1 0
504.94735717773437 479.22805786132812 1 352.13888549804687 613.02777099609375 1 0
387.0068359375 451.57534790039062 1 263.24615478515625 433.27691650390625 1 0
365.77999877929687 318.45999145507812 1 336.27142333984375 318.4571533203125 1 0
460.77630615234375 583.39471435546875 1 252.60377502441406 638.62261962890625 1 0
274.74929809570312 609.4827880859375 1 112.51023101806641 545.6585693359375 1 0
372.40560913085937 558.3741455078125 1 206.72084045410156 561.14581298828125 1 0
275.23086547851562 609.1695556640625 1 112.51023101806641 545.6585693359375 1 0
278.00799560546875 601.82586669921875 1 112.51023101806641 545.6585693359375 1 0
391.75286865234375 616.12066650390625 1 187.16197204589844 630.68310546875 1 0
391.75286865234375 616.12066650390625 1 187.16197204589844 630.68310546875 1 0
390.71527099609375 615.47222900390625 1 187.16197204589844 630.68310546875 1 0
389.69711303710937 616.764404296875 1 187.16197204589844 630.68310546875 1 0
389.69711303710937 616.764404296875 1 187.16197204589844 630.68310546875 1 0
387.22348022460937 620.2193603515625 1 181.85733032226562 631.41998291015625 1 0
387.22348022460937 620.2193603515625 1 181.85733032226562 631.41998291015625 1 0
387.13571166992187 621.57708740234375 1 181.85733032226562 631.41998291015625 1 0
387.13571166992187 621.57708740234375 1 181.85733032226562 631.41998291015625 1 0
276.8073 65.734399999999994 1 387.08589999999998 89.606800000000007 1 1
71.304699999999997 168.78909999999999 1 220.09379999999999 81.031199999999998 1 1
303.57799999999997 670.20600000000002 1 93.057299999999998 606.78650000000005 1 1
533.59375 403.09374999999994 1 416.54813639322919 574.48124186197913 1 1
183.14322916666663 348.51822916666663 1 182.06510416666666 213.38281249999991 1 1
365.11000000000001 459.89999999999998 1 234.25999999999999 383.85000000000002 1 1
382.54000000000002 599.61000000000001 1 192.63999999999999 614.95000000000005 1 1
119.24198688357968 573.60636478705703 1 22.803757959673383 357.6380869451686 1 1
92.94167491910909 508.07745898472336 1 46.877172450209379 310.34491698292419 1 1
497.87172212272617 244.81503440475049 1 467.38530492977668 399.45119615420856 1 1
