734.67022705078125 439.32977294921875 1 530.52105712890625 327.15789794921875 1 0
649.7391357421875 457.478271484375 1 282.18368530273437 404.5 1 0
649.7391357421875 457.478271484375 1 282.18368530273437 404.5 1 0
624.19769287109375 405.05813598632812 1 254.35556030273437 324.36666870117187 1 0
737.6219482421875 426.69512939453125 1 538.84149169921875 300.76828002929687 1 0
655.06787109375 499.25308227539062 1 282.7230224609375 475.931640625 1 0
655.06787109375 499.25308227539062 1 282.7230224609375 475.931640625 1 0
653.45556640625 497.07778930664062 1 279.27777099609375 471.67776489257812 1 0
653.45556640625 497.07778930664062 1 279.27777099609375 471.67776489257812 1 0
653.45556640625 497.07778930664062 1 279.27777099609375 471.67776489257812 1 0
733.15118408203125 535.8255615234375 1 509.58694458007812 518.32611083984375 1 0
295.71951293945312 418.57318115234375 1 164.92591857910156 326.9444580078125 1 0
643.76318359375 300.41229248046875 1 317.25509643554687 139.68367004394531 1 0
373.76785278320313 355.23214721679687 1 161.29365539550781 318.19842529296875 1 0
572.36663818359375 453.76666259765625 1 187.87930297851562 416.89080810546875 1 0
551.09417724609375 475.31158447265625 1 170.44827270507812 452.10345458984375 1 0
643.53570556640625 500.46429443359375 1 261.10385131835938 479.6884765625 1 0
576.7249755859375 277.52499389648437 1 226.88095092773437 149 1 0
565.9755859375 531.3780517578125 1 170.96987915039062 535.740966796875 1 0
364.48275756835937 308.7930908203125 1 159.11111450195312 266.77777099609375 1 0
364.48275756835937 308.7930908203125 1 159.11111450195312 266.77777099609375 1 0
591.26470947265625 395.186279296875 1 215.0142822265625 321.20001220703125 1 0
591.26470947265625 395.186279296875 1 215.0142822265625 321.20001220703125 1 0
363.54840087890625 353.67742919921875 1 151.68867492675781 319.57546997070312 1 0
579.15557861328125 440.34445190429687 1 195.5 394.83334350585937 1 0
568.12261962890625 382.61322021484375 1 198.03572082519531 309.92855834960937 1 0
562.57891845703125 415.868408203125 1 187.13157653808594 361.57894897460937 1 0
351.15518188476562 424.53448486328125 1 131.03334045410156 404.98333740234375 1 0
351.15518188476562 424.53448486328125 1 131.03334045410156 404.98333740234375 1 0
572.2451171875 432.7156982421875 1 191.48147583007812 384.1851806640625 1 0
628.6142578125 445.12857055664062 1 250.96893310546875 389.4208984375 1 0
628.6142578125 445.12857055664062 1 250.96893310546875 389.4208984375 1 0
265.02728271484375 302.44546508789062 1 159 334 1 0
763.04168701171875 547.54168701171875 1 568.086181640625 540.24566650390625 1 0
645.34210205078125 661.47369384765625 1 368.68182373046875 668.40911865234375 1 0
376.07501220703125 426.97500610351562 1 153.22917175292969 402.79165649414062 1 0
660.89129638671875 483.65216064453125 1 299.33489990234375 446.14151000976562 1 0
660.89129638671875 483.65216064453125 1 299.33489990234375 446.14151000976562 1 0
568.98486328125 547.8787841796875 1 170.13076782226562 560.80767822265625 1 0
372.66665649414062 377.73333740234375 1 156.81944274902344 345.11111450195313 1 0
372.66665649414062 377.73333740234375 1 156.81944274902344 345.11111450195313 1 0
732.3125 490.0625 1 515.47076416015625 428.34796142578125 1 0
732.3125 490.0625 1 515.47076416015625 428.34796142578125 1 0
695.56060791015625 504.92425537109375 1 402.11248779296875 470.65313720703125 1 0
756.6842041015625 520.131591796875 1 559.99755859375 484.24395751953125 1 0
756.6842041015625 520.131591796875 1 559.99755859375 484.24395751953125 1 0
756.6842041015625 520.131591796875 1 559.99755859375 484.24395751953125 1 0
560.74786376953125 568.32049560546875 1 734.21429443359375 536.61767578125 1 0
729.5 472.33721923828125 1 513.89373779296875 394.14373779296875 1 0
729.5 472.33721923828125 1 513.89373779296875 394.14373779296875 1 0
729.5 472.33721923828125 1 513.89373779296875 394.14373779296875 1 0
721.719482421875 472.30487060546875 1 500.59286499023437 396.22857666015625 1 0
721.719482421875 472.30487060546875 1 500.59286499023437 396.22857666015625 1 0
721.719482421875 472.30487060546875 1 500.59286499023437 396.22857666015625 1 0
742.64581298828125 509.0625 1 532.5 464.57843017578125 1 0
739.79547119140625 496.40908813476562 1 572.1832275390625 472.95962524414062 1 0
739.79547119140625 496.40908813476562 1 530.0091552734375 438.99542236328125 1 0
337.137939453125 381.01724243164062 1 128.25675964355469 357.74325561523437 1 0
323.90817260742188 300.153076171875 1 689.85614013671875 258.08905029296875 1 0
361.10415649414062 267.97915649414062 1 161.88775634765625 220.90815734863281 1 0
361.10415649414062 267.97915649414062 1 161.88775634765625 220.90815734863281 1 0
532.9969482421875 223.12020874023437 1 410.45901489257812 35.368850708007813 1 0
541.73150634765625 230.15049743652344 1 410.45901489257812 35.368850708007813 1 0
596.0714111328125 343.35714721679687 1 232.26470947265625 238.17646789550781 1 0
346.39654541015625 232.17240905761719 1 154.54444885253906 185.69999694824219 1 0
346.39654541015625 232.17240905761719 1 154.54444885253906 185.69999694824219 1 0
360.0111083984375 253.81111145019531 1 162.80435180664062 204.7608642578125 1 0
343.4761962890625 330 1 139.15625 297.8125 1 0
600 409.41665649414063 1 221.29776000976562 340.37640380859375 1 0
600 409.41665649414063 1 221.29776000976562 340.37640380859375 1 0
574.17999267578125 349.32000732421875 1 209.39654541015625 257.44827270507812 1 0
549.64105224609375 214.37179565429687 1 598.46771240234375 180.70967102050781 1 0
631.2978515625 243.05851745605469 1 646.95953369140625 203.89825439453125 1 0
277.19049072265625 298.76190185546875 1 217.11428833007812 330.58572387695312 1 0
582.06365966796875 382.68182373046875 1 209.62675476074219 304.92254638671875 1 0
594.65557861328125 401.9444580078125 1 217.11428833007812 330.58572387695312 1 0
594.65557861328125 401.9444580078125 1 217.11428833007812 330.58572387695312 1 0
341.44735717773437 417.3070068359375 1 125.66216278076172 398.17568969726562 1 0
349.60345458984375 393.22415161132812 1 134.06097412109375 369.1341552734375 1 0
349.60345458984375 393.22415161132812 1 134.06097412109375 369.1341552734375 1 0
349.46826171875 351.34127807617187 1 140.2872314453125 320.79788208007813 1 0
349.46826171875 351.34127807617187 1 140.2872314453125 320.79788208007813 1 0
569.99090576171875 284.37274169921875 1 219.95069885253906 162.06338500976562 1 0
368.47296142578125 255.25675964355469 1 171.66215515136719 202.47297668457031 1 0
371.06521606445312 281.04348754882812 1 169.41072082519531 231.92857360839844 1 0
371.06521606445312 281.04348754882812 1 169.41072082519531 231.92857360839844 1 0
307.50124584453636 62.14453279770494 1 249.48414726390928 4.22176032747916 1 1
580.76351199095791 494.9364318110546 1 188.39517293434002 478.73105945975078 1 1
626.38001106574393 495.65669232276173 1 235.72503577124706 474.84324929814773 1 1
602.73145759802594 519.90546288356904 1 230.82301426313882 513.890386138596 1 1
766.54600191390966 461.65936452069923 1 622.64703299293251 354.35920541993306 1 1
640.85514491303081 393.92450215426732 1 286.99610775954045 298.90338521594401 1 1
342.54648016950586 138.53542646346023 1 181.57953803651279 80.169509181880443 1 1
371.29174055923158 274.47413919134499 1 171.2373810568067 224.09577959569361 1 1
699.95849475056878 421.81043022817818 1 475.40871935663614 308.58940182397208 1 1
669.47955690317144 270.43025119974209 1 395.55440488164186 66.044449953280733 1 1
537.48616490593565 389.97347635463336 1 179.27041827656748 330.14731531292074 1 1
