18.614 277.24 1 140.5 13.607 1 0
42.639 331.88 1 257.18 134.95 1 0
50.042 40.876 1 309.16 255.85 1 0
99.993 224 1 29.171 198.02 1 1
114.97 309.97 1 45.11 326.55 1 1
119.96 62.627 1 374.66 317.88 1 0
121.16 158.34 1 67.519 112.06 1 1
127.45 163.28 1 72.092 122.81 1 1
136.21 308.25 1 77.358 323.78 1 1
138.56 161.86 1 91.453 123.1 1 1
142.51 80.226 1 103.61 20.08 1 1
142.74 257.6 1 89.436 253.82 1 1
151.42 217.03 1 104.64 200.58 1 1
152.24 299.57 1 99.737 311.17 1 1
168.2 259.16 1 123.39 258.11 1 1
169.91 237.9 1 126.6 230.61 1 1
170.19 324.22 1 87.526 238.26 1 0
189.25 319.96 1 169.62 154.47 1 0
200.52 214.6 1 162.75 206.83 1 1
207.94 227.77 1 170.31 224.32 1 1
209.32 240.28 1 170.86 239.28 1 1
212.89 23.046 1 177.78 167.55 1 0
215.85 301.49 1 175.57 313.43 1 1
217.4 231.19 1 180.27 229.69 1 1
224.23 245.84 1 186.32 247.54 1 1
226.55 190.47 1 190.86 184.41 1 1
227.81 50.019 1 119.58 286.57 1 0
242.8 240.82 1 204.7 244.11 1 1
243.72 223.8 1 205.62 224.52 1 1
247.21 190.59 1 287.72 290.67 1 0
247.62 244.92 1 209.08 249.43 1 1
258.76 336.11 1 443.77 10.464 1 0
259.87 326.12 1 205.16 98.872 1 0
274.65 326.09 1 286.89 69.271 1 0
286.15 87.744 1 261.77 73.728 1 2
290.14 15.287 1 435.98 162.69 1 0
289.84 21.068 1 159.04 123.12 1 0
293.26 109.24 1 287.72 290.67 1 0
305.76 236 1 282.22 237.71 1 2
308.27 45.944 1 273.79 316.58 1 0
318.47 112.63 1 31.035 24.774 1 0
324.71 179.77 1 304.44 174.68 1 2
326.7 287.13 1 306.37 297.04 1 2
331.5 104.94 1 220.87 316.47 1 0
335.38 281.98 1 76.599 214.7 1 0
335.38 281.98 1 316.21 291.17 1 2
337.59 187.56 1 320.02 183.25 1 2
340.13 277.44 1 321.88 285.62 1 2
348.43 240.66 1 87.016 268.71 1 0
353.69 162.34 1 338.98 155.52 1 2
354.08 307.41 1 98.798 164.92 1 0
353.89 317.17 1 98.798 164.92 1 0
354.7 67.763 1 208.54 155.47 1 0
356.92 19.315 1 234.71 123.99 1 0
357.31 44.242 1 344.87 29.322 1 2
374.43 247.35 1 362.94 251.27 1 2
376.46 178.59 1 365.84 173.94 1 2
378.25 186.84 1 368.85 182.8 1 2
401.16 116.31 1 19.252 258.23 1 0
404.39 319.14 1 104.64 200.58 1 0
404.39 319.14 1 145.07 195.3 1 0
410.67 163.94 1 404.44 158.17 1 2
413.25 203.22 1 408.83 201.37 1 2
422.17 255.44 1 419.13 260.49 1 2
423.52 265.04 1 420.65 271.74 1 2
427.26 32.707 1 32.407 117.59 1 0
433.17 171.54 1 418.4 249.34 1 0
437.9 72.31 1 28.12 211.95 1 0
438.73 280.98 1 438.81 290.03 1 2
445.12 199.01 1 446.35 196.52 1 2
449.48 253.85 1 450.33 258.86 1 2
31.795 263.93 1 264.98 119.31 1 0
85.541 333.4 1 149.75 155.43 1 0
98.073 190.41 1 31.98 147.11 1 1
102.98 216.7 1 35.522 189.3 1 1
113.98 220.37 1 52.92 197.84 1 1
123.64 177.51 1 70.084 138.53 1 1
130.97 171.21 1 80.423 133.05 1 1
136.39 185.47 1 86.909 153.88 1 1
136.76 177.31 1 87.854 142.3 1 1
137.85 170.05 1 89.7 133.62 1 1
139.39 145.21 1 93.516 101.22 1 1
141.07 269.06 1 87.016 268.71 1 1
143.1 111.62 1 97.209 77.969 1 1
144.71 225.42 1 95.304 209.25 1 1
145.31 317.03 1 89.749 334.34 1 1
147.59 189.04 1 101.33 162.48 1 1
153.73 284.11 1 102.65 290.99 1 1
155.46 258.62 1 106.68 255.96 1 1
159.53 214.2 1 115.16 198.41 1 1
161.64 110.36 1 124.04 68.716 1 1
162.18 196.03 1 119.79 175.31 1 1
186.51 217.99 1 147.04 208.52 1 1
194.13 145.09 1 159.04 123.12 1 1
194.54 152.54 1 158.82 133.77 1 1
207.03 199.88 1 170.37 191 1 1
212.65 163.23 1 178.01 149.57 1 1
212.85 178.52 1 177.78 167.55 1 1
216.68 272.67 1 177.87 278.43 1 1
243.18 34.488 1 256.63 91.608 1 0
274.01 34.913 1 282.18 149.53 1 0
295.31 89.818 1 272.74 74.803 1 2
307.92 115.2 1 286.99 102.84 1 2
309.71 204.79 1 287.4 202.28 1 2
312.32 266.87 1 289.13 273.37 1 2
327.44 242.59 1 307.18 245.7 1 2
329.12 276.94 1 308.92 285.31 1 2
334.5 234.42 1 412.66 17.992 1 0
334.84 160.15 1 317.59 152.83 1 2
342.35 153.69 1 326.48 145.9 1 2
348.89 253.61 1 101.33 162.48 1 0
350.12 271.67 1 98.798 164.92 1 0
351.26 156.37 1 337.3 148.69 1 2
367.06 309.35 1 286.89 69.271 1 0
370.52 159.2 1 358.9 153.01 1 2
386.07 327.52 1 14.11 101.19 1 0
388.2 77.334 1 240.61 190.88 1 0
402.44 33.206 1 327.93 283.86 1 0
403 327.07 1 19.252 258.23 1 0
403 327.07 1 44.093 241.36 1 0
423.06 217.36 1 420.22 217.52 1 2
428.51 96.853 1 140.5 13.607 1 0
431.8 133.27 1 40.423 263.19 1 0
437.93 232.34 1 437.57 234.29 1 2
437.31 331.69 1 31.913 311.8 1 0
439.82 224.99 1 440.45 225.88 1 2
447.54 243.81 1 448.54 247.41 1 2
447.54 243.81 1 448.54 247.41 1 2
449.93 179.48 1 99.737 311.17 1 0
96.306 264.32 1 19.252 258.23 1 1
99.786 232.83 1 28.12 211.95 1 1
107.45 282.52 1 36.13 286.4 1 1
107.99 226.71 1 42.474 204.61 1 1
109.31 267.01 1 40.423 263.19 1 1
111.02 193.03 1 48.772 156.38 1 1
111.12 252.09 1 44.093 241.36 1 1
124.63 310.74 1 60.039 327.58 1 1
125.67 294.85 1 62.737 304.28 1 1
128.91 251.03 1 70.898 242.31 1 1
131.57 230.8 1 76.599 214.7 1 1
131.92 217.27 1 77.961 196.11 1 1
140.88 126.86 1 97.209 77.969 1 1
160.81 186.06 1 118.22 161.98 1 1
161.05 222.25 1 116.39 209.37 1 1
167.77 160.55 1 128.75 132.7 1 1
169.49 119.77 1 133.05 83.426 1 1
170.09 139.23 1 133.41 106.71 1 1
189.53 243.76 1 149.51 240.66 1 1
221.43 196.4 1 184.8 190.12 1 1
310.49 158.2 1 289.07 150.21 1 2
309.97 192.49 1 287.81 188.66 1 2
312.86 240.57 1 290.84 242.97 1 2
328.11 227.11 1 308.28 228.27 1 2
329.16 251.42 1 309.16 255.85 1 2
345.83 215.18 1 98.798 164.92 1 0
368.15 152.47 1 353.23 145.41 1 2
401.76 99.029 1 122.98 311.81 1 0
409.8 312.07 1 33.994 208.54 1 0
415.9 39.198 1 319.58 198.36 1 0
418.77 288.13 1 416.14 298.29 1 2
120.88 206.92 1 65.2 179.55 1 1
131.36 133.21 1 84.836 83.404 1 1
149.32 208.66 1 101.64 188.9 1 1
191.98 195.96 1 154.34 181.88 1 1
197.53 262.01 1 158.06 263.39 1 1
196.76 270.45 1 157.49 276.52 1 1
198.71 226.48 1 160.6 221.24 1 1
199.53 245.19 1 160.72 243.66 1 1
273.71 298.24 1 303.15 43.559 1 0
310.56 157.93 1 289.07 150.21 1 2
348.82 52.412 1 184.36 204.91 1 0
380.1 277.69 1 370.23 286.22 1 2
422.67 60.228 1 158.82 133.77 1 0
442.06 106.89 1 368.85 182.8 1 0
120.51 163.81 1 66.036 121.8 1 1
125.39 92.12 1 81.595 29.078 1 1
159.91 127.7 1 122.52 86.72 1 1
171.13 256.88 1 126.76 255.6 1 1
174.19 237.02 1 133.69 232 1 1
360.06 98.321 1 348.47 85.43 1 2
156.04 188.18 1 110.77 164.03 1 1
170.89 272.33 1 127.84 276.68 1 1
185.48 291.79 1 144.74 301.58 1 1
199.28 308.6 1 151.11 137.06 1 0
308.64 3.952 1 30.161 139.17 1 0
169.92 312.76 1 121.73 323.96 1 1
199.05 308.87 1 151.11 137.06 1 0
402.1 250.01 1 397.05 255.31 1 2
417.34 156.85 1 175.57 313.43 1 0
209.76 189.8 1 173.09 181.17 1 1
247.89 10.829 1 348.46 338.27 1 0
286.14 315.94 1 35.522 189.3 1 0
299.69 138.65 1 276.18 131.89 1 2
32.63 186.31 1 448.54 247.41 1 0
37.533 55.242 1 140.93 313.89 1 0
19.468 79.895 1 256.63 91.608 1 0
287 38.196 1 231.93 222.78 1 0
302.67 35.522 1 362.94 251.27 1 0
15.863 6.9392 1 84.836 83.404 1 0
278.1 8.5382 1 48.772 156.38 1 0
290.14 15.287 1 435.98 162.69 1 0
279.71 332.88 1 76.639 85.055 1 0
415.9 39.198 1 319.58 198.36 1 0
42.639 331.88 1 257.18 134.95 1 0
235.89 9.8239 1 335.14 115.82 1 0
218.18 37.536 1 247.35 300.9 1 0
50.042 40.876 1 412.8 184.37 1 0
58.68 10.042 1 56.197 79.059 1 0
50.351 24.537 1 82.617 51.541 1 0
62.81 22.803 1 28.75 48.33 1 0
391.72 20.444 1 362.94 251.27 1 0
39.998 186.89 1 177.87 278.43 1 0
22.554 222.67 1 333.01 227.51 1 0
356.92 19.315 1 234.71 123.99 1 0
187.54 337.09 1 374.66 317.88 1 0
272.55 22.169 1 362.94 251.27 1 0
19.468 79.895 1 256.63 91.608 1 0
445.23 61.885 1 253.64 261.21 1 0
288.15 23.934 1 421.34 168.27 1 0
9.3976 274.02 1 131.51 57.932 1 0
50.042 40.876 1 309.16 255.85 1 0
428.51 96.853 1 140.5 13.607 1 0
430.57 111.37 1 352.99 252.37 1 0
55.145 44.526 1 101.45 218.68 1 0
428.94 112.33 1 319.58 198.36 1 0
428.51 96.853 1 438.87 71.473 1 0
272.55 22.169 1 438.18 248.15 1 0
18.614 277.24 1 140.5 13.607 1 0
450.98 105.65 1 287.72 290.67 1 0
49.066 163.83 1 368.85 182.8 1 0
407.9 62.82 1 49.144 195.39 1 0
290.14 15.287 1 435.98 162.69 1 0
404.93 48.172 1 33.994 208.54 1 0
62.81 22.803 1 43.865 19.986 1 0
289.84 21.068 1 159.04 123.12 1 0
20.122 200.25 1 26.646 162.11 1 0
40.184 277.88 1 256.63 91.608 1 0
435.43 13.442 1 8.3833 312.15 1 0
286.14 315.94 1 35.522 189.3 1 0
418.68 17.04 1 28.75 48.33 1 0
31.567 12.948 1 40.095 115.31 1 0
274.01 34.913 1 282.18 149.53 1 0
26.242 194.63 1 19.252 258.23 1 0
427.26 32.707 1 32.407 117.59 1 0
218.09 27.56 1 28.75 48.33 1 0
288.15 23.934 1 250.89 160.95 1 0
287 38.196 1 386.96 171.86 1 0
28.893 117.79 1 117.12 119.53 1 0
27.532 189.32 1 142.36 231.13 1 0
8.7578 33.927 1 257.62 337.34 1 0
