202.87142944335937 414.29998779296875 1 362.494873046875 221.26922607421875 1 0
212.23872375488281 378.35986328125 1 519.42169189453125 373.7757568359375 1 0
212.23872375488281 378.35986328125 1 519.42169189453125 373.7757568359375 1 0
296.24649047851562 280.5 1 350.923828125 320.69866943359375 1 0
279.28048706054687 295.52438354492188 1 378.65789794921875 334.48947143554687 1 0
278.14999389648437 292.8800048828125 1 377.241943359375 338.97177124023437 1 0
281.27084350585937 303.95834350585937 1 383.047607421875 323.89285278320313 1 0
281.27084350585937 303.95834350585937 1 383.047607421875 323.89285278320313 1 0
217.55445861816406 404.71286010742187 1 537.92559814453125 344.84075927734375 1 0
217.55445861816406 404.71286010742187 1 537.92559814453125 344.84075927734375 1 0
149.63613891601562 127.1163330078125 1 337.71054077148437 352.05264282226562 1 0
308.73455810546875 235.06790161132812 1 311.15432739257812 343.97406005859375 1 0
276.77658081054687 280.45745849609375 1 370.1395263671875 353.70928955078125 1 0
418.35714721679687 208.30952453613281 1 205.46739196777344 212.80435180664062 1 0
418.35714721679687 208.30952453613281 1 205.46739196777344 212.80435180664062 1 0
456.02523803710937 209.02525329589844 1 375.01177978515625 343.56838989257812 1 0
325.55633544921875 361.52816772460937 1 393.35714721679687 226.61224365234375 1 0
325.55633544921875 361.52816772460937 1 393.35714721679687 226.61224365234375 1 0
338.10604858398437 335.46969604492187 1 402.27273559570312 278.05682373046875 1 0
316.84042358398437 342.90426635742187 1 383.13119506835937 246.16667175292969 1 0
333.6341552734375 325.35366821289062 1 354.890625 236.140625 1 0
312.59091186523437 332.19091796875 1 378.05422973632812 258.3433837890625 1 0
312.59091186523437 332.19091796875 1 378.05422973632812 258.3433837890625 1 0
341.96429443359375 343.875 1 402.27273559570312 278.05682373046875 1 0
321.43243408203125 352.56756591796875 1 388.63726806640625 236.17646789550781 1 0
321.43243408203125 352.56756591796875 1 388.63726806640625 236.17646789550781 1 0
284.032470703125 313.40908813476562 1 387.46340942382812 311.56097412109375 1 0
283.79412841796875 313.38235473632812 1 385.62637329101562 316.2774658203125 1 0
225.45338439941406 429.97317504882812 1 554.321044921875 317.191650390625 1 0
313.77630615234375 265.55264282226562 1 323.77044677734375 307.3302001953125 1 0
306.82073974609375 313.9339599609375 1 367.130126953125 277.76028442382812 1 0
308.35540771484375 323.295166015625 1 373.47036743164063 269.28518676757812 1 0
293.20834350585937 341.14584350585937 1 402.27273559570312 278.05682373046875 1 0
296.30328369140625 349.02459716796875 1 406.26190185546875 268.83334350585937 1 0
300.32290649414062 358.66665649414062 1 411.4451904296875 258.08905029296875 1 0
300.32290649414062 358.66665649414062 1 411.4451904296875 258.08905029296875 1 0
318.84091186523437 285.18182373046875 1 333.91058349609375 282.81124877929687 1 0
315.9603271484375 274.9761962890625 1 328.7872314453125 295.61703491210937 1 0
361.15853881835937 258.36721801757812 1 280.6090087890625 246.98287963867187 1 0
361.15853881835937 258.36721801757812 1 280.6090087890625 246.98287963867187 1 0
639.758056640625 73.080642700195312 1 44.333332061767578 125.68333435058594 1 0
370.06497192382812 283.92269897460937 1 294.05963134765625 218.95710754394531 1 0
370.06497192382812 283.92269897460937 1 294.05963134765625 218.95710754394531 1 0
382.86752319335937 303.87606811523437 1 302.72418212890625 194.57408142089844 1 0
382.86752319335937 303.87606811523437 1 302.72418212890625 194.57408142089844 1 0
382.86752319335937 303.87606811523437 1 302.72418212890625 194.57408142089844 1 0
594.5999755859375 109 1 44.333332061767578 125.68333435058594 1 0
594.5999755859375 109 1 44.333332061767578 125.68333435058594 1 0
228.82759094238281 309.46551513671875 1 468.723876953125 376.171630859375 1 0
228.82759094238281 309.46551513671875 1 468.723876953125 376.171630859375 1 0
210.44117736816406 337.61764526367187 1 468.723876953125 376.171630859375 1 0
350.51040649414062 214.125 1 258.77566528320312 302.20291137695312 1 0
350.51040649414062 214.125 1 258.77566528320312 302.20291137695312 1 0
352.84979248046875 226.95553588867187 1 264.7200927734375 286.627685546875 1 0
241.28303645833344 426.19793229166669 1 532.4380000000001 295.60200000000003 1 1
184.15199999999999 326.74399999999997 1 520.55800000000011 492.17000000000002 1 1
407.67400000000004 305.74599999999992 1 288.822 168.53799999999984 1 1
385.8577600000001 175.64387199999982 1 207.43446399999999 289.26025599999991 1 1
301.96912000000003 232.63407999999987 1 313.78600000000006 362.42199999999997 1 1
307.53399999999999 422.40999999999991 1 470.03200000000004 222.81599999999989 1 1
344.75999999999999 208.28999999999999 1 260.06999999999999 319.88999999999999 1 1
201.21000000000001 474.01999999999998 1 631.50999999999999 330.93000000000001 1 1
283.42000000000002 249.28999999999999 1 345.42000000000002 382.80000000000001 1 1
471.3811515923008 140.48483389904342 1 130.04711714819896 203.64588872060455 1 1
347.40881982416465 375.54861232494483 1 392.49897560506872 200.88863372827799 1 1
