1146.17 1256.26 1 845.847 1607.51 1 4
1383.24 1429.64 1 869.454 1855.92 1 3
1015.66 951.873 1 983.465 1252.76 1 6
956.034 1105.91 1 825.26 1396.95 1 5
1873.11 1117.88 1 1396.82 1726.73 1 3
1466.43 1127.78 1 1148.51 1584.23 1 4
1093.14 1163.36 1 845.148 1507.57 1 4
809.358 1192.48 1 681.501 1436.62 1 5
747.207 1209.9 1 629.187 1435.72 1 5
1052.03 1221.17 1 791.128 1549.7 1 4
789.348 1231.11 1 595.433 1484.48 1 4
965.548 1252.9 1 714.42 1552.4 1 4
1385.96 1445.39 1 865.919 1871.59 1 3
1210.75 1466.3 1 727.59 1834.36 1 3
1309.99 1480.52 1 794.11 1878.84 1 3
1309.99 1480.52 1 794.391 1879.45 1 3
1497.78 1509.17 1 824.108 1986.21 1 2
1342.64 1555.93 1 693.15 1977.43 1 2
899.35 1578.95 1 463.287 1840.46 1 3
846.332 1598.83 1 419.134 1841.75 1 3
1706.37 1621.77 1 920.082 2152.27 1 2
942.878 1759.73 1 339.488 2027.05 1 2
1391.16 930.833 1 1245.99 1355.94 1 5
948.141 1120.64 1 811.742 1408.46 1 5
1470.31 1132.7 1 1149.11 1590.95 1 4
641.181 1148.05 1 575.827 1351.58 1 5
833.979 1161.51 1 709.899 1414.08 1 5
676.641 1206.64 1 578.915 1412.8 1 5
730.302 1212.19 1 615.406 1432.99 1 5
997.077 1233.93 1 744.291 1543.9 1 4
1401 1242.13 1 971.099 1693.21 1 3
1161.81 1261.78 1 853.642 1616.98 1 4
1311.01 1274.53 1 887.056 1694.65 1 3
1075.8 1293.73 1 775.735 1620.5 1 4
1350.71 1305.96 1 903.401 1733.95 1 3
901.337 1317.2 1 641.196 1591.75 1 4
857.161 1429.54 1 497.607 1699.79 1 3
1198.43 1471.44 1 718.284 1836.47 1 3
1209.41 1476.18 1 722.403 1842.33 1 3
997.641 1478.68 1 572.918 1782.2 1 3
1236.81 1480.9 1 739.815 1855.8 1 3
830.593 1492.04 1 454.684 1746.82 1 3
1253.11 1496.7 1 746.343 1874.79 1 3
990.164 1557.6 1 535.319 1850.14 1 3
890.829 1559.93 1 465.909 1820.81 1 3
982.252 1574.16 1 521.92 1860.53 1 3
873.49 1591.54 1 442.226 1844.55 1 3
913.206 1595.43 1 465.535 1858.25 1 3
913.206 1595.43 1 467 1857.73 1 3
909.749 1599.51 1 462.905 1860.61 1 3
847.397 1609.47 1 417.35 1851.06 1 3
1162.74 1881.97 1 429.793 2194.31 1 2
992.074 1970.86 1 286.478 2212.37 1 2
634.986 716.971 1 907.875 883.258 1 10
595.231 913.862 1 716.095 1096.13 1 7
1742.13 1050.47 1 1409.39 1598.94 1 4
1707.9 1083.92 1 1365.2 1619.51 1 4
955.765 1124.53 1 817.076 1414.68 1 5
1470.38 1132.88 1 1149.11 1590.95 1 4
782.464 1232.06 1 591.89 1484.01 1 4
599.995 1255.37 1 505.919 1437.11 1 5
1055.49 1306.24 1 756.765 1625.72 1 4
1069.16 1307.54 1 766.373 1631.56 1 4
877.594 1374.4 1 600.941 1636.24 1 4
1393.36 1414.98 1 883.739 1846 1 3
708.062 1425.63 1 459.535 1632.63 1 4
979.923 1433.06 1 580.162 1736.15 1 3
979.923 1433.06 1 580.162 1736.15 1 3
1033.52 1526.59 1 577.025 1834.21 1 3
947.639 1540.92 1 513.913 1822.05 1 3
1004.08 1570.28 1 539.469 1863.33 1 3
982.373 1574.08 1 521.92 1860.53 1 3
842.521 1590.72 1 421.625 1834.88 1 3
1137.28 1689.08 1 494.375 2027.77 1 2
656.235 1697.93 1 257.057 1869.81 1 3
1037.89 1792.2 1 387.476 2082.99 1 2
1389.62 1812.27 1 610.16 2210.06 1 2
647.508 1068.72 1 657.581 1265.91 1 6
1018.92 1097.71 1 874.942 1406.38 1 5
1856.74 1142.13 1 1370.58 1745.68 1 3
1033.74 1311.93 1 737.828 1624.92 1 4
1384.32 1396.34 1 885.833 1826.02 1 3
753.595 1409.05 1 499.387 1631.62 1 4
1322.68 1417.89 1 831.978 1827.07 1 3
1330.93 1431.61 1 830.771 1842.28 1 3
750.359 1464.35 1 412.595 1699.11 1 3
1245 1486 1 745.414 1863.79 1 3
1245 1486 1 744.609 1862.98 1 3
766.033 1561.43 1 382.715 1787.48 1 3
1361.17 1608.58 1 682.124 2029.18 1 2
510.864 1880.83 1 30.8912 1995.25 1 2
625.373 1950.46 1 71.2541 2083.04 1 2
574.997 716.661 1 860.674 870.474 1 10
668.815 1018.08 1 692.48 1223.72 1 6
601.799 1198.7 1 527.915 1385.57 1 5
525.626 1205.66 1 473.261 1372.62 1 5
1221.52 1500.95 1 720.872 1869.34 1 3
966.614 1546.86 1 522.272 1831.47 1 3
1319.6 1998.53 1 379.071 2355.74 1 1
910.413 1566.17 1 478.384 1832.61 1 3
1510.53 1721.2 1 734.564 2174.32 1 2
522.378 1824.27 1 56.1077 1953.67 1 2
1089.38 1512.53 1 621.581 1837.58 1 3
1109.25 1517.38 1 635.109 1848.51 1 3
881.308 1113.2 1 766.493 1381.21 1 5
579.05 1212.17 1 507.503 1392.15 1 5
1437.17 1137.68 1 1120.69 1584.43 1 4
997.989 1267.69 1 730.848 1575.49 1 4
1009.06 1269.68 1 738.668 1580.18 1 4
1835.86 1205.52 1 1835.43 1691.98 1 3
689.022 1201.99 1 589.967 1413.37 1 5
680.996 1217.39 1 577.208 1424.43 1 5
747.064 1209.41 1 629.09 1434.95 1 5
747.064 1209.41 1 628.692 1435.78 1 5
1010.3 1097.83 1 868.867 1405.59 1 5
805.025 1394.49 1 541.06 1633.85 1 4
1072.45 1087.92 1 920.563 1414.37 1 5
1065.95 1174.28 1 821.003 1511.87 1 4
997.728 1478.14 1 574.256 1783.24 1 3
1309.58 1480.23 1 794.11 1878.84 1 3
1385.98 1445.07 1 865.658 1871.45 1 3
1342.34 1555.29 1 694.349 1977.16 1 2
1498.38 1508.36 1 824.988 1985.99 1 2
511.903 964.362 1 634.409 1123.69 1 7
696.142 801.403 1 1328.83 784.665 1 8
599.735 1235.75 1 512.586 1419.96 1 5
817.938 1055.8 1 742.917 1315.63 1 5
817.938 1055.8 1 742.917 1315.63 1 5
642.858 1359.59 1 442.648 1558.5 1 4
1000.76 965.045 1 966.279 1261.62 1 6
947.605 1120.16 1 812.585 1408.51 1 5
1005.9 1104.07 1 863.075 1409.97 1 5
790.186 1409.05 1 524.627 1642.04 1 4
873.85 1362.24 1 602.786 1624.97 1 4
921.243 1332.31 1 648.934 1611.77 1 4
816.931 1497.13 1 442.627 1747.15 1 3
1036.5 1306.14 1 743.049 1621.38 1 4
1091.59 1244.69 1 809.598 1582.29 1 4
978.336 1431.42 1 581.249 1735.88 1 3
978.336 1431.42 1 580.77 1736.27 1 3
982.979 1435.77 1 582.414 1741.24 1 3
1161.46 1261.05 1 855.185 1617.19 1 4
906.681 1577.2 1 469.423 1842.15 1 3
986.341 1591.15 1 518.889 1877.23 1 3
1032.61 1591.06 1 550.374 1891.2 1 3
1206.7 1459.53 1 729.238 1828.97 1 3
1440.99 1177.53 1 1105.77 1625.69 1 4
1262.1 1426.35 1 783.711 1816.78 1 3
1217.48 1491.59 1 722.916 1859.68 1 3
1338.89 1428.58 1 838.612 1842.61 1 3
1425.08 1374.21 1 927.258 1820.37 1 3
1744.17 1042.71 1 1414.89 1592.45 1 4
1493.1 1554.06 1 800.216 2023.58 1 2
629.365 1185.31 1 553.669 1382.75 1 5
600.093 1255.23 1 505.574 1436.69 1 5
775.945 1168.08 1 665.597 1406.45 1 5
850.212 1144.77 1 729.887 1404.21 1 5
1019.13 1097.27 1 875.628 1407.72 1 5
1097.91 1068.97 1 948.968 1403.44 1 5
600.198 1686.85 1 225.397 1845.53 1 3
628.36 1680.6 1 245.505 1848.5 1 3
937.861 1324.81 1 664.206 1608.87 1 4
656.181 1696.4 1 257.403 1869.52 1 3
765.693 1561.12 1 381.75 1787.72 1 3
1055.21 1305.29 1 756.853 1625.83 1 4
847.619 1608.14 1 417.35 1851.06 1 3
1509.91 889.379 1 1363.72 1350.7 1 5
1079.19 1504.33 1 619.89 1829.8 1 3
1050.88 1577.23 1 568.514 1884.77 1 3
1124 1492.56 1 655.96 1832.64 1 3
1064.46 1599.77 1 568.131 1909.17 1 3
1321.86 1416.84 1 831.565 1826.52 1 3
1137.31 1687.77 1 496.227 2028.23 1 2
1361.51 1607.8 1 683.19 2029.59 1 2
1493.12 1504.95 1 822.531 1981.81 1 2
1493.12 1504.95 1 822.531 1981.81 1 2
1108.42 2094.44 1 212.295 2360.64 1 1
1292.48 1922.87 1 499.236 2270.16 1 2
1373.22 1966.52 1 424.96 2348.54 1 1
1861.97 1821.78 1 810.206 2394.35 1 1
546.11 850.712 1 734.179 1013.21 1 8
809.734 1022.1 1 794.923 1264.25 1 6
517.761 1411.76 1 337.591 1570.14 1 4
659.017 1387.91 1 441.719 1587.67 1 4
591.321 1682.08 1 221.955 1839.09 1 3
591.321 1682.08 1 221.955 1839.09 1 3
810.158 1485.03 1 442.249 1734.91 1 3
1243.48 1019.15 1 1086.22 1398.89 1 5
891.808 1455.81 1 512.591 1732.72 1 3
966.936 1546.39 1 523.858 1831.99 1 3
911.022 1699.69 1 342.929 1968.66 1 2
1375.5 1180.65 1 1054.1 1607.11 1 4
1102.42 1528.66 1 625.548 1857.77 1 3
1167.48 1529.25 1 670.495 1878.08 1 3
1114.56 1629.82 1 505.743 1971.38 1 2
1332.79 1455.23 1 822.225 1864.14 1 3
1385.41 1416.27 1 878.196 1845.39 1 3
927.141 2003.96 1 233.818 2217.23 1 2
927.141 2003.96 1 233.713 2217.56 1 2
1378.98 1451.7 1 858.132 1875.09 1 3
1369.72 1477 1 838.761 1895.69 1 3
1739.49 1119.49 1 1288.75 1685.42 1 3
1270.93 1798.24 1 538.294 2160.14 1 2
1301.65 1768.18 1 571.265 2146.87 1 2
1475.98 1958.43 1 493.775 2375.17 1 1
546.193 724.583 1 833.979 871.496 1 10
628.396 710.286 1 905.452 874.96 1 10
553.547 1244.54 1 478.149 1415.08 1 5
601.595 1198.49 1 528.941 1386.42 1 5
620.093 1383.38 1 418.137 1572.03 1 4
801.473 1356.73 1 553.086 1599.55 1 4
879.064 1604.82 1 440.102 1857.75 1 3
1627.07 1029.57 1 1324.84 1542.94 1 4
1901.33 1352.61 1 1195.4 1979.7 1 2
498.025 978.206 1 619.042 1131.4 1 7
675.512 907.089 1 778.705 1108.8 1 7
675.512 907.089 1 778.705 1108.8 1 7
518.366 1562.92 1 221.89 1719.32 1 3
806.287 1341.07 1 564.375 1586.78 1 4
979.947 1548.66 1 532.644 1837.45 1 3
1394.4 1162.79 1 1076.65 1597.26 1 4
1229.4 1509.77 1 723.701 1879.74 1 3
1293.56 1446.89 1 798.262 1844.28 1 3
1494.55 1722.5 1 723.185 2169.94 1 2
1494.55 1722.5 1 723.185 2169.94 1 2
637.628 1050.98 1 657.042 1246.6 1 6
551.027 1678.85 1 196.85 1824.78 1 3
993.586 1567.8 1 533.203 1859.82 1 3
1020.37 1536.43 1 566.033 1839.13 1 3
1017.59 1558.35 1 553.255 1857.8 1 3
554.855 1397.61 1 368.226 1567.78 1 4
558.293 1433.12 1 356.891 1598.1 1 4
806.369 1590.22 1 398.001 1822.97 1 3
1008.13 1860.24 1 340.6 2129.1 1 2
563.78 1635.28 1 222.175 1792.02 1 3
690.581 1543.08 1 342.15 1748.72 1 3
707.849 1581.29 1 338.356 1787.26 1 3
738.121 1574.1 1 356.092 1787.81 1 3
771.493 1543.34 1 396.061 1770.39 1 3
694.326 1226.99 1 583.298 1436.9 1 5
1008.24 1269.52 1 738.668 1580.18 1 4
1236.54 841.57 1 1210.82 1208.9 1 6
584.57 726.024 1 865.657 882.01 1 10
986.17 1234.42 1 736.794 1543.26 1 4
1046.2 1263.81 1 768.159 1586.27 1 4
1044.84 1258.05 1 769.544 1580.49 1 4
1044.84 1258.05 1 769.544 1580.49 1 4
1071.96 1087.71 1 920.559 1413.87 1 5
1276.45 1233.94 1 953.552 1626.74 1 4
1298.06 1182.12 1 993.368 1586.85 1 4
1465.64 1725.59 1 701.928 2163.17 1 2
1586.56 1125.94 1 1246.01 1621.66 1 4
613.495 1466.94 1 379.803 1644.35 1 4
599.206 1235.43 1 512.707 1419.6 1 5
618.831 1321.57 1 441.138 1519.68 1 4
614.494 1221 1 528.868 1410.98 1 5
666.128 1384.43 1 448.218 1587.24 1 4
684.461 1198.81 1 587.82 1409.29 1 5
870.21 2027.34 1 190.172 2218.91 1 2
603.782 709.109 1 886.379 869.897 1 10
1016.33 1861.07 1 345.049 2133.94 1 2
1222.68 1891.29 1 466.206 2222.64 1 2
1145.62 1254.05 1 845.93 1606.36 1 4
1263.24 1574.01 1 631.06 1970.23 1 2
1295.13 1561.72 1 658.309 1969 1 2
1228.39 1197.71 1 932.905 1579.4 1 4
1325.12 1167.96 1 1020.43 1581.24 1 4
1510.59 1824.2 1 688.696 2260.23 1 2
1404.08 1179.11 1 1077.22 1614.95 1 4
1492.54 1553.68 1 799.911 2023.56 1 2
1435.04 1175.74 1 1102.29 1621.73 1 4
1977.73 1382.74 1 1238.94 2032.26 1 2
560.259 1477.03 1 340.641 1639.23 1 4
533.183 720.26 1 825.999 864.886 1 10
555.056 660.27 1 887.874 802.657 1 11
575.685 724.417 1 857.929 878.437 1 10
672.994 1058.77 1 678.303 1263.8 1 6
864.046 1945.36 1 217.339 2152.93 1 2
836.508 1355.51 1 579.378 1608.97 1 4
1054.2 1304.68 1 756.291 1625.52 1 4
1385.06 1155.73 1 1072.99 1587.64 1 4
519.454 1256.09 1 449.63 1417.79 1 5
504.433 897.52 1 685.342 1047.17 1 8
504.433 897.52 1 685.342 1047.17 1 8
509.653 818.874 1 748.477 962.812 1 9
513.736 735.063 1 806.686 874.492 1 10
546.987 787.524 1 787.676 941.356 1 9
541.795 735.39 1 827.304 881.043 1 10
541.795 735.39 1 827.304 881.043 1 10
545.189 724.566 1 834.518 871.888 1 10
718.264 1384.9 1 484.008 1601.48 1 4
791.669 1156.03 1 681.946 1399.22 1 5
833.82 1162.88 1 710.795 1417.13 1 5
1107.54 2093.61 1 212.064 2360.34 1 1
1075.98 1773.64 1 419.784 2080.88 1 2
1040.31 1301.61 1 747.499 1618.71 1 4
1044.23 1256.48 1 769.456 1578.55 1 4
1632.46 1881.98 1 629.04 2366.15 1 1
1737.99 1662.95 1 923.063 2198.07 1 2
530.112 1267.78 1 452.594 1430.39 1 5
641.96 1358.52 1 442.443 1557.84 1 4
624.851 1223.47 1 535.826 1414.98 1 5
773.811 1765.52 1 230.285 1982.5 1 2
621.548 947.782 1 722.11 1133.44 1 7
677.804 904.673 1 781.332 1107.76 1 7
810.617 1009.51 1 801.301 1249.38 1 6
1262.48 1943.55 1 470.571 2277.68 1 2
1986.13 1335.61 1 1269.74 1992.87 1 2
570.21 1072.25 1 598.035 1249.7 1 6
690.533 1262.47 1 515.584 1485.15 1 4
644.488 1020.49 1 672.078 1219.56 1 6
530.818 1406.17 1 348.334 1569.33 1 4
522.849 1197.05 1 474.815 1366.04 1 5
522.849 1197.05 1 474.815 1366.04 1 5
559.056 1217.07 1 491.596 1392.66 1 5
655.577 1153.45 1 587.243 1359.24 1 5
1491.21 1720.04 1 722.004 2165.09 1 2
1428.06 1133.71 1 1116.12 1580.27 1 4
602.602 1378.9 1 407.01 1564.32 1 4
856.576 1333.43 1 603.181 1594.34 1 4
608.324 1956.85 1 59.4645 2084.77 1 2
1174.52 1896.28 1 433.249 2209.94 1 2
501.989 808.482 1 754.037 950.516 1 9
1247.04 1194.72 1 948.988 1581.69 1 4
1426.01 1153.65 1 1106.01 1597.37 1 4
711.425 1386.09 1 479.143 1600.83 1 4
687.388 1297.64 1 498.407 1516.09 1 4
790.733 1262.17 1 585.108 1512.95 1 4
688.026 1201.17 1 589.393 1412.87 1 5
997.441 1268.05 1 730.848 1575.49 1 4
1496.59 1508.38 1 824.108 1986.21 1 2
941.15 1214.97 1 712.558 1512.68 1 4
1000.5 1235.64 1 747.497 1548.03 1 4
852.569 1149.29 1 729.898 1409.63 1 5
1094.26 1083.25 1 940.934 1417.33 1 5
1385.78 1162.44 1 1070.8 1594.57 1 4
1361.71 1144.66 1 1060.56 1570.18 1 4
1491.81 1116.31 1 1175.43 1582.85 1 4
1418.13 1051.29 1 1147.74 1500.03 1 4
1741.11 1048.06 1 1409.99 1595.82 1 4
1222.02 1891.83 1 465.889 2222.52 1 2
787.78 1230.33 1 596.267 1484.24 1 4
510.137 964.1 1 633.097 1122.64 1 7
1004.37 1103.88 1 862.604 1409.58 1 5
669.767 894.739 1 779.167 1096.21 1 7
749.025 921.587 1 828.588 1140.4 1 7
1108.68 1082.85 1 951.292 1418.69 1 5
1382.84 1181.99 1 1059.15 1610.71 1 4
1453.38 1168.79 1 1120.51 1619.92 1 4
1475.07 1135.62 1 1153.03 1596.15 1 4
935.673 1754.98 1 336.669 2021.88 1 2
940.294 1750.02 1 341.468 2019.37 1 2
1035.96 1791.42 1 387.476 2082.99 1 2
1191.85 1827.76 1 472.942 2160.79 1 2
1033.76 1653.27 1 442.605 1966.78 1 2
1388.18 1811.38 1 610.16 2210.06 1 2
1632 1882.45 1 628.616 2366.07 1 1
648.239 1211.38 1 557.456 1410.52 1 5
632.162 1169.79 1 562.494 1368.29 1 5
781.09 1230.88 1 591.84 1483.19 1 4
1060.68 1256.48 1 781.462 1585.14 1 4
584.916 909.532 1 710.246 1090.62 1 7
1102.34 1060.54 1 956.297 1396.46 1 5
1374.1 1181.37 1 1053.1 1607.09 1 4
573.002 724.921 1 857.029 877.789 1 10
1101.01 2078.08 1 214.469 2346.48 1 1
1273.18 1897.5 1 497.511 2244.44 1 2
752.198 1408.09 1 498.986 1630.5 1 4
538.173 1184.42 1 489.768 1358.89 1 5
548.083 1055.61 1 590.111 1229.31 1 6
559.561 1024.21 1 611.12 1204.19 1 6
833.309 1163.24 1 710.845 1417.49 1 5
504.255 898.425 1 685.06 1047.21 1 8
635.15 960.955 1 727.258 1149.75 1 7
955.042 1124.72 1 816.654 1414.79 1 5
1016.84 1096.6 1 874.683 1405.72 1 5
1284.86 1192.71 1 978.408 1591.39 1 4
1096.35 1068.91 1 948.277 1403.68 1 5
1141.65 1925.95 1 399.711 2225.22 1 2
1141.65 1925.95 1 399.302 2224.88 1 2
526.772 1376.36 1 357.142 1542.24 1 4
1473.31 1690.4 1 723.15 2135.13 1 2
1805.88 1823.21 1 772.438 2376.33 1 1
897.445 1307.82 1 642.477 1582.57 1 4
554.814 879.406 1 729.972 1041.46 1 8
1133.5 1068.3 1 977.505 1412.83 1 5
508.329 1890.65 1 25.4675 2003.31 1 2
1509.07 1720.5 1 734.855 2172.38 1 2
622.632 1224.02 1 534.374 1414.8 1 5
882.564 1304.05 1 632.563 1573.38 1 4
600.3 929.496 1 713.634 1111.76 1 7
633.319 918.69 1 742.38 1109.33 1 7
1490.78 1720.94 1 721.014 2167.81 1 2
541.285 1223.91 1 476.738 1394.02 1 5
581.247 1241.74 1 498.031 1420.19 1 5
557.666 1217.29 1 491.228 1392.1 1 5
549.942 1187.91 1 498.605 1364.07 1 5
514.814 1061.12 1 563.069 1226.55 1 6
586.681 1037.51 1 626 1221.76 1 6
701.669 1000.38 1 724.775 1215.22 1 6
1275.71 835.713 1 1247.55 1213.38 1 6
692.315 1197.32 1 594.873 1409.51 1 5
722.773 1089.05 1 658.945 1319.47 1 5
955.226 1106 1 823.447 1397.61 1 5
619.016 1159.93 1 555.815 1356.74 1 5
1528.66 1539.2 1 830.4 2021.37 1 2
1493.08 1555.15 1 798.729 2024.44 1 2
930.643 1758.15 1 330.787 2022.67 1 2
1162.4 1882.04 1 429.793 2194.31 1 2
604.15 858.95 1 775.963 1033.92 1 8
585.926 911.845 1 709.406 1091.87 1 7
1097.19 1069.87 1 947.266 1403.5 1 5
569.769 1081.43 1 593.67 1257 1 6
1035.18 1654.12 1 442.075 1967.46 1 2
940.939 1750.85 1 340.321 2019.67 1 2
940.939 1750.85 1 340.321 2019.67 1 2
936.915 1755.62 1 336.632 2022.19 1 2
1076.02 1774.62 1 418.369 2080.79 1 2
1633.17 1883.53 1 628.026 2366.46 1 1
573.716 725.858 1 855.906 877.991 1 10
524.103 741.881 1 812.255 882.031 1 10
674.217 1058.8 1 678.054 1262.92 1 6
1660.35 1508.08 1 940.169 2037.36 1 2
1358.75 1540.05 1 711.558 1969.41 1 2
1274.06 1898.43 1 496.109 2243.89 1 2
625.016 1950.34 1 71.2541 2083.04 1 2
544.758 673.382 1 874.121 812.276 1 11
1555.85 870.584 1 1410.84 1345.52 1 5
519.747 1053.61 1 567.59 1220.41 1 6
615.453 1190.84 1 541.091 1382.7 1 5
600.443 1229.47 1 515.439 1413.51 1 5
991.423 1869.69 1 325.004 2131.45 1 2
1141.89 1926.67 1 398.315 2224.61 1 2
536.629 746.88 1 819.666 889.278 1 10
515.175 818.331 1 749.898 962.614 1 9
515.175 818.331 1 749.898 962.614 1 9
585.461 923.229 1 705.178 1101.97 1 7
623.729 1222.72 1 533.486 1413.38 1 5
545.049 1229.67 1 477.378 1399.73 1 5
1510.93 1722.03 1 734.564 2174.32 1 2
664.811 933.326 1 755.993 1130.07 1 7
522.276 980.904 1 632.63 1139.72 1 7
1492.22 1722.51 1 721.014 2167.81 1 2
1492.22 1722.51 1 721.014 2167.81 1 2
579.48 1242.59 1 494.626 1420.1 1 5
680.611 1217.88 1 576.93 1424.95 1 5
921.752 1136.07 1 786.967 1416.08 1 5
939.887 1750.17 1 341.301 2019.49 1 2
679.399 945.561 1 766.811 1146.43 1 7
722.88 1088.75 1 660.043 1320.11 1 5
615.474 1221.36 1 530.366 1411.26 1 5
1109.19 926.427 1 1070.03 1255 1 6
1019.05 1097.72 1 875.628 1407.72 1 5
1053.15 1087.1 1 907.11 1407.55 1 5
980.502 2128.14 1 125.283 2345.03 1 1
529.791 1093.29 1 561.138 1258.6 1 6
674.637 1058.73 1 679.114 1263.74 1 6
511.119 1880.48 1 30.8188 1995.82 1 2
1357.88 1539.32 1 712.899 1969.53 1 2
1327.07 1710.47 1 1487.62 1964.88 1 2
1468.63 1698.77 1 716.92 2141.13 1 2
1272.8 1897.78 1 497.547 2242.66 1 2
1475.47 1959.43 1 494.159 2374.96 1 1
542.842 735.544 1 827.422 881.193 1 10
638.978 898.068 1 754.695 1091.38 1 7
639.082 929.879 1 738.921 1121.69 1 7
548.589 1228.88 1 480.042 1400.04 1 5
1302.09 1768.42 1 572.532 2146.86 1 2
492.009 734.567 1 796.133 868.363 1 10
561.107 738.526 1 843.153 887.587 1 10
512.606 818.759 1 747.669 963.28 1 9
520.162 893.131 1 700.166 1046.09 1 8
554.673 1244.03 1 478.149 1415.08 1 5
648.608 1018.56 1 678.79 1218.51 1 6
1098.2 1069.07 1 949.8 1403.38 1 5
568.336 727.027 1 852.594 878.057 1 10
849.39 1145.21 1 730.062 1404.35 1 5
1111.18 917.337 1 1075.71 1245.95 1 6
1361.37 1607.79 1 683.19 2029.59 1 2
1776.33 1835.5 1 747.263 2374.82 1 1
490.181 796.356 1 745.451 937.188 1 9
542.204 735.66 1 828.126 880.545 1 10
548.925 1246.73 1 473.789 1415.32 1 5
764.058 718.541 1 986.569 924.161 1 9
510.211 1880.09 1 31.7288 1994.52 1 2
1311.53 813.869 1 1286.9 1202.34 1 6
1107.9 2093.98 1 212.493 2360.11 1 1
498.316 877.509 1 687.332 1027.35 1 8
570.205 963.555 1 677.414 1135.76 1 7
570.205 963.555 1 677.414 1135.76 1 7
677.057 905.595 1 780.741 1107.46 1 7
808.741 1022.93 1 793.969 1264.71 1 6
1475.47 1708.67 1 717.251 2150.84 1 2
1738.67 1662.54 1 923.565 2197.87 1 2
623.193 1026.38 1 656.088 1220.2 1 6
1484.35 826.33 1 1372.37 1280.9 1 5
541.836 1223.45 1 477.775 1393.44 1 5
618.062 1197.93 1 541.738 1389.6 1 5
1173.72 1899.3 1 431.648 2212.37 1 2
963.133 1762.77 1 351.453 2033.11 1 2
535.268 1104.93 1 560.689 1270.8 1 6
609.663 907.177 1 728.889 1093.82 1 7
673.158 1059.17 1 678.303 1263.8 1 6
1145.17 1683.65 1 503.607 2025.9 1 2
1465.71 1725.87 1 701.978 2162.9 1 2
605.767 1143.8 1 553.586 1339.6 1 5
634.364 1217.82 1 544.667 1412.59 1 5
546.139 724.902 1 834.518 871.888 1 10
663.713 1063.4 1 668.993 1265.08 1 6
1590.63 1526.3 1 882.556 2031.16 1 2
1861.43 1821.85 1 810.44 2392.94 1 1
626.351 1223.03 1 537.255 1414.67 1 5
603.062 842.472 1 782.048 1018.47 1 8
639.799 940.714 1 738.026 1131.05 1 7
508.599 960.058 1 633.69 1117.58 1 7
604.04 1230.94 1 518.558 1415.52 1 5
519.388 955.197 1 643.72 1115.79 1 7
519.388 955.197 1 643.72 1115.79 1 7
544.378 947.684 1 665.255 1114.93 1 7
544.378 947.684 1 665.255 1114.93 1 7
633.741 1052.2 1 652.592 1246.08 1 6
643.611 1021.69 1 672.078 1219.56 1 6
694.516 899.166 1 796.803 1105.63 1 7
753.496 904.564 1 838.405 1122.89 1 7
521.624 1197.73 1 474.815 1366.04 1 5
558.494 1217.48 1 491.276 1391.85 1 5
783.208 973.884 1 794.152 1211.43 1 6
655.624 1990.65 1 75.7415 2123.22 1 2
1490.46 1719.73 1 721.887 2164.19 1 2
548.689 927.402 1 676.198 1098.33 1 7
579.413 941.311 1 693.044 1117.71 1 7
1243.6 729.315 1 1310.69 1084.41 1 7
526.506 1080.13 1 563.299 1246.28 1 6
703.584 900.745 1 802.215 1109.15 1 7
1107.01 2093.56 1 211.932 2359.94 1 1
511.914 905.197 1 688.902 1055.36 1 8
511.914 905.197 1 689.448 1054.89 1 8
611.144 914.244 1 726.491 1100.71 1 7
600.836 708.172 1 884.652 867.574 1 10
570.895 962.8 1 677.853 1135.67 1 7
570.895 962.8 1 677.853 1135.67 1 7
521.986 1088.74 1 557.748 1252.68 1 6
582.152 1039.91 1 619.386 1223.47 1 6
582.152 1039.91 1 619.386 1223.47 1 6
632.697 919.234 1 741.683 1109.68 1 7
947.211 947.699 1 930.943 1227.83 1 6
981.421 2127.2 1 125.283 2345.03 1 1
508.725 1107.12 1 540.893 1265.67 1 6
675.512 906.888 1 779.802 1108.18 1 7
675.512 906.888 1 779.802 1108.18 1 7
518.354 1059.83 1 565.469 1226.1 1 6
599.023 708.496 1 882.665 867.417 1 10
704.093 675.694 1 981.235 858.346 1 10
504.037 897.166 1 685.746 1046.65 1 8
640.219 939.729 1 738.947 1131.03 1 7
640.219 939.729 1 738.947 1131.03 1 7
599.044 929.344 1 711.883 1112.01 1 7
624.17 1024.86 1 655.737 1220.22 1 6
817.415 860.318 1 908.506 1097.47 1 7
515.802 1060.3 1 564.048 1226.07 1 6
697.303 1001.63 1 720.412 1215.73 1 6
1133.08 2090.65 1 229.022 2365.21 1 1
664.049 1063.23 1 668.993 1265.08 1 6
495.827 900.649 1 678.319 1046.93 1 8
557.621 711.305 1 849.226 861.713 1 10
613.114 849.563 1 787.17 1027.85 1 8
695.778 885.873 1 802.697 1094.06 1 7
793.75 947.173 1 814.117 1189.25 1 6
497.839 876.904 1 687.817 1027.27 1 8
545.996 933.777 1 671.325 1103.74 1 7
580.687 958.843 1 687.184 1134.35 1 7
589.784 957.109 1 694.147 1134.26 1 7
589.784 957.109 1 694.147 1134.26 1 7
596.487 930.19 1 709.398 1112.39 1 7
625.685 946.253 1 725.456 1132.87 1 7
698.545 923.15 1 790.008 1128.7 1 7
877.083 865.012 1 953.312 1117.85 1 7
586.393 1093.57 1 601.517 1272.92 1 6
635.537 1021.43 1 665.529 1219.62 1 6
684.911 1004.9 1 708.173 1215.66 1 6
711.647 1025.58 1 720.199 1241.23 1 6
711.647 1025.58 1 720.271 1241.51 1 6
707.691 999.125 1 727.97 1215.56 1 6
1631.77 1880.92 1 629.309 2365.37 1 1
500.501 884.846 1 695.679 1031.93 1 8
596.849 716.451 1 878.403 874.573 1 10
1077.34 553.93 1 1346.28 826.368 1 10
566.443 918.09 1 692.44 1093.62 1 7
573.242 924.935 1 694.547 1101.81 1 7
545.228 724.28 1 834.286 871.26 1 10
571.055 716.609 1 857.73 869.588 1 10
578.402 723.145 1 860.883 877.708 1 10
587.73 709.893 1 873.549 866.852 1 10
505.187 985.633 1 621.586 1140.27 1 7
570.887 962.02 1 677.817 1134.83 1 7
580.896 958.821 1 687.099 1134.45 1 7
621.001 947.477 1 721.51 1133.09 1 7
555.682 857.114 1 740.933 1022.18 1 8
602.549 915.842 1 720.149 1099.77 1 7
665.231 931.779 1 760.025 1129.45 1 7
705.508 919.633 1 795.679 1126.87 1 7
776.374 897.682 1 859.507 1122.77 1 7
1631.85 1881.12 1 629.047 2366.11 1 1
698.153 1000.06 1 720.242 1214.61 1 6
521.228 1087.78 1 557.836 1251.47 1 6
810.809 2165.64 1 15.1328 2319.83 1 1
609.827 914.396 1 725.371 1100.42 1 7
633.207 832.711 1 807.867 1016.39 1 8
704.209 999.7 1 726.212 1215.8 1 6
567.837 1080.77 1 593.498 1256.89 1 6
1001.34 955.717 1 1327.66 1112.42 1 6
614.985 1080.35 1 626.967 1267.17 1 6
501.055 888.774 1 685.355 1036.84 1 8
573.513 1043.12 1 613.778 1224.13 1 6
521.453 893.228 1 701.451 1046.13 1 8
646.903 914.629 1 755.957 1109.13 1 7
598.178 967.145 1 695.81 1145.81 1 7
655.322 911.826 1 764.035 1108.3 1 7
661.258 910.045 1 764.035 1108.3 1 7
518.05 1060.2 1 565.748 1225.67 1 6
650.005 1017.15 1 678.79 1218.51 1 6
636.273 1051.16 1 655.32 1245.52 1 6
687.593 912.672 1 786.052 1116.86 1 7
494.191 750.669 1 785.506 884.441 1 10
814.739 873.258 1 899.565 1108.64 1 7
1138.76 761.826 1 1210.08 1086.9 1 7
498.222 978.683 1 618.863 1131.86 1 7
513.264 1076.2 1 555.694 1239.59 1 6
579.77 1070.13 1 607.203 1249.07 1 6
624.417 1025.25 1 655.737 1220.22 1 6
624.417 1025.25 1 655.737 1220.22 1 6
712.411 1026.29 1 722.254 1241.15 1 6
1387.24 798.613 1 1359.29 1206.63 1 6
1219.28 826.006 1 1205.45 1185.42 1 6
604.261 939.881 1 942.136 1014.95 1 7
576.456 1041.18 1 619.042 1222.69 1 6
690.701 1019.38 1 708.191 1229.45 1 6
1137.13 763.042 1 1208.57 1087.24 1 7
1396.06 767.784 1 1381.07 1178.8 1 6
502.229 886.262 1 689.835 1035.88 1 8
691.053 1004.73 1 711.184 1215.59 1 6
707.022 998.601 1 726.837 1214.86 1 6
920.923 915.524 1 924.371 1191.29 1 6
808.359 1020.03 1 794.025 1261.96 1 6
699.158 897.748 1 799.409 1105.19 1 7
1403.31 667.961 1 1474.43 1065.57 1 7
1470.15 781.005 1 1435.67 1213.57 1 6
660.77 911.31 1 762.164 1108.08 1 7
644.044 916.712 1 747.038 1109.19 1 7
525.358 895.603 1 703.107 1050.01 1 8
629.077 1054.04 1 644.249 1247.79 1 6
629.077 1054.04 1 642.567 1247 1 6
630.811 713.898 1 906.037 879.932 1 10
514.266 731.825 1 810.055 871.369 1 10
504.043 963.278 1 631.193 1119.84 1 7
560.025 803.554 1 791.613 959.811 1 9
522.175 892.396 1 701.451 1046.13 1 8
695.588 1004.62 1 718.757 1216.89 1 6
582.137 1038.49 1 621.13 1221.95 1 6
524.098 732.106 1 815.709 874.344 1 10
538.637 886.391 1 714.573 1044.77 1 8
759.025 902.244 1 844.834 1123.61 1 7
623.073 1026.9 1 656.174 1220.32 1 6
579.831 1068.5 1 606.153 1249.2 1 6
579.831 1068.5 1 606.153 1249.2 1 6
691.038 1019.56 1 708.191 1229.45 1 6
706.499 998.483 1 727.871 1215.1 1 6
711.892 1025.13 1 721.014 1240.69 1 6
591.768 1064.69 1 616.527 1248.24 1 6
690.083 1019.84 1 707.055 1229.81 1 6
596.362 1063.1 1 620.724 1248.61 1 6
640.167 1047.56 1 649.857 1245.18 1 6
759.409 996.205 1 766.916 1225.49 1 6
711.133 1024.68 1 719.665 1240.42 1 6
1335.49 787.786 1 1317.61 1183.33 1 6
696.1 1017.53 1 710.922 1229.68 1 6
710.578 1024.45 1 719.56 1240.81 1 6
1360.78 792.934 1 1337.14 1195.21 1 6
691.042 987.923 1 721.128 1202.98 1 6
748.65 882.115 1 843.598 1102.23 1 7
556.216 942.61 1 675.029 1113.95 1 7
813.418 873.682 1 897.188 1109.13 1 7
954.174 931.413 1 942.362 1215.82 1 6
1377.92 802.105 1 1347.54 1209.06 1 6
1400.14 777.042 1 1376.71 1190.99 1 6
751.788 917.101 1 831.917 1136.14 1 7
698.812 898.334 1 798.321 1106.01 1 7
617.852 947.856 1 720.134 1133.73 1 7
617.852 947.856 1 720.134 1133.73 1 7
660.37 909.323 1 766.47 1107.48 1 7
660.37 909.323 1 766.47 1107.48 1 7
601.001 924.084 1 716.842 1107.18 1 7
1809.48 1909.88 1 734.539 2448.53 1 1
627.166 933.224 1 731.502 1121.77 1 7
636.112 921.119 1 1148.98 929.036 1 7
657.523 910.597 1 762.164 1108.08 1 7
816.814 860.126 1 902.522 1097.38 1 7
1217.08 2540.83 1 153.09 2327.81 1 0
459.635 778.403 1 1831.56 1468.93 1 0
993.685 2110.02 1 1018.34 1022.12 1 0
21.6623 1883.75 1 209.227 1659.26 1 0
762.614 2088.86 1 1104.57 955.236 1 0
270.62 1977.46 1 1894.41 1629.93 1 0
270.62 2252.2 1 1721.34 1589.94 1 0
1411.66 1643.58 1 440.782 184.571 1 0
737.779 1759.67 1 1598.74 2145.81 1 0
296.724 1678.08 1 806.786 681.545 1 0
1145.24 810.151 1 1095.14 607.063 1 0
572.814 2096.13 1 1782.56 2100.17 1 0
462.414 2295.9 1 464.288 670.558 1 0
1048.85 1139.74 1 197.443 695.036 1 0
1854.64 222.054 1 103.238 165.426 1 0
1883.41 2226.03 1 1067.77 2239.03 1 0
1050.67 2537.36 1 799.414 648.182 1 0
872.288 2366.43 1 24.2003 2500.77 1 0
450.208 1023.82 1 18.4597 1116.24 1 0
1615.9 1762.5 1 1379.15 2134.74 1 0
1451.24 2068.66 1 71.5143 2309.39 1 0
1886.85 165.587 1 554.444 394.282 1 0
737.718 1848.45 1 442.897 422.718 1 0
1797.24 1179.25 1 168.62 2080.21 1 0
427.065 1218.67 1 17.4325 1996.93 1 0
86.3793 677.263 1 384.766 665.631 1 0
397.395 2073.75 1 1288.2 1748.44 1 0
308.508 1694.4 1 1137.68 1127.14 1 0
515.469 1060.74 1 703.517 106.939 1 0
1179.68 197.739 1 401.383 422.637 1 0
883.769 1821.79 1 795.123 2222.15 1 0
785.576 2623.8 1 376.911 2380.97 1 0
108.254 765.882 1 525.198 1089.01 1 0
789.262 1061.95 1 1799.66 826.873 1 0
1485.8 1959.2 1 1474.08 378.772 1 0
738.322 1380.23 1 226.569 2411.99 1 0
1371.53 249.359 1 167.532 210.583 1 0
292.495 1055.16 1 144.328 1798.69 1 0
1306.7 1449.95 1 204.634 1453.58 1 0
1451.18 1415.45 1 1356.25 1843.84 1 0
345.73 171 1 624.902 2086.51 1 0
880.929 1354.3 1 1209.77 2017.85 1 0
1244.15 2649.81 1 115.867 1499.87 1 0
62.8733 1631.47 1 784.549 59.2773 1 0
805.759 1935.13 1 1220.95 2149.77 1 0
1580.49 1233.45 1 1179.44 1570.23 1 0
30.2429 717.574 1 686.295 624.351 1 0
1446.64 1674.77 1 1780.02 494.453 1 0
400.779 2396.4 1 1588.89 2533.65 1 0
1231.52 711.434 1 506.284 1948.13 1 0
171.339 2144.92 1 1703.58 339.916 1 0
389.902 1936.42 1 1980.15 50.6336 1 0
554.444 1801.03 1 1671.07 1483.47 1 0
468.699 551.566 1 1932.66 755.784 1 0
28.3093 932.698 1 1284.88 918.561 1 0
1394.56 904.666 1 1311.89 2329.43 1 0
524.775 1139.74 1 1719.41 1298 1 0
1721.16 2261.41 1 590.156 2298 1 0
1736.39 2414.33 1 1816.82 1391.62 1 0
856.879 459.555 1 11.6919 1750.3 1 0
1364.1 2147.75 1 315.094 388.143 1 0
1292.31 152.016 1 1820.02 1697.38 1 0
1304.94 2079.65 1 55.1991 2196.54 1 0
927.579 578.547 1 605.384 2080.37 1 0
1959.18 2010.66 1 308.749 1218.1 1 0
1239.98 2514.34 1 1372.56 777.111 1 0
497.945 1457.06 1 985.407 2530.09 1 0
1591.55 1983.44 1 1968.07 551.647 1 0
1010.97 1305.43 1 900.447 2364.08 1 0
1456.37 2501.17 1 1247.66 119.46 1 0
