35 186 1 110.91 271.61 1 0
37 292 1 110.08 286.96 1 0
72 466 1 114.68 621.5 1 0
98 535 1 170.03 565.11 1 0
103 511 1 575.96 354.5 1 0
109 679 1 293.59 697.33 1 0
119 529 1 149.32 538.07 1 0
127 575 1 136.38 575.42 1 0
138 438 1 126.63 582.99 1 0
156 493 1 143.2 547.44 1 0
157 500 1 143.9 624.38 1 0
157 564 1 193.86 528.26 1 0
170 672 1 901.58 166.23 1 0
170 77 1 85.357 661.65 1 0
185 635 1 169.94 328.99 1 0
185 635 1 54.453 337.63 1 0
73 545 1 112.47 637.4 1 0
118 612 1 147.25 600.62 1 0
126 532 1 202.68 539.06 1 0
126 532 1 156.64 539.64 1 0
130 488 1 160.36 634.78 1 0
145 497 1 134.79 552.27 1 0
159 586 1 147.25 600.62 1 0
212 341 1 682.13 249.62 1 0
213 448 1 204.52 280.38 1 0
89 427 1 539.69 560.75 1 0
13 491 1 15.366 100.59 1 0
26 54 1 916.48 373.04 1 0
37 446 1 75.189 550.83 1 0
74 640 1 140.48 654.52 1 0
89 487 1 181.36 570.23 1 0
103 477 1 176.22 456.72 1 0
106 619 1 155.15 670.09 1 0
109 36 1 79.777 283.55 1 0
118 540 1 139.04 582 1 0
150 569 1 139.04 582 1 0
184 53 1 74.25 587.39 1 0
195 628 1 257.03 579.57 1 0
202 248 1 79.777 283.55 1 0
33 696 1 243.23 341.4 1 0
111 339 1 62.49 355.12 1 0
122 509 1 151.92 539.13 1 0
34 113 1 79.086 67.254 1 0
98 299 1 108.8 276.59 1 0
135 536 1 141.62 628.96 1 0
74 247 1 763.23 315.1 1 0
142 114 1 120.9 55.94 1 0
163 23 1 178.45 19.943 1 0
141 37 1 147.82 82.055 1 0
177 281 1 211.08 271.15 1 0
207 451 1 196.38 37.389 1 0
58 473 1 633.67 510.6 1 0
67 646 1 478.31 289.15 1 0
78 395 1 196.12 402.99 1 0
95 696 1 336.89 581.74 1 0
105 444 1 177.37 583.12 1 0
105 596 1 177.37 583.12 1 0
60 483 1 635 515.49 1 0
165 547 1 224.15 614.55 1 0
77 601 1 122.81 554.48 1 0
155 422 1 550.66 460.47 1 0
295 220 1 396.94 390.86 1 0
332 562 1 395.89 593.05 1 0
375 430 1 363.93 508.93 1 0
379 552 1 393.11 483.35 1 0
398 247 1 364.05 577.88 1 0
403 293 1 339.55 399.64 1 0
462 365 1 31.494 303.06 1 0
286 404 1 333.15 633.47 1 0
421 197 1 839.85 236.67 1 0
446 390 1 257.96 673.43 1 0
449 212 1 598.82 533.74 1 0
356 546 1 731.97 685.11 1 0
385 464 1 402.53 454.45 1 0
420 430 1 359.56 436.31 1 0
431 399 1 442.33 447.94 1 0
330 431 1 395.41 489.59 1 0
330 445 1 397.01 544.43 1 0
403 147 1 358 136.31 1 0
426 223 1 346.5 449.96 1 0
459 226 1 777.32 29.82 1 0
408 241 1 408.12 227.73 1 0
326 303 1 333.51 252.29 1 0
361 317 1 703.71 461.25 1 0
400 491 1 336.26 516.06 1 0
410 343 1 817.5 381.87 1 0
417 163 1 635.51 234.91 1 0
421 264 1 405.98 474.91 1 0
446 408 1 368.59 341.66 1 0
454 300 1 318.97 445.49 1 0
327 445 1 391.83 468.73 1 0
327 462 1 391.83 468.73 1 0
328 472 1 391.83 468.73 1 0
328 481 1 391.83 468.73 1 0
339 572 1 25.254 460.92 1 0
352 584 1 150.94 468.68 1 0
273 451 1 402.53 454.45 1 0
278 544 1 225.24 435.56 1 0
306 482 1 438.08 477.05 1 0
403 459 1 340.3 464.3 1 0
293 482 1 339.68 467.56 1 0
400 355 1 352.93 312.09 1 0
280 266 1 29.722 25.076 1 0
333 513 1 395.96 506.24 1 0
342 467 1 405.98 474.91 1 0
375 196 1 576.15 421.56 1 0
399 491 1 336.26 516.06 1 0
397 197 1 573.31 256.74 1 0
437 398 1 377.83 355.67 1 0
239 307 1 831.6 481.2 1 0
518 473 1 218.89 439.06 1 0
520 252 1 517.48 491.08 1 0
520 252 1 500.41 327.2 1 0
527 415 1 959.94 416.3 1 0
528 298 1 526.71 534.99 1 0
559 443 1 511.11 479.19 1 0
560 464 1 503.91 473.64 1 0
571 457 1 218.89 524.09 1 0
582 265 1 228.98 455.3 1 0
560 238 1 522.72 268.36 1 0
603 208 1 822.06 534.08 1 0
459 226 1 777.32 29.82 1 0
515 464 1 564.84 318.13 1 0
518 523 1 111.71 529.9 1 0
519 527 1 559.96 520.08 1 0
527 557 1 122.69 593.16 1 0
556 474 1 513.98 500.93 1 0
559 487 1 551.86 489.35 1 0
565 550 1 192.23 627.51 1 0
567 297 1 502.75 328.85 1 0
574 352 1 580.88 474.41 1 0
576 255 1 564.84 318.13 1 0
529 353 1 702.95 532.55 1 0
541 206 1 465.59 238.01 1 0
541 206 1 472.98 238.14 1 0
548 204 1 465.59 238.01 1 0
577 390 1 490.45 449.03 1 0
577 390 1 402.53 454.45 1 0
505 269 1 507.7 477.31 1 0
513 210 1 472.98 238.14 1 0
513 210 1 472.98 238.14 1 0
520 209 1 472.98 238.14 1 0
521 215 1 480.44 242.9 1 0
521 481 1 554.28 528.97 1 0
524 435 1 134.22 436.25 1 0
527 208 1 472.98 238.14 1 0
527 208 1 472.98 238.14 1 0
528 214 1 480.44 242.9 1 0
534 207 1 472.98 238.14 1 0
534 207 1 472.98 238.14 1 0
535 212 1 480.44 242.9 1 0
535 212 1 480.44 242.9 1 0
540 495 1 547.41 519.82 1 0
541 206 1 472.98 238.14 1 0
552 237 1 489.79 269.61 1 0
553 358 1 78.971 89.909 1 0
563 470 1 645.55 354.91 1 0
574 515 1 552.02 479.01 1 0
509 205 1 469.08 233.26 1 0
537 289 1 627.87 288.77 1 0
548 271 1 509.04 299.59 1 0
557 466 1 627.38 281.07 1 0
557 466 1 496.39 294.81 1 0
573 268 1 618.73 277.99 1 0
619 506 1 360.43 272.37 1 0
604 340 1 292.3 464.35 1 0
507 276 1 510.52 512.21 1 0
524 456 1 508.31 518.35 1 0
527 462 1 492.14 300.75 1 0
532 284 1 641.16 291.54 1 0
551 480 1 154.96 462.11 1 0
564 497 1 510.52 512.21 1 0
566 491 1 675.71 530.15 1 0
567 262 1 621.55 273.83 1 0
569 274 1 507.34 506.07 1 0
646 280 1 460.47 712.43 1 0
666 293 1 236.13 456.45 1 0
670 466 1 689.28 482.64 1 0
672 349 1 611.68 278.71 1 0
682 413 1 656.92 441.73 1 0
711 227 1 519.77 541.41 1 0
719 442 1 161.17 328.41 1 0
733 488 1 526.71 534.99 1 0
744 506 1 612.13 286.53 1 0
758 417 1 279.99 233.35 1 0
664 466 1 40.93 605.67 1 0
668 325 1 617.47 379.74 1 0
720 331 1 668.26 289.42 1 0
726 135 1 603.84 349.14 1 0
731 343 1 668.26 289.42 1 0
738 171 1 683.06 184.56 1 0
675 308 1 618.73 277.99 1 0
679 255 1 633.31 366.73 1 0
697 253 1 633.31 366.73 1 0
705 248 1 655.6 321.6 1 0
713 234 1 645.43 303 1 0
714 242 1 628.15 296.56 1 0
721 315 1 655.6 321.6 1 0
721 323 1 647.08 318.43 1 0
723 245 1 618.73 277.99 1 0
727 277 1 674.96 343.51 1 0
728 147 1 397.47 78.15 1 0
730 318 1 622.17 332.29 1 0
730 318 1 619.93 301.18 1 0
730 309 1 672.45 312.36 1 0
700 332 1 504.03 331.65 1 0
711 478 1 533.64 502.39 1 0
731 130 1 807.28 392.14 1 0
731 130 1 682.13 249.62 1 0
731 491 1 536.49 545.07 1 0
737 195 1 555.6 404.72 1 0
742 513 1 500.13 566.33 1 0
659 437 1 453.31 452.75 1 0
675 219 1 727.3 413.07 1 0
690 270 1 661.34 297.59 1 0
708 237 1 508.4 496.86 1 0
717 232 1 533.62 495.71 1 0
678 295 1 666.84 293.31 1 0
679 311 1 621.99 281.28 1 0
680 226 1 662.45 258.06 1 0
694 257 1 646.13 268.11 1 0
695 285 1 659.61 333.11 1 0
714 307 1 658.39 317.44 1 0
724 298 1 489.83 318.24 1 0
726 314 1 628.61 375.07 1 0
727 343 1 625.4 300.79 1 0
737 457 1 481.06 341.6 1 0
716 136 1 801.53 590.71 1 0
665 396 1 459.71 397.39 1 0
665 396 1 459.71 397.39 1 0
781 355 1 668.26 289.42 1 0
799 366 1 729.71 517.54 1 0
847 441 1 584.24 412.01 1 0
775 359 1 622.92 339.95 1 0
821 368 1 674.96 343.51 1 0
776 343 1 726.82 375.77 1 0
810 374 1 554.46 335.23 1 0
810 497 1 661.9 539.61 1 0
821 500 1 672.96 383.38 1 0
825 496 1 554.28 528.97 1 0
796 461 1 645.86 492.88 1 0
798 498 1 647.83 539.94 1 0
803 373 1 542.56 331.55 1 0
807 497 1 658.35 539.36 1 0
809 324 1 479.57 254.82 1 0
825 470 1 223.13 610.76 1 0
788 316 1 530.42 250 1 0
849 476 1 492.36 708.66 1 0
785 430 1 676.67 448.77 1 0
240 690 1 311.39 718.18 1 0
257 696 1 342.03 724.51 1 0
270 696 1 342.03 724.51 1 0
277 685 1 342.22 711.84 1 0
310 675 1 387.61 698.86 1 0
310 675 1 387.61 698.86 1 0
343 682 1 416.93 708.55 1 0
349 640 1 419.76 664.57 1 0
465 646 1 393.22 107.33 1 0
488 667 1 542.94 692.12 1 0
532 136 1 240.83 694.85 1 0
557 659 1 341.05 562.24 1 0
621 693 1 696.91 715.45 1 0
685 623 1 787.14 591.51 1 0
691 589 1 679.72 614.49 1 0
692 707 1 477.53 489.08 1 0
783 554 1 629.47 635.72 1 0
786 604 1 777.59 628.02 1 0
870 551 1 807.63 579.3 1 0
893 351 1 685.03 433.05 1 0
904 444 1 685.03 433.05 1 0
915 430 1 915.23 125.74 1 0
106 700 1 341.05 562.24 1 0
150 715 1 782.96 594.01 1 0
266 697 1 338.32 725.12 1 0
341 690 1 417.49 716.68 1 0
389 677 1 463.74 702.78 1 0
402 655 1 472.01 678.82 1 0
442 668 1 501.37 693.28 1 0
482 655 1 532.66 680.46 1 0
512 138 1 465.25 166.26 1 0
883 570 1 843.67 596.97 1 0
284 680 1 347.82 707.54 1 0
314 687 1 454.83 478.29 1 0
348 646 1 419.42 668.25 1 0
349 682 1 424.49 708.24 1 0
365 683 1 441.17 708.78 1 0
393 643 1 462.89 667.17 1 0
586 679 1 779.84 12.782 1 0
728 655 1 405.03 363.52 1 0
745 579 1 718.35 605.5 1 0
842 690 1 874.89 367.2 1 0
149 717 1 731.41 438.92 1 0
163 719 1 807.28 392.14 1 0
281 677 1 343.75 704.07 1 0
287 682 1 351.36 709.17 1 0
375 680 1 451.43 705.12 1 0
375 680 1 451.43 705.12 1 0
436 686 1 819.34 320.84 1 0
475 707 1 123.39 330.62 1 0
487 652 1 536.58 677.25 1 0
515 137 1 468.79 165.43 1 0
535 639 1 574.15 664.19 1 0
770 593 1 748.33 619.2 1 0
887 343 1 578.19 412.17 1 0
898 428 1 753.96 467.85 1 0
228 690 1 297.62 718.24 1 0
462 661 1 516.69 686.05 1 0
473 655 1 525.14 680.59 1 0
597 124 1 451.25 450.23 1 0
819 599 1 805.94 624.31 1 0
819 599 1 805.94 624.31 1 0
928 427 1 578.19 412.17 1 0
266 684 1 331.56 712.01 1 0
267 674 1 332.26 701.12 1 0
328 652 1 401.35 677.16 1 0
354 680 1 429.74 706.22 1 0
766 721 1 169.73 365.28 1 0
768 615 1 390.23 341.76 1 0
872 554 1 810.2 582.23 1 0
901 529 1 762.42 591.66 1 0
914 524 1 762.42 591.66 1 0
964 607 1 14.834 599.12 1 0
539 137 1 550.17 160.47 1 0
798 705 1 417.34 386.73 1 0
859 445 1 685.03 433.05 1 0
959 412 1 893.77 442.32 1 0
457 699 1 387.36 501.54 1 0
574 693 1 476.59 169.16 1 0
905 568 1 836.25 609.83 1 0
385 686 1 460.47 712.43 1 0
681 646 1 438.08 477.05 1 0
759 262 1 225.24 435.56 1 0
349 703 1 438.08 477.05 1 0
453 657 1 507.72 682.14 1 0
601 702 1 730.98 697.48 1 0
464 142 1 38.705 423.08 1 0
806 565 1 762.42 591.66 1 0
677 654 1 716.94 677.81 1 0
777 611 1 776.88 634.39 1 0
783 557 1 740.9 584.83 1 0
370 682 1 344.14 289.44 1 0
575 629 1 599.31 654.74 1 0
541 130 1 857.15 264.89 1 0
544 168 1 412.23 497.36 1 0
717 564 1 697.74 588.94 1 0
8 311 1 43.493 314.84 1 1
17 246 1 55.883 244.89 1 1
17 473 1 51.559 488.02 1 1
21 197 1 63.103 193.44 1 1
23 517 1 58.094 535.45 1 1
25 234 1 66.468 233.39 1 1
28 519 1 63.428 536.52 1 1
31 338 1 71.504 344.04 1 1
31 452 1 69.16 465.58 1 1
35 302 1 76.362 304.88 1 1
36 346 1 77.127 351.49 1 1
37 361 1 77.756 367.22 1 1
38 174 1 82.581 170.84 1 1
43 47 1 90.858 38.739 1 1
44 461 1 85.505 474.9 1 1
59 284 1 105.07 287.11 1 1
62 283 1 110.08 286.96 1 1
65 324 1 112.23 330.55 1 1
66 561 1 108.81 582.75 1 1
68 588 1 110.55 611.52 1 1
72 425 1 117.61 437.12 1 1
72 425 1 117.61 437.12 1 1
73 637 1 117.06 663.66 1 1
77 340 1 126.13 347.45 1 1
82 382 1 130.39 392.03 1 1
87 447 1 136.58 460.79 1 1
88 364 1 139.54 373.57 1 1
89 293 1 140.34 297.84 1 1
90 274 1 142.43 278.63 1 1
96 283 1 149.84 288.06 1 1
100 454 1 150.94 468.68 1 1
100 454 1 150.94 468.68 1 1
102 468 1 153.03 482.96 1 1
103 532 1 153.63 551.29 1 1
104 536 1 154.43 556.07 1 1
107 33 1 165.34 29.436 1 1
109 292 1 164.54 298 1 1
114 272 1 171.03 276.76 1 1
119 141 1 178.24 142.18 1 1
121 457 1 175.81 472.31 1 1
123 260 1 182.56 265.43 1 1
127 322 1 185.15 329.75 1 1
130 236 1 189.88 240.47 1 1
131 274 1 189.89 280.27 1 1
135 113 1 196.57 114.31 1 1
136 665 1 190.17 692.81 1 1
137 532 1 194 551.85 1 1
141 333 1 200.31 342.26 1 1
152 243 1 215.13 248.71 1 1
157 337 1 218.95 347.33 1 1
159 460 1 220 475.48 1 1
159 527 1 218.97 546.07 1 1
163 564 1 222.85 585.33 1 1
167 336 1 230.06 346.81 1 1
168 296 1 232.38 305.41 1 1
174 336 1 237.91 346.1 1 1
180 561 1 242.49 582.64 1 1
181 417 1 245.62 431.64 1 1
182 439 1 247 454.19 1 1
189 449 1 254.53 464.51 1 1
192 298 1 259.38 308.06 1 1
196 561 1 260.35 582.08 1 1
204 246 1 273.89 255.43 1 1
205 164 1 275.24 171.69 1 1
209 164 1 279.31 171.58 1 1
211 437 1 278.6 451.5 1 1
212 397 1 280.32 410.47 1 1
212 351 1 282.08 363.7 1 1
219 516 1 287.72 534.82 1 1
228 283 1 300 293.91 1 1
8 522 1 41.179 539.71 1 1
10 301 1 48.267 303.5 1 1
13 119 1 52.986 110.75 1 1
17 342 1 54.109 346.7 1 1
21 145 1 64.024 138.76 1 1
36 584 1 72.486 607.38 1 1
37 137 1 82.128 131.05 1 1
37 194 1 82.188 190.35 1 1
37 194 1 82.188 190.35 1 1
38 612 1 74.353 637.55 1 1
39 430 1 80.125 441.55 1 1
45 483 1 85.239 498.41 1 1
46 104 1 93.351 97.423 1 1
52 163 1 98.818 159.69 1 1
53 658 1 92.061 686.82 1 1
55 461 1 97.146 475.23 1 1
56 235 1 103.67 235.97 1 1
59 335 1 104.72 341.2 1 1
60 289 1 105.92 292.88 1 1
64 268 1 110.91 271.61 1 1
65 556 1 108.03 576.82 1 1
65 556 1 108.03 576.82 1 1
67 54 1 118.66 48.512 1 1
77 302 1 126.63 307.59 1 1
84 132 1 137.09 130.27 1 1
85 66 1 140.21 61.542 1 1
88 181 1 142.04 181.46 1 1
106 52 1 164.11 49.625 1 1
107 457 1 158.86 471.91 1 1
109 310 1 164.08 317.4 1 1
113 132 1 171.89 131.59 1 1
121 318 1 177.99 325.53 1 1
124 500 1 177.52 517.8 1 1
125 447 1 181.23 459.99 1 1
125 447 1 181.23 459.99 1 1
125 512 1 179.54 530.31 1 1
126 218 1 185.04 222.74 1 1
129 371 1 186.6 382.96 1 1
129 115 1 189.29 115.15 1 1
130 488 1 184.82 504.17 1 1
140 15 1 204.11 14.916 1 1
140 113 1 203.06 115.27 1 1
144 94 1 207.23 95.872 1 1
144 222 1 205.5 227.65 1 1
148 316 1 209.14 325.16 1 1
153 274 1 214.94 282.61 1 1
153 220 1 216.86 226.53 1 1
156 100 1 222.38 102.65 1 1
156 542 1 216.04 562 1 1
157 359 1 219.41 370.86 1 1
157 359 1 219.41 370.86 1 1
157 454 1 217.46 468.55 1 1
158 439 1 219.74 453.68 1 1
159 432 1 220.32 446.81 1 1
161 610 1 219.78 634.74 1 1
163 32 1 229.53 33.668 1 1
165 241 1 229.64 247.97 1 1
167 441 1 228.98 455.3 1 1
168 262 1 232.74 268.91 1 1
168 262 1 232.74 268.91 1 1
175 158 1 241.62 162.87 1 1
175 177 1 241.71 182.43 1 1
179 568 1 241.72 589.44 1 1
180 126 1 248.56 130.62 1 1
181 227 1 247.95 234.76 1 1
184 238 1 252.71 246.19 1 1
184 84 1 253.24 89.157 1 1
190 562 1 254.47 583.3 1 1
197 140 1 267.12 146.74 1 1
205 51 1 276.96 56.769 1 1
207 383 1 274.66 396.08 1 1
211 266 1 280.8 275.7 1 1
212 655 1 277.58 680.86 1 1
214 182 1 285.15 189.64 1 1
218 141 1 289.34 149.3 1 1
12 295 1 50.865 295.72 1 1
13 158 1 53.28 152.87 1 1
16 488 1 51.345 503.03 1 1
16 531 1 49.757 550.55 1 1
21 185 1 62.203 181.13 1 1
24 320 1 62.978 323.94 1 1
34 547 1 71.413 567.13 1 1
34 272 1 76.699 273.76 1 1
44 261 1 87.993 262.33 1 1
44 161 1 91.588 157.13 1 1
47 504 1 86.004 521.49 1 1
51 169 1 97.481 166.41 1 1
52 308 1 96.465 312.75 1 1
54 246 1 100.87 247.2 1 1
58 229 1 105.27 229.39 1 1
61 197 1 110.26 195.89 1 1
66 277 1 113.3 279.64 1 1
66 440 1 111.68 452.46 1 1
68 215 1 116.95 215.34 1 1
69 306 1 118.43 311.36 1 1
72 297 1 120.52 301.57 1 1
72 494 1 116.31 510.27 1 1
76 118 1 128.73 114.78 1 1
82 173 1 134.8 174.13 1 1
83 154 1 136.07 153.27 1 1
89 427 1 138.44 439.77 1 1
89 647 1 135.34 674.48 1 1
106 53 1 164.11 49.625 1 1
110 422 1 162.58 434.87 1 1
115 280 1 171.17 286.17 1 1
116 288 1 172.05 294.71 1 1
128 554 1 182.48 575.01 1 1
132 126 1 192.85 127.4 1 1
145 520 1 202.68 539.06 1 1
150 73 1 213.54 74.134 1 1
158 150 1 223.46 154.31 1 1
159 35 1 225.51 35.768 1 1
162 313 1 225.32 322.71 1 1
163 520 1 223.62 539.01 1 1
170 565 1 230.74 585.85 1 1
170 565 1 230.74 585.85 1 1
171 432 1 233.95 446.03 1 1
173 240 1 239.26 247.23 1 1
173 240 1 239.26 247.23 1 1
175 420 1 238.27 433.88 1 1
179 20 1 247.84 22.951 1 1
180 429 1 243.69 444.14 1 1
182 300 1 247.46 310.27 1 1
182 300 1 247.46 310.27 1 1
187 430 1 252.72 444.85 1 1
189 597 1 253.52 620.35 1 1
190 155 1 257.86 162.76 1 1
191 206 1 259.55 213.92 1 1
193 281 1 261.16 289.55 1 1
198 450 1 264.32 465.95 1 1
203 506 1 269.26 522.6 1 1
228 305 1 299.61 317.27 1 1
7 547 1 38.331 567.01 1 1
9 117 1 50.153 109.1 1 1
12 525 1 44.848 543.01 1 1
13 442 1 47.647 453.41 1 1
16 350 1 53.802 356.02 1 1
20 312 1 59.204 315.45 1 1
20 456 1 56.276 469.16 1 1
23 37 1 67.996 26.285 1 1
24 349 1 62.49 355.12 1 1
25 73 1 69.265 63.511 1 1
32 62 1 78.611 52.965 1 1
37 587 1 73.321 610.71 1 1
49 598 1 88.404 622.57 1 1
50 521 1 89.996 538.74 1 1
57 486 1 99.924 501.85 1 1
58 547 1 99.336 568.09 1 1
60 45 1 110.34 37.807 1 1
68 631 1 110.19 657.52 1 1
83 380 1 132.1 388.51 1 1
87 134 1 140.47 132.67 1 1
87 310 1 137.57 315.99 1 1
102 265 1 155.67 270.07 1 1
102 567 1 151.35 588.01 1 1
102 546 1 152.54 566.14 1 1
103 633 1 151 659.61 1 1
106 360 1 160 368.92 1 1
106 530 1 157.1 549.17 1 1
112 100 1 170.64 99.663 1 1
113 264 1 170.68 269 1 1
119 383 1 174.47 394.86 1 1
121 338 1 177.55 346.58 1 1
121 580 1 173.89 603.12 1 1
122 532 1 175.13 551.39 1 1
128 594 1 180.83 617.84 1 1
130 428 1 186.18 441.06 1 1
131 363 1 189.19 372.65 1 1
137 116 1 198.51 117.01 1 1
137 116 1 198.51 117.01 1 1
138 335 1 197.49 344.42 1 1
141 404 1 199.31 417.04 1 1
142 330 1 202.36 338.95 1 1
144 557 1 201.62 577.96 1 1
146 642 1 201.76 668.35 1 1
155 546 1 214.21 566.65 1 1
159 354 1 221.25 364.44 1 1
164 333 1 227.55 343.27 1 1
167 339 1 230.55 349.78 1 1
183 225 1 250.47 232.34 1 1
186 210 1 254.24 217.2 1 1
190 296 1 256.78 306.89 1 1
199 213 1 269.17 221.24 1 1
216 108 1 288.1 114.89 1 1
227 154 1 299.82 162.9 1 1
228 358 1 298.87 370.46 1 1
8 279 1 45.103 279.17 1 1
12 554 1 44.037 574.79 1 1
14 42 1 57.885 31.312 1 1
34 76 1 79.086 67.254 1 1
55 368 1 99.339 377.66 1 1
56 345 1 101.05 352.49 1 1
71 344 1 119.14 350.73 1 1
73 550 1 117.98 570.33 1 1
78 326 1 128.16 332.52 1 1
80 197 1 130.35 197.56 1 1
82 209 1 134.57 210.61 1 1
88 508 1 136.13 526.02 1 1
90 651 1 135.78 678.76 1 1
95 267 1 149.34 271.34 1 1
98 473 1 148.74 488.53 1 1
105 354 1 158.22 363.27 1 1
107 466 1 158.96 480.85 1 1
111 592 1 162.06 615.87 1 1
121 447 1 176.64 460.9 1 1
122 465 1 176.65 480.19 1 1
122 492 1 176.6 508.77 1 1
122 602 1 174.48 626.29 1 1
122 556 1 175.66 576.93 1 1
125 257 1 184.34 262.65 1 1
125 381 1 181.95 392.7 1 1
127 118 1 187.36 119.03 1 1
132 208 1 192.34 211.83 1 1
133 396 1 191 407.73 1 1
145 423 1 203.96 436.35 1 1
147 485 1 204.77 501.48 1 1
154 357 1 215.91 368.89 1 1
161 239 1 225.15 245.96 1 1
162 490 1 223.24 506.24 1 1
162 273 1 226.1 281.1 1 1
172 263 1 236.83 270.98 1 1
189 475 1 254.6 492.44 1 1
191 493 1 256.25 510.76 1 1
199 119 1 269.11 125.57 1 1
202 329 1 270.54 340.39 1 1
209 140 1 280.35 147.01 1 1
212 486 1 279.75 503.11 1 1
223 468 1 292.43 484.85 1 1
223 272 1 294.61 282.98 1 1
224 42 1 297.63 49.094 1 1
229 468 1 298.53 484.42 1 1
10 142 1 50.321 134.42 1 1
10 104 1 51.41 94.973 1 1
11 66 1 53.076 54.766 1 1
25 478 1 61.834 492.4 1 1
49 437 1 90.342 449.63 1 1
49 333 1 93.391 338.12 1 1
62 273 1 108.8 276.59 1 1
68 512 1 111.71 529.9 1 1
68 469 1 113.31 484.06 1 1
72 198 1 121.62 197.07 1 1
92 341 1 142.82 349.06 1 1
94 371 1 146.25 380.6 1 1
95 605 1 141.62 628.96 1 1
97 320 1 150.09 326.88 1 1
106 511 1 157.49 529.3 1 1
113 505 1 165.93 522.03 1 1
114 365 1 169.13 373.48 1 1
126 387 1 182.7 398.08 1 1
126 337 1 183.59 346.4 1 1
134 416 1 191.79 428.19 1 1
134 416 1 191.79 428.19 1 1
136 426 1 194.25 439.29 1 1
138 303 1 197.38 310.92 1 1
140 342 1 199.51 351.87 1 1
142 501 1 199.22 518.35 1 1
148 129 1 211.78 132.16 1 1
150 257 1 212.37 262.89 1 1
154 334 1 215.93 343.68 1 1
187 113 1 255.68 118.83 1 1
193 430 1 258.47 445.03 1 1
193 430 1 258.47 445.03 1 1
199 470 1 264.86 486.42 1 1
221 164 1 293.47 172.3 1 1
221 164 1 293.47 172.3 1 1
223 468 1 292.43 484.85 1 1
13 205 1 52.67 201.71 1 1
15 224 1 53.905 221.79 1 1
15 224 1 53.905 221.79 1 1
17 487 1 51.345 503.03 1 1
20 243 1 59.306 242.08 1 1
20 243 1 59.306 242.08 1 1
26 301 1 66.482 303.46 1 1
26 301 1 66.482 303.46 1 1
29 456 1 66.735 468.96 1 1
31 108 1 75.488 100.91 1 1
31 282 1 73.528 283.76 1 1
40 200 1 84.593 198.56 1 1
42 319 1 84.018 323.47 1 1
46 191 1 92.246 189.05 1 1
46 191 1 92.246 189.05 1 1
53 122 1 100.76 117.07 1 1
53 122 1 100.76 117.07 1 1
59 378 1 104.26 385.85 1 1
63 36 1 113.9 28.608 1 1
66 276 1 113.3 279.64 1 1
66 440 1 111.68 452.46 1 1
67 482 1 111.65 496.89 1 1
68 226 1 116.51 227.2 1 1
69 62 1 120.9 55.94 1 1
68 89 1 120.16 84.709 1 1
68 89 1 120.16 84.709 1 1
69 109 1 120.63 105.44 1 1
69 33 1 122.07 26.318 1 1
72 80 1 124.54 74.786 1 1
79 165 1 129.76 164.41 1 1
85 106 1 140.61 103.22 1 1
91 58 1 146.33 54.193 1 1
93 28 1 149.51 23.474 1 1
93 28 1 149.51 23.474 1 1
96 314 1 149.1 321.31 1 1
105 45 1 164.01 41.297 1 1
104 54 1 160.62 51.671 1 1
105 92 1 162.43 90.463 1 1
108 300 1 164.45 306.32 1 1
114 71 1 173.38 69.421 1 1
119 158 1 178.52 159.6 1 1
119 198 1 177.56 201.72 1 1
123 108 1 182.93 108.07 1 1
124 268 1 182.63 274.4 1 1
126 137 1 186.17 138.66 1 1
129 87 1 190.49 87.476 1 1
129 197 1 189.28 200.85 1 1
130 255 1 190.25 260.37 1 1
130 277 1 189.71 283.54 1 1
130 277 1 189.71 283.54 1 1
132 288 1 191.86 294.37 1 1
137 410 1 195.39 423.19 1 1
140 17 1 203.95 16.606 1 1
141 75 1 204.47 75.682 1 1
142 114 1 204.45 116.39 1 1
142 194 1 203.47 198.53 1 1
142 194 1 203.47 198.53 1 1
144 124 1 206.93 126.42 1 1
150 45 1 213.77 45.617 1 1
152 35 1 217.14 35.739 1 1
151 124 1 215.1 126.67 1 1
155 24 1 220.38 24.623 1 1
166 40 1 233.09 42.603 1 1
166 40 1 233.09 42.603 1 1
166 40 1 233.09 42.603 1 1
167 70 1 233.5 72.116 1 1
170 531 1 231.6 549.7 1 1
170 60 1 237.1 63.054 1 1
172 161 1 238.25 166.24 1 1
180 58 1 248.96 61.121 1 1
180 429 1 243.69 444.14 1 1
182 114 1 250.69 118.35 1 1
186 108 1 255.44 112.88 1 1
187 430 1 252.72 444.85 1 1
190 36 1 260.2 40.01 1 1
193 187 1 261.77 194.23 1 1
195 16 1 266.19 19.462 1 1
196 176 1 264.72 183.38 1 1
198 92 1 267.67 97.751 1 1
198 114 1 269.03 120.58 1 1
203 123 1 274.44 129.36 1 1
209 131 1 279.94 139.33 1 1
209 194 1 279.59 202.9 1 1
209 234 1 279.88 243.4 1 1
210 495 1 277.31 512.87 1 1
212 276 1 281.55 286.65 1 1
221 103 1 294.58 110.61 1 1
228 306 1 299.61 317.27 1 1
233 511 1 302.83 530.02 1 1
17 167 1 57.397 162.99 1 1
17 273 1 54.879 273.84 1 1
17 273 1 54.879 273.84 1 1
20 214 1 61.405 211.22 1 1
22 194 1 62.725 191.04 1 1
24 508 1 59.65 524.43 1 1
25 81 1 68.889 72.077 1 1
25 571 1 59.286 592.75 1 1
25 529 1 61.092 547.65 1 1
32 183 1 76.377 180.07 1 1
32 183 1 76.377 180.07 1 1
32 183 1 76.377 180.07 1 1
35 145 1 81.113 140.26 1 1
36 163 1 81.294 158.73 1 1
37 221 1 80.291 219.66 1 1
38 604 1 75.122 628.91 1 1
41 290 1 83.017 292.58 1 1
41 432 1 81.146 444.16 1 1
43 171 1 88.074 168.07 1 1
42 309 1 85.61 313.24 1 1
42 453 1 82.348 465.82 1 1
44 115 1 91.362 109.28 1 1
44 151 1 90.605 146.86 1 1
44 210 1 90.154 208.27 1 1
45 229 1 89.232 228.38 1 1
49 258 1 94.481 259.6 1 1
48 527 1 88.58 545.57 1 1
50 238 1 95.468 239.04 1 1
50 238 1 95.468 239.04 1 1
50 279 1 95.963 281.38 1 1
50 318 1 94.629 323.15 1 1
50 506 1 91.107 523.1 1 1
50 506 1 91.107 523.1 1 1
50 297 1 94.252 301.16 1 1
51 570 1 90.15 591.48 1 1
51 548 1 91.759 568.38 1 1
51 548 1 91.759 568.38 1 1
54 64 1 102.33 57.788 1 1
54 64 1 102.33 57.788 1 1
54 102 1 102.48 97.025 1 1
54 180 1 100.95 177.52 1 1
55 604 1 95.399 628.47 1 1
56 26 1 105.19 18.452 1 1
56 46 1 105.66 38.537 1 1
56 46 1 105.66 38.537 1 1
60 111 1 109.42 106.84 1 1
61 286 1 109.24 289.4 1 1
61 306 1 107.67 310.85 1 1
67 316 1 114.57 321.67 1 1
67 316 1 114.57 321.67 1 1
70 177 1 120.75 177.36 1 1
78 41 1 132.8 34.841 1 1
79 204 1 131.02 204.33 1 1
82 134 1 134.92 132.3 1 1
82 284 1 133.42 288.47 1 1
85 68 1 141.1 63.45 1 1
87 86 1 140.53 82.897 1 1
88 202 1 141.88 203.11 1 1
90 115 1 144.14 112.64 1 1
90 115 1 144.14 112.64 1 1
92 303 1 144.79 308.83 1 1
92 47 1 149.01 42.435 1 1
93 143 1 147.36 142.22 1 1
93 95 1 149.39 92.245 1 1
93 163 1 147.86 162.57 1 1
93 163 1 147.86 162.57 1 1
103 55 1 160.62 51.671 1 1
103 102 1 160.51 100.52 1 1
103 151 1 157.9 151.11 1 1
106 321 1 161.17 328.41 1 1
109 412 1 162.54 424.58 1 1
109 140 1 167.02 139.97 1 1
111 43 1 171.02 40.614 1 1
116 100 1 174.57 99.599 1 1
118 188 1 176.79 190.57 1 1
319 531 1 352.41 553.01 1 2
468 238 1 453.37 261.9 1 2
472 437 1 453.2 460.73 1 2
440 241 1 430.96 263.32 1 2
453 499 1 440.28 523.22 1 2
455 368 1 441.28 391.7 1 2
459 238 1 443.2 261.39 1 2
462 354 1 444.91 377.91 1 2
470 541 1 451.33 565.8 1 2
375 448 1 391.83 468.73 1 2
375 464 1 392.25 485.5 1 2
376 472 1 393 493.28 1 2
422 459 1 421.27 481.28 1 2
438 426 1 432.72 451.37 1 2
467 341 1 449.52 364.49 1 2
468 378 1 450.38 401.86 1 2
466 269 1 450.37 292.59 1 2
267 451 1 325.46 469.05 1 2
372 592 1 387.93 617.57 1 2
425 313 1 422.74 334.08 1 2
466 258 1 450.72 281.67 1 2
239 91 1 307.72 100.52 1 2
306 330 1 348.96 347.06 1 2
372 592 1 387.93 617.57 1 2
385 299 1 398.32 318.75 1 2
419 395 1 419.54 418.31 1 2
264 418 1 323.98 435.22 1 2
320 454 1 353.25 473.57 1 2
325 418 1 359.56 436.31 1 2
343 193 1 372.24 210.28 1 2
372 424 1 389.72 444.78 1 2
377 513 1 393.1 535.32 1 2
377 521 1 393.73 544.01 1 2
379 545 1 394.79 569.2 1 2
379 570 1 394.72 595.22 1 2
423 121 1 420.98 141.82 1 2
456 430 1 441.84 454.98 1 2
467 247 1 451.52 270.19 1 2
469 350 1 451.17 373.19 1 2
469 367 1 450.71 390.19 1 2
471 390 1 452.97 413.01 1 2
358 241 1 381.56 258.61 1 2
423 201 1 421.23 221.75 1 2
423 201 1 421.23 221.75 1 2
233 19 1 302.85 26.607 1 2
264 221 1 323.03 232.98 1 2
266 166 1 324.22 177.98 1 2
300 249 1 345.57 263.27 1 2
300 249 1 345.57 263.27 1 2
313 180 1 353.54 194.22 1 2
325 221 1 360.7 235.96 1 2
330 422 1 364.97 440.68 1 2
400 154 1 407.08 174.61 1 2
402 384 1 409.17 405.09 1 2
235 350 1 305.32 362.67 1 2
457 260 1 442.27 283.39 1 2
236 371 1 305.83 384.76 1 2
352 88 1 377.82 104.9 1 2
401 397 1 407.81 418.45 1 2
409 285 1 411.82 303.78 1 2
250 163 1 314.51 174.25 1 2
280 160 1 332.93 173.46 1 2
324 259 1 360.43 272.37 1 2
427 210 1 423.97 230.89 1 2
440 437 1 432.34 458.42 1 2
468 271 1 452.31 293.83 1 2
469 303 1 452.9 326.83 1 2
335 334 1 366.77 350.27 1 2
408 435 1 412.83 454.17 1 2
365 86 1 385.9 105.46 1 2
314 187 1 354.47 202.18 1 2
448 427 1 437.71 451.71 1 2
232 41 1 302.41 48.102 1 2
232 136 1 304.12 147.22 1 2
236 238 1 306.27 249.17 1 2
313 271 1 353.8 286.64 1 2
313 271 1 353.8 286.64 1 2
414 395 1 416.9 418.17 1 2
448 242 1 436.34 264.3 1 2
462 488 1 446.59 512.06 1 2
263 232 1 322.79 246.35 1 2
408 435 1 412.83 454.17 1 2
380 342 1 395.52 363.04 1 2
380 342 1 395.52 363.04 1 2
451 217 1 438.05 237.83 1 2
243 276 1 310.86 290.36 1 2
339 308 1 370.1 326.51 1 2
468 238 1 453.37 261.9 1 3
472 437 1 453.2 460.73 1 3
485 490 1 465.95 514.35 1 3
489 347 1 472.27 370.98 1 3
508 388 1 491.36 412.64 1 3
513 244 1 498.85 270.24 1 3
515 562 1 496.17 588.75 1 3
516 362 1 499.84 386.8 1 3
536 320 1 520.56 345.67 1 3
537 241 1 522.72 268.36 1 3
537 241 1 522.72 268.36 1 3
557 428 1 540.63 453.54 1 3
565 333 1 550.26 359.44 1 3
566 311 1 551.03 338.38 1 3
566 311 1 551.03 338.38 1 3
576 374 1 560.98 400.82 1 3
592 283 1 577.49 311.46 1 3
459 238 1 443.2 261.39 1 3
473 238 1 458.66 261.6 1 3
476 348 1 459.09 371.71 1 3
478 441 1 460.89 465.42 1 3
488 453 1 469.45 478.26 1 3
493 441 1 474.87 465.12 1 3
495 464 1 477.53 489.08 1 3
499 477 1 480.88 501.75 1 3
501 446 1 483.97 470.93 1 3
502 458 1 483.45 483.22 1 3
506 507 1 486.88 532.23 1 3
506 507 1 486.88 532.23 1 3
507 440 1 489.76 464.74 1 3
507 440 1 489.76 464.74 1 3
509 525 1 489.57 550.93 1 3
509 525 1 489.57 550.93 1 3
523 333 1 507.9 357.74 1 3
523 333 1 507.9 357.74 1 3
526 320 1 510.24 345.4 1 3
528 337 1 513 362.53 1 3
529 373 1 512.11 398.22 1 3
530 248 1 516.26 274.85 1 3
535 342 1 519.89 368.17 1 3
540 418 1 522.59 443.62 1 3
563 357 1 547.08 383.85 1 3
565 345 1 550.17 371.46 1 3
567 351 1 552.11 377.36 1 3
571 375 1 555.87 400.97 1 3
583 349 1 567.03 376.2 1 3
586 337 1 570.41 364.39 1 3
587 373 1 571.12 400.17 1 3
588 295 1 572.37 323.42 1 3
593 372 1 577.64 399.2 1 3
601 439 1 585.02 465.29 1 3
601 439 1 585.02 465.29 1 3
602 420 1 585.42 445.89 1 3
467 341 1 449.52 364.49 1 3
468 378 1 450.38 401.86 1 3
474 280 1 458.7 303.53 1 3
474 280 1 458.7 303.53 1 3
474 291 1 458.43 314.94 1 3
474 454 1 454.83 478.29 1 3
477 315 1 460.73 338.57 1 3
477 383 1 458.94 406.81 1 3
477 383 1 458.94 406.81 1 3
477 246 1 461.81 270.09 1 3
479 502 1 459.78 527.26 1 3
480 466 1 461.43 490.28 1 3
484 552 1 463.98 578.74 1 3
485 353 1 467.93 376.74 1 3
489 320 1 472.44 343.62 1 3
489 320 1 472.44 343.62 1 3
490 496 1 471.2 520.81 1 3
491 520 1 471.07 545.31 1 3
493 545 1 473.04 571.09 1 3
494 389 1 476.39 413.01 1 3
494 476 1 475.68 501.26 1 3
495 352 1 478.47 376.44 1 3
496 234 1 481.58 259.25 1 3
497 489 1 478.73 514.31 1 3
497 513 1 476.76 538.88 1 3
498 364 1 481.21 388.2 1 3
498 526 1 479.52 551.38 1 3
499 501 1 480.61 526.46 1 3
504 482 1 485.18 507.28 1 3
504 334 1 487.96 358.38 1 3
504 345 1 488.13 369.72 1 3
506 357 1 488.67 381.46 1 3
507 322 1 491.72 346.72 1 3
507 322 1 491.72 346.72 1 3
508 489 1 489.25 513.8 1 3
508 532 1 489.24 557.49 1 3
509 519 1 490.23 544.18 1 3
511 488 1 492.14 513.51 1 3
512 339 1 495.76 363.4 1 3
512 339 1 495.76 363.4 1 3
512 432 1 494.22 456.38 1 3
515 350 1 499.43 374.85 1 3
515 350 1 499.43 374.85 1 3
523 343 1 507.6 367.89 1 3
523 343 1 507.6 367.89 1 3
533 385 1 516.05 410.11 1 3
535 366 1 519.67 391.28 1 3
535 366 1 519.67 391.28 1 3
537 354 1 521.76 379.46 1 3
546 347 1 530.59 372.99 1 3
547 359 1 531.12 384.65 1 3
547 359 1 531.12 384.65 1 3
547 371 1 531.13 396.41 1 3
554 364 1 537.36 389.7 1 3
554 352 1 538.81 378.28 1 3
555 340 1 539.83 366.16 1 3
557 346 1 541.74 372.17 1 3
567 363 1 551.28 389.29 1 3
569 327 1 553.13 354.35 1 3
572 427 1 556 453.12 1 3
575 368 1 559.6 395.08 1 3
576 356 1 561.06 382.4 1 3
576 356 1 561.06 382.4 1 3
581 446 1 563.6 471.75 1 3
582 459 1 565.32 484.73 1 3
585 325 1 569.68 352.77 1 3
585 496 1 567.83 522.09 1 3
588 477 1 570.63 502.84 1 3
588 490 1 570.95 515.59 1 3
588 490 1 570.95 515.59 1 3
588 547 1 570.27 572.97 1 3
589 349 1 573.31 375.99 1 3
589 515 1 571.25 540.76 1 3
592 331 1 575.91 358.51 1 3
591 502 1 573.68 527.92 1 3
591 502 1 573.68 527.92 1 3
593 317 1 577.27 345.09 1 3
593 317 1 577.27 345.09 1 3
600 451 1 583.6 477.22 1 3
466 269 1 450.37 292.59 1 3
479 285 1 463.01 309.53 1 3
482 518 1 461.59 543.81 1 3
483 556 1 462.68 582.59 1 3
483 556 1 462.68 582.59 1 3
507 415 1 489.31 440.1 1 3
507 326 1 492.41 350.69 1 3
514 451 1 496.14 475.77 1 3
516 243 1 501.96 268.95 1 3
517 381 1 499.91 405.77 1 3
521 246 1 507.22 272.63 1 3
528 317 1 513.54 342.99 1 3
535 251 1 520.69 277.3 1 3
539 239 1 525.28 266.27 1 3
551 232 1 537.88 258.98 1 3
579 291 1 564.84 318.13 1 3
588 321 1 572.33 348.24 1 3
599 300 1 584.27 327.78 1 3
599 300 1 584.27 327.78 1 3
466 258 1 450.72 281.67 1 3
471 241 1 456.4 264.69 1 3
476 320 1 458.91 343.48 1 3
477 242 1 462.51 265.86 1 3
480 371 1 462.59 394.66 1 3
480 371 1 462.59 394.66 1 3
483 241 1 467.84 264.41 1 3
490 386 1 471.86 410.16 1 3
498 249 1 483.19 273.72 1 3
504 353 1 487.48 377.56 1 3
504 374 1 487.54 398.85 1 3
506 551 1 486.73 577.18 1 3
510 248 1 494.84 273.23 1 3
512 401 1 495.05 425.07 1 3
528 503 1 509.81 528.56 1 3
530 527 1 510.93 553.39 1 3
531 294 1 516 319.47 1 3
542 521 1 523.73 546.6 1 3
543 416 1 526.79 441.83 1 3
555 374 1 539.16 400.26 1 3
556 542 1 537.81 567.69 1 3
557 230 1 543.5 258.12 1 3
561 433 1 544.48 458.57 1 3
563 367 1 546.97 392.92 1 3
581 306 1 565.97 333.43 1 3
585 395 1 569.45 421.68 1 3
587 227 1 573.31 256.74 1 3
587 227 1 573.31 256.74 1 3
587 243 1 572.94 272.61 1 3
587 435 1 570.82 461.31 1 3
595 259 1 580.37 287.92 1 3
595 259 1 580.37 287.92 1 3
472 263 1 456.69 286.61 1 3
494 411 1 476.3 435.6 1 3
494 335 1 477.66 358.82 1 3
498 260 1 483.75 284.4 1 3
499 271 1 484.43 295.72 1 3
499 271 1 484.43 295.72 1 3
500 282 1 484.22 307.27 1 3
500 282 1 484.22 307.27 1 3
501 294 1 485.21 318.65 1 3
501 294 1 485.21 318.65 1 3
507 315 1 491.54 339.86 1 3
507 315 1 491.54 339.86 1 3
511 263 1 496.48 288.83 1 3
511 263 1 496.48 288.83 1 3
512 275 1 496.73 300.51 1 3
512 275 1 496.73 300.51 1 3
513 298 1 497.87 323.23 1 3
513 298 1 497.87 323.23 1 3
513 310 1 497.75 334.97 1 3
513 310 1 497.75 334.97 1 3
522 493 1 503.13 519.07 1 3
522 506 1 503.54 531.78 1 3
524 280 1 508.98 305.44 1 3
524 280 1 508.98 305.44 1 3
525 452 1 507.7 477.31 1 3
525 302 1 510.42 327.83 1 3
527 490 1 509.17 515.65 1 3
530 426 1 513.16 451.54 1 3
531 438 1 513.29 462.97 1 3
531 438 1 513.29 462.97 1 3
535 261 1 520.92 287 1 3
535 261 1 520.92 287 1 3
537 441 1 519.6 465.81 1 3
537 295 1 522.22 321.6 1 3
537 295 1 522.22 321.6 1 3
541 501 1 522.69 526.46 1 3
545 479 1 527.26 505.1 1 3
547 492 1 528.74 517.63 1 3
547 492 1 528.74 517.63 1 3
547 504 1 529.17 530.1 1 3
550 321 1 535.24 347.42 1 3
550 321 1 535.24 347.42 1 3
551 477 1 533.64 502.39 1 3
554 368 1 537.99 394.17 1 3
557 472 1 539.58 497.96 1 3
557 557 1 538.48 583.33 1 3
557 557 1 538.48 583.33 1 3
559 258 1 544.64 285.19 1 3
560 510 1 541.81 535.89 1 3
562 439 1 544.8 464.22 1 3
562 439 1 544.8 464.22 1 3
562 304 1 547.33 331.36 1 3
562 304 1 547.33 331.36 1 3
566 386 1 550.55 412.03 1 3
567 520 1 549.11 545.61 1 3
571 250 1 556.81 278.29 1 3
572 262 1 557.83 289.72 1 3
591 234 1 576.8 264.4 1 3
605 389 1 588.88 415.68 1 3
467 247 1 451.52 270.19 1 3
469 350 1 451.17 373.19 1 3
469 367 1 450.71 390.19 1 3
471 390 1 452.97 413.01 1 3
472 268 1 456.43 292.11 1 3
472 268 1 456.43 292.11 1 3
475 325 1 457.85 348.58 1 3
480 342 1 463.11 365.38 1 3
480 342 1 463.11 365.38 1 3
484 296 1 467.9 320.18 1 3
487 266 1 472.11 290.55 1 3
487 266 1 472.11 290.55 1 3
499 254 1 484.37 278.51 1 3
507 452 1 488.8 476.58 1 3
511 374 1 493.98 399.17 1 3
513 327 1 498.66 351.48 1 3
512 551 1 492.34 576.69 1 3
513 304 1 497.75 329.21 1 3
519 368 1 501.79 392.88 1 3
519 368 1 501.79 392.88 1 3
525 285 1 509.61 311.09 1 3
533 385 1 516.05 410.11 1 3
535 255 1 520.82 281.47 1 3
536 266 1 521.45 292.63 1 3
536 266 1 521.45 292.63 1 3
537 278 1 522.41 304.18 1 3
544 383 1 527.6 408.93 1 3
550 382 1 534.24 408.44 1 3
555 328 1 539.39 354.27 1 3
555 328 1 539.39 354.27 1 3
593 379 1 576.96 406.05 1 3
595 470 1 578.1 495.9 1 3
600 385 1 584.24 412.01 1 3
480 538 1 460.33 564.31 1 3
484 284 1 468.1 308.39 1 3
490 370 1 472.25 393.85 1 3
498 434 1 480.04 458.28 1 3
500 277 1 484.48 301.53 1 3
501 288 1 484.99 312.98 1 3
501 300 1 485.4 324.43 1 3
502 311 1 485.9 335.95 1 3
511 258 1 496.03 283.3 1 3
511 269 1 496.39 294.81 1 3
513 293 1 497.29 317.73 1 3
514 315 1 498.42 340.57 1 3
518 438 1 500.62 463.33 1 3
519 450 1 501.3 475.59 1 3
519 450 1 501.3 475.59 1 3
521 475 1 502.15 500.1 1 3
521 487 1 502.74 512.62 1 3
523 251 1 508.44 276.53 1 3
522 499 1 503.46 524.89 1 3
523 512 1 503.83 537.42 1 3
524 524 1 504.47 549.85 1 3
524 537 1 505.02 562.67 1 3
525 308 1 510.85 333.9 1 3
530 431 1 513.22 456.74 1 3
531 444 1 513.39 468.87 1 3
533 480 1 515.1 505.48 1 3
534 493 1 516.1 518.07 1 3
535 517 1 516.88 542.87 1 3
535 517 1 516.88 542.87 1 3
536 530 1 517.59 555.45 1 3
537 542 1 518.32 568.11 1 3
538 313 1 523.14 338.73 1 3
538 555 1 519.04 581.06 1 3
543 437 1 525.58 462.02 1 3
544 449 1 526.32 474.28 1 3
545 473 1 527.25 498.73 1 3
546 486 1 527.93 511.29 1 3
547 247 1 532.43 274.61 1 3
547 247 1 532.43 274.61 1 3
547 498 1 528.79 523.68 1 3
547 259 1 532.91 286.21 1 3
547 259 1 532.91 286.21 1 3
549 535 1 530.48 561.35 1 3
549 294 1 534.45 320.57 1 3
550 306 1 535.09 332.35 1 3
550 548 1 531.49 574.5 1 3
556 454 1 539.01 479.49 1 3
559 252 1 544.27 279.49 1 3
560 504 1 541.72 529.37 1 3
560 504 1 541.72 529.37 1 3
561 287 1 546.59 313.91 1 3
561 287 1 546.59 313.91 1 3
561 528 1 543.39 554.2 1 3
562 299 1 547.15 325.58 1 3
562 541 1 544.27 567.08 1 3
563 310 1 548.17 337.01 1 3
564 554 1 544.96 580.03 1 3
567 435 1 550.66 460.47 1 3
568 447 1 551.46 472.85 1 3
569 459 1 552.2 484.95 1 3
570 471 1 553.03 497.27 1 3
571 484 1 553.48 509.94 1 3
571 244 1 557.26 272.53 1 3
571 244 1 557.26 272.53 1 3
573 268 1 558.32 295.58 1 3
573 509 1 555.57 534.9 1 3
574 291 1 559.48 318.72 1 3
574 291 1 559.48 318.72 1 3
574 521 1 556.59 547.5 1 3
575 303 1 560.19 330.38 1 3
575 534 1 557.28 560.01 1 3
588 260 1 573.7 288.3 1 3
486 407 1 468.91 431.18 1 3
528 233 1 514.46 259.75 1 3
564 228 1 550.55 256.08 1 3
483 324 1 467.15 348.6 1 3
483 532 1 463.58 558.22 1 3
488 364 1 470.45 388.27 1 3
491 376 1 473.75 400.48 1 3
498 369 1 481.6 393.22 1 3
504 259 1 488.78 284.06 1 3
504 259 1 488.78 284.06 1 3
503 340 1 487.05 364.13 1 3
505 282 1 489.83 306.79 1 3
505 293 1 489.83 318.24 1 3
505 293 1 489.83 318.24 1 3
506 305 1 490.14 329.72 1 3
506 305 1 490.14 329.72 1 3
512 333 1 496.35 357.94 1 3
516 263 1 501.05 288.48 1 3
516 263 1 501.05 288.48 1 3
533 474 1 515.52 499.14 1 3
540 249 1 525.73 275.46 1 3
540 260 1 525.65 286.72 1 3
543 306 1 527.63 332.57 1 3
543 306 1 527.63 332.57 1 3
546 365 1 530.62 390.69 1 3
546 365 1 530.62 390.69 1 3
546 352 1 530.57 377.83 1 3
549 288 1 533.81 314.8 1 3
550 300 1 534.9 326.19 1 3
551 253 1 536.93 280.02 1 3
552 334 1 537.21 360.48 1 3
558 305 1 542.56 331.55 1 3
560 436 1 543.14 461.53 1 3
560 436 1 543.14 461.53 1 3
561 293 1 546.54 319.69 1 3
561 293 1 546.54 319.69 1 3
572 503 1 554.28 528.97 1 3
572 503 1 554.28 528.97 1 3
574 285 1 558.84 312.89 1 3
574 285 1 558.84 312.89 1 3
584 331 1 569.16 358.36 1 3
608 414 1 591.28 440.45 1 3
457 260 1 442.27 283.39 1 3
496 306 1 480.27 330.53 1 3
496 317 1 481.06 341.6 1 3
498 495 1 479.02 519.98 1 3
507 276 1 492.14 300.75 1 3
508 287 1 492.53 312.37 1 3
510 310 1 494.06 335.08 1 3
516 275 1 501.38 300.13 1 3
516 275 1 501.38 300.13 1 3
517 298 1 502.05 323.15 1 3
519 244 1 504.54 270.46 1 3
519 268 1 503.95 294.04 1 3
520 303 1 505.22 328.41 1 3
520 303 1 505.22 328.41 1 3
524 444 1 505.86 469.44 1 3
524 444 1 505.86 469.44 1 3
524 444 1 505.86 469.44 1 3
524 456 1 506.39 481.17 1 3
525 469 1 506.48 493.7 1 3
525 469 1 506.48 493.7 1 3
526 481 1 507.34 506.07 1 3
526 450 1 508.91 475.24 1 3
526 450 1 508.91 475.24 1 3
527 462 1 509.36 487.4 1 3
527 493 1 508.31 518.35 1 3
527 243 1 512.58 269.19 1 3
528 255 1 513.06 281.74 1 3
528 474 1 509.74 499.35 1 3
528 267 1 513.46 293.34 1 3
529 487 1 510.52 512.21 1 3
529 531 1 509.74 556.63 1 3
530 499 1 511.47 524.4 1 3
531 523 1 512.06 549.19 1 3
531 273 1 517.03 298.69 1 3
532 284 1 517.66 310.07 1 3
533 296 1 517.69 321.49 1 3
533 296 1 517.69 321.49 1 3
533 296 1 517.69 321.49 1 3
532 548 1 513.5 574.95 1 3
536 449 1 518.29 474.27 1 3
537 474 1 519.47 498.98 1 3
537 474 1 519.47 498.98 1 3
539 443 1 521.47 468.41 1 3
539 443 1 521.47 468.41 1 3
540 511 1 521.74 536.47 1 3
542 241 1 528.16 267.72 1 3
542 253 1 527.86 280.56 1 3
541 283 1 526.4 309.35 1 3
543 265 1 528.46 292.09 1 3
544 288 1 529.66 315 1 3
544 288 1 529.66 315 1 3
548 443 1 530.85 468.02 1 3
548 443 1 530.85 468.02 1 3
551 448 1 534.19 473.55 1 3
552 460 1 534.91 486.06 1 3
552 460 1 534.91 486.06 1 3
555 554 1 536.64 580.26 1 3
555 554 1 536.64 580.26 1 3
561 448 1 543.66 473.51 1 3
561 448 1 543.66 473.51 1 3
562 460 1 544.44 485.27 1 3
563 485 1 545.77 510.62 1 3
564 257 1 549.71 284.49 1 3
564 257 1 549.71 284.49 1 3
565 268 1 550.47 296.08 1 3
565 268 1 550.47 296.08 1 3
566 238 1 552.4 266.07 1 3
566 478 1 548.68 503.88 1 3
565 510 1 547.23 535.73 1 3
567 262 1 552.71 290.27 1 3
569 274 1 554.11 301.76 1 3
568 547 1 549.77 573.72 1 3
568 547 1 549.77 573.72 1 3
570 298 1 554.81 325.04 1 3
570 298 1 554.81 325.04 1 3
570 541 1 552.12 567.1 1 3
576 250 1 561.98 278.01 1 3
581 528 1 562.72 553.61 1 3
589 355 1 573.44 382.17 1 3
600 540 1 582.39 565.94 1 3
492 259 1 476.88 283.73 1 3
493 272 1 477.65 296.07 1 3
493 283 1 478.1 307.63 1 3
512 445 1 494.34 469.7 1 3
512 458 1 493.82 482.48 1 3
514 469 1 495.91 494.12 1 3
514 494 1 495.59 519.32 1 3
515 505 1 496.44 530.8 1 3
517 530 1 498.09 556.16 1 3
518 543 1 498.94 568.98 1 3
574 440 1 557.53 466.31 1 3
577 464 1 560.36 490.2 1 3
578 490 1 560.68 515.68 1 3
579 503 1 561.79 528.86 1 3
582 541 1 564.15 566.72 1 3
468 271 1 452.31 293.83 1 3
469 303 1 452.9 326.83 1 3
531 360 1 516.13 385 1 3
551 316 1 536.53 342.58 1 3
475 400 1 457.2 422.58 1 3
503 368 1 486.8 392.03 1 3
522 423 1 504.23 448.33 1 3
543 420 1 526.12 445.83 1 3
486 444 1 468.46 467.61 1 3
509 302 1 492.81 326.84 1 3
509 302 1 492.81 326.84 1 3
544 455 1 526.23 480.13 1 3
646 227 1 595.75 260.28 1 4
652 254 1 600.74 287.36 1 4
655 330 1 603.09 360.94 1 4
659 334 1 607.08 364.66 1 4
659 342 1 607.58 372.47 1 4
659 342 1 607.58 372.47 1 4
662 245 1 611.68 278.71 1 4
663 253 1 612.13 286.53 1 4
663 253 1 612.13 286.53 1 4
663 370 1 610.03 400.55 1 4
664 253 1 612.13 286.53 1 4
664 423 1 610.29 452.36 1 4
665 387 1 612.04 416.56 1 4
665 387 1 612.04 416.56 1 4
666 457 1 611.76 486.03 1 4
666 293 1 614.12 325.04 1 4
666 293 1 614.12 325.04 1 4
666 285 1 614.63 317.49 1 4
668 309 1 615.32 340.34 1 4
668 366 1 615.01 395.88 1 4
668 471 1 613.2 499.15 1 4
670 466 1 614.82 494.68 1 4
671 390 1 617.27 419.97 1 4
672 189 1 621.98 224.79 1 4
672 189 1 621.98 224.79 1 4
673 470 1 618.3 498.43 1 4
674 479 1 619.35 506.89 1 4
675 496 1 619.33 523.9 1 4
676 386 1 622.82 415.79 1 4
676 504 1 621.6 532.76 1 4
679 438 1 624.28 467.68 1 4
680 461 1 624.5 490.18 1 4
680 500 1 624.36 528.17 1 4
681 372 1 627.27 402.96 1 4
682 508 1 626.47 536.56 1 4
682 381 1 629.03 411.07 1 4
683 398 1 628.75 427.89 1 4
684 469 1 628.99 497.47 1 4
686 360 1 632.39 391.16 1 4
686 487 1 630.39 515.01 1 4
687 465 1 632.37 493.8 1 4
687 495 1 631.26 523.65 1 4
690 491 1 634.85 519.01 1 4
690 491 1 634.85 519.01 1 4
695 397 1 640.02 426.96 1 4
699 455 1 643.65 484.17 1 4
702 215 1 650.13 251.7 1 4
702 215 1 650.13 251.7 1 4
707 451 1 650.92 479.99 1 4
715 521 1 657.33 548.65 1 4
716 361 1 661.54 393.29 1 4
716 361 1 661.54 393.29 1 4
717 369 1 661.27 401.02 1 4
721 461 1 664.26 489.95 1 4
721 461 1 664.26 489.95 1 4
721 461 1 664.26 489.95 1 4
740 359 1 684.03 391.55 1 4
741 272 1 685.71 307.74 1 4
741 367 1 684.92 399.22 1 4
742 458 1 684.8 487.14 1 4
743 392 1 687.2 424.1 1 4
745 493 1 687.03 521.75 1 4
745 493 1 687.03 521.75 1 4
745 346 1 689.78 378.78 1 4
746 501 1 687.79 530.17 1 4
747 453 1 689.28 482.64 1 4
747 453 1 689.28 482.64 1 4
747 371 1 691.23 402.94 1 4
748 492 1 690.55 521.42 1 4
750 462 1 691.74 491.42 1 4
749 484 1 691.45 512.87 1 4
750 388 1 692.92 419.32 1 4
750 510 1 691.56 538.87 1 4
752 497 1 693.16 525.76 1 4
751 501 1 692.68 530.11 1 4
751 501 1 692.68 530.11 1 4
754 414 1 696.55 444.98 1 4
754 452 1 695.52 482.64 1 4
754 452 1 695.52 482.64 1 4
756 439 1 697.38 469.89 1 4
757 497 1 698.6 525.63 1 4
765 470 1 705.98 499.65 1 4
645 215 1 595.37 248.87 1 4
647 148 1 597.73 183.82 1 4
649 219 1 598.92 253.38 1 4
654 294 1 602.67 325.83 1 4
654 214 1 605.23 247.59 1 4
656 302 1 604.35 333.71 1 4
656 318 1 603.84 349.14 1 4
656 318 1 603.84 349.14 1 4
658 326 1 605.18 356.74 1 4
661 277 1 609.04 308.88 1 4
661 409 1 607.14 437.9 1 4
662 297 1 610.36 329.31 1 4
664 313 1 611.58 344.59 1 4
666 213 1 615.54 247.53 1 4
668 325 1 615.52 356.25 1 4
670 483 1 614.63 511.11 1 4
670 374 1 616.83 403.76 1 4
670 374 1 616.83 403.76 1 4
670 444 1 615.47 472.98 1 4
670 491 1 615.33 519.48 1 4
671 357 1 618.57 387.42 1 4
672 382 1 618.03 412.17 1 4
672 399 1 618.59 428.57 1 4
677 513 1 621.08 540.97 1 4
677 521 1 621.62 549.35 1 4
677 521 1 621.62 549.35 1 4
678 177 1 627.25 213.3 1 4
678 177 1 627.25 213.3 1 4
678 394 1 623.94 423.95 1 4
681 389 1 627.63 419.39 1 4
687 368 1 633.51 398.87 1 4
687 368 1 633.51 398.87 1 4
689 482 1 633.67 510.6 1 4
689 384 1 634.47 414.56 1 4
690 376 1 635.67 406.84 1 4
690 376 1 635.67 406.84 1 4
690 393 1 635.25 423.12 1 4
693 516 1 636.49 544.41 1 4
694 388 1 640.36 418.52 1 4
698 367 1 643.95 398.15 1 4
698 367 1 643.95 398.15 1 4
699 375 1 643.59 405.96 1 4
699 375 1 643.59 405.96 1 4
700 392 1 645.72 422.58 1 4
701 383 1 646.35 414.04 1 4
703 207 1 650.33 243.76 1 4
703 400 1 647.63 430.58 1 4
703 400 1 647.63 430.58 1 4
703 195 1 650.39 232 1 4
704 405 1 648.99 435.53 1 4
706 442 1 649.92 471.8 1 4
706 442 1 649.92 471.8 1 4
706 387 1 651.13 417.78 1 4
712 391 1 656.81 421.6 1 4
718 377 1 663.19 408.62 1 4
719 386 1 663.53 417.03 1 4
719 386 1 663.53 417.03 1 4
720 395 1 663.54 425.78 1 4
721 357 1 665.51 389.38 1 4
723 364 1 667.58 396.45 1 4
725 168 1 671.94 206.54 1 4
727 398 1 670.7 429.44 1 4
727 390 1 670.62 420.98 1 4
728 368 1 672.44 400.28 1 4
731 384 1 675.16 416.38 1 4
733 372 1 677.23 404.23 1 4
735 363 1 678.88 395.74 1 4
735 389 1 678.06 420.72 1 4
736 398 1 680.24 428.84 1 4
736 480 1 678.43 508.92 1 4
738 317 1 683.07 350.78 1 4
742 296 1 686.95 331.31 1 4
742 341 1 685.46 374.78 1 4
743 362 1 687.42 394.69 1 4
745 354 1 687.72 386.75 1 4
747 453 1 689.28 482.64 1 4
747 453 1 689.28 482.64 1 4
749 379 1 691.33 411.06 1 4
750 340 1 694.23 374.08 1 4
753 470 1 694.11 500.07 1 4
753 470 1 694.11 500.07 1 4
756 382 1 698.34 414.45 1 4
756 382 1 698.34 414.45 1 4
757 391 1 699.87 423.09 1 4
759 443 1 700.26 473.69 1 4
758 506 1 698.96 534.47 1 4
759 501 1 700.89 529.87 1 4
762 483 1 703.08 512.49 1 4
763 492 1 703.95 520.92 1 4
763 501 1 703.58 529.69 1 4
763 501 1 703.58 529.69 1 4
647 171 1 597.62 206.04 1 4
669 228 1 617.34 262.44 1 4
670 252 1 619.17 285.7 1 4
671 260 1 619.15 293.47 1 4
672 268 1 619.93 301.18 1 4
673 276 1 620.8 308.86 1 4
673 276 1 620.8 308.86 1 4
673 207 1 622.31 242.1 1 4
673 207 1 622.31 242.1 1 4
674 284 1 621.64 316.55 1 4
674 284 1 621.64 316.55 1 4
674 292 1 621.74 324.45 1 4
674 292 1 621.74 324.45 1 4
675 300 1 622.17 332.29 1 4
675 308 1 622.92 339.95 1 4
677 324 1 623.99 355.4 1 4
677 223 1 625.51 257.74 1 4
677 332 1 624.55 363.45 1 4
678 340 1 624.95 371.42 1 4
678 239 1 626.85 273.48 1 4
678 239 1 626.85 273.48 1 4
679 247 1 627.38 281.07 1 4
679 348 1 625.25 379.22 1 4
680 263 1 628.15 296.56 1 4
681 271 1 628.61 304.31 1 4
682 279 1 629.9 312.05 1 4
682 279 1 629.9 312.05 1 4
683 295 1 630.11 327.71 1 4
683 295 1 630.11 327.71 1 4
683 287 1 630.49 319.78 1 4
683 287 1 630.49 319.78 1 4
684 303 1 631.15 335.45 1 4
684 303 1 631.15 335.45 1 4
684 407 1 630.04 436.35 1 4
685 376 1 631.08 406.94 1 4
685 376 1 631.08 406.94 1 4
685 311 1 632.2 343.05 1 4
685 311 1 632.2 343.05 1 4
685 319 1 632.3 350.96 1 4
685 319 1 632.3 350.96 1 4
686 195 1 634.73 231.1 1 4
686 226 1 633.94 260.94 1 4
687 335 1 633.31 366.73 1 4
687 234 1 634.83 268.9 1 4
687 242 1 635.34 276.69 1 4
688 351 1 634.52 382.39 1 4
694 314 1 640.74 346.23 1 4
694 220 1 642.21 256.34 1 4
695 229 1 642.23 264.23 1 4
695 237 1 643.03 272.07 1 4
696 338 1 641.76 370.19 1 4
696 338 1 641.76 370.19 1 4
696 245 1 643.64 279.8 1 4
696 346 1 642.22 378.17 1 4
697 253 1 644.11 287.48 1 4
697 355 1 643.27 386.08 1 4
698 269 1 645.43 303 1 4
698 269 1 645.43 303 1 4
698 269 1 645.43 303 1 4
698 438 1 643.85 467.29 1 4
699 277 1 646.3 310.77 1 4
700 285 1 647.08 318.43 1 4
700 499 1 643.63 527.01 1 4
701 292 1 647.73 326.04 1 4
702 300 1 648.59 333.75 1 4
703 223 1 650.71 259.51 1 4
704 240 1 651.76 275.42 1 4
705 325 1 650.42 357.3 1 4
706 256 1 652.42 290.83 1 4
709 287 1 655.6 321.6 1 4
709 287 1 655.6 321.6 1 4
709 405 1 654.14 435.07 1 4
710 296 1 655.97 329.46 1 4
712 218 1 658.77 254.85 1 4
712 365 1 656.64 397.37 1 4
716 266 1 662.2 301.48 1 4
717 274 1 663.09 309.32 1 4
718 282 1 663.64 317 1 4
718 404 1 661.93 434.81 1 4
718 291 1 664.16 324.87 1 4
719 299 1 664.79 332.7 1 4
720 306 1 665.68 340.38 1 4
721 315 1 666 348.33 1 4
722 229 1 668.33 265.92 1 4
723 237 1 669.16 273.67 1 4
724 467 1 667.31 496.68 1 4
726 436 1 669.18 466.04 1 4
727 277 1 672.45 312.36 1 4
728 502 1 671.05 530.88 1 4
728 502 1 671.05 530.88 1 4
734 462 1 676.75 491.72 1 4
737 380 1 681.41 411.59 1 4
737 435 1 679.75 465.6 1 4
749 361 1 691.5 394.14 1 4
763 425 1 705.26 456.46 1 4
765 443 1 706.76 473.08 1 4
644 153 1 595.2 188.19 1 4
644 153 1 595.2 188.19 1 4
644 153 1 595.2 188.19 1 4
681 386 1 626.69 415.62 1 4
682 333 1 629.09 364.91 1 4
691 235 1 638.82 270.69 1 4
691 235 1 638.82 270.69 1 4
692 243 1 639.42 278.31 1 4
700 238 1 647.46 273.98 1 4
706 514 1 648.84 541.89 1 4
710 462 1 653.39 490.89 1 4
715 357 1 660.13 388.63 1 4
727 447 1 670.53 477.03 1 4
743 308 1 687.31 342.49 1 4
743 308 1 687.31 342.49 1 4
748 295 1 692.51 330.4 1 4
759 481 1 699.97 509.85 1 4
657 322 1 604.93 352.96 1 4
663 317 1 611.89 348.85 1 4
669 232 1 617.75 266.11 1 4
670 248 1 618.69 281.83 1 4
671 256 1 619.27 289.6 1 4
671 256 1 619.27 289.6 1 4
671 264 1 619.64 297.2 1 4
671 264 1 619.64 297.2 1 4
672 272 1 620.28 305.12 1 4
672 272 1 620.28 305.12 1 4
673 465 1 617.79 493.22 1 4
673 280 1 620.98 312.81 1 4
673 280 1 620.98 312.81 1 4
674 288 1 621.86 320.45 1 4
674 288 1 621.86 320.45 1 4
675 296 1 622.28 328.25 1 4
675 296 1 622.28 328.25 1 4
675 304 1 622.81 336.07 1 4
675 304 1 622.81 336.07 1 4
676 312 1 623.07 343.81 1 4
676 312 1 623.07 343.81 1 4
677 320 1 623.78 351.47 1 4
677 328 1 624.28 359.48 1 4
678 336 1 624.68 367.41 1 4
678 336 1 624.68 367.41 1 4
679 251 1 627.38 284.93 1 4
680 259 1 628.03 292.8 1 4
681 267 1 628.61 300.41 1 4
681 267 1 628.61 300.41 1 4
682 283 1 630.03 316.12 1 4
685 315 1 632.08 347.04 1 4
686 229 1 634.21 264.68 1 4
687 199 1 635.51 234.91 1 4
687 339 1 633.5 370.77 1 4
687 380 1 633.2 410.78 1 4
687 246 1 635.32 280.5 1 4
687 246 1 635.32 280.5 1 4
688 254 1 636.18 288.22 1 4
688 254 1 636.18 288.22 1 4
689 262 1 636.18 295.94 1 4
689 262 1 636.18 295.94 1 4
691 278 1 638 311.4 1 4
691 278 1 638 311.4 1 4
692 172 1 641.08 209.59 1 4
692 294 1 639.08 326.92 1 4
692 294 1 639.08 326.92 1 4
693 302 1 639.58 334.63 1 4
693 302 1 639.58 334.63 1 4
694 224 1 642.29 260.16 1 4
694 318 1 640.78 350.33 1 4
695 233 1 642.47 268.1 1 4
695 233 1 642.47 268.1 1 4
695 326 1 641.13 358.15 1 4
695 334 1 641.63 366.17 1 4
695 334 1 641.63 366.17 1 4
696 241 1 643.61 275.91 1 4
696 241 1 643.61 275.91 1 4
696 350 1 642.74 382.06 1 4
697 363 1 642.33 394.06 1 4
697 477 1 641.64 506.08 1 4
699 273 1 645.64 307.02 1 4
699 273 1 645.64 307.02 1 4
698 486 1 642.56 514.45 1 4
699 495 1 642.3 523.24 1 4
700 281 1 646.43 314.7 1 4
700 281 1 646.43 314.7 1 4
701 289 1 647.28 322.22 1 4
702 305 1 648.72 337.81 1 4
702 354 1 647.83 385.87 1 4
702 396 1 647.45 426.58 1 4
702 396 1 647.45 426.58 1 4
702 313 1 648.61 345.62 1 4
702 313 1 648.61 345.62 1 4
703 227 1 650.73 263.28 1 4
704 235 1 651.55 271.3 1 4
705 243 1 652.06 278.98 1 4
706 198 1 653.51 235.21 1 4
705 251 1 652.34 286.7 1 4
705 251 1 652.34 286.7 1 4
705 374 1 651.04 405.46 1 4
705 464 1 649.33 492.84 1 4
706 260 1 653.1 294.55 1 4
706 260 1 653.1 294.55 1 4
708 276 1 654.4 310.12 1 4
708 276 1 654.4 310.12 1 4
708 499 1 651.98 526.97 1 4
710 300 1 656.36 333.39 1 4
710 370 1 655.25 401.52 1 4
711 307 1 656.86 340.91 1 4
711 394 1 655.72 425.4 1 4
711 222 1 658.63 258.67 1 4
713 238 1 660.03 274.52 1 4
714 246 1 661.06 282.1 1 4
714 246 1 661.06 282.1 1 4
714 468 1 658.06 496.85 1 4
714 468 1 658.06 496.85 1 4
715 262 1 661.34 297.59 1 4
715 262 1 661.34 297.59 1 4
716 476 1 659.04 505.35 1 4
716 209 1 663.26 246.18 1 4
716 485 1 659.89 513.95 1 4
717 279 1 663.1 313.27 1 4
717 279 1 663.1 313.27 1 4
718 286 1 663.88 320.99 1 4
719 399 1 663.65 429.74 1 4
719 511 1 661.9 539.61 1 4
719 511 1 661.9 539.61 1 4
720 303 1 665.11 336.52 1 4
720 311 1 665.85 344.37 1 4
720 311 1 665.85 344.37 1 4
721 361 1 666.06 392.57 1 4
722 225 1 668.15 261.89 1 4
722 233 1 668.28 269.95 1 4
722 233 1 668.28 269.95 1 4
722 212 1 669.04 249.69 1 4
723 241 1 668.88 277.48 1 4
723 249 1 669.48 285.26 1 4
723 249 1 669.48 285.26 1 4
724 257 1 670.24 292.91 1 4
724 257 1 670.24 292.91 1 4
724 472 1 667.37 500.96 1 4
725 265 1 670.57 300.74 1 4
725 480 1 668.5 509.13 1 4
726 273 1 671.41 308.65 1 4
726 273 1 671.41 308.65 1 4
727 281 1 672.28 316.22 1 4
727 281 1 672.28 316.22 1 4
727 289 1 672.54 324.18 1 4
728 298 1 673.25 331.99 1 4
728 507 1 670.82 535.09 1 4
729 305 1 673.68 339.7 1 4
730 314 1 674.47 347.54 1 4
733 360 1 677.26 392.12 1 4
733 513 1 675.35 541.82 1 4
733 513 1 675.35 541.82 1 4
733 467 1 676.26 496.22 1 4
733 467 1 676.26 496.22 1 4
734 476 1 676.99 504.82 1 4
734 476 1 676.99 504.82 1 4
735 376 1 679.17 408.08 1 4
736 493 1 678.15 521.99 1 4
736 493 1 678.15 521.99 1 4
737 502 1 679.01 530.5 1 4
737 510 1 679.51 538.79 1 4
760 471 1 701.59 500.45 1 4
762 430 1 703.71 461.25 1 4
762 430 1 703.71 461.25 1 4
763 439 1 704.69 469.89 1 4
662 366 1 608.94 396.25 1 4
663 333 1 610.35 364.18 1 4
663 333 1 610.35 364.18 1 4
665 177 1 614.34 212.61 1 4
670 386 1 616.77 416.19 1 4
672 232 1 620.83 265.94 1 4
672 232 1 620.83 265.94 1 4
673 240 1 621.55 273.83 1 4
673 240 1 621.55 273.83 1 4
673 227 1 622.39 261.86 1 4
673 227 1 622.39 261.86 1 4
673 227 1 622.39 261.86 1 4
675 263 1 622.93 296.81 1 4
675 373 1 621.63 403.48 1 4
675 373 1 621.63 403.48 1 4
675 373 1 621.63 403.48 1 4
676 251 1 624.3 285.39 1 4
676 251 1 624.3 285.39 1 4
675 271 1 623.4 304.7 1 4
676 259 1 624.66 292.99 1 4
677 267 1 625.4 300.79 1 4
677 267 1 625.4 300.79 1 4
679 283 1 626.91 316.29 1 4
679 283 1 626.91 316.29 1 4
679 479 1 623.97 506.83 1 4
680 291 1 627.51 324.02 1 4
680 319 1 626.93 351.33 1 4
681 299 1 628.09 331.72 1 4
681 307 1 628.42 339.55 1 4
681 235 1 629.62 269.48 1 4
681 235 1 629.62 269.48 1 4
682 243 1 630.12 277.25 1 4
682 315 1 629.18 347.2 1 4
682 344 1 628.61 375.07 1 4
682 344 1 628.61 375.07 1 4
682 448 1 627.42 476.7 1 4
683 332 1 629.74 363.27 1 4
682 352 1 629.03 382.92 1 4
682 352 1 629.03 382.92 1 4
683 238 1 631.58 272.86 1 4
683 250 1 630.78 284.61 1 4
683 250 1 630.78 284.61 1 4
683 258 1 631.16 292.38 1 4
683 266 1 631.35 300.2 1 4
683 266 1 631.35 300.2 1 4
683 339 1 630.28 370.88 1 4
685 254 1 632.81 288.47 1 4
685 274 1 632.48 307.74 1 4
686 282 1 632.94 315.67 1 4
686 282 1 632.94 315.67 1 4
686 270 1 634.22 303.96 1 4
686 270 1 634.22 303.96 1 4
686 290 1 633.5 323.4 1 4
686 364 1 632.62 394.77 1 4
687 372 1 632.99 402.96 1 4
687 278 1 634.77 311.81 1 4
687 278 1 634.77 311.81 1 4
687 306 1 634.48 338.91 1 4
689 294 1 636.12 327.1 1 4
689 435 1 634.6 464.32 1 4
690 237 1 638.01 272.46 1 4
690 237 1 638.01 272.46 1 4
690 331 1 636.26 362.53 1 4
690 310 1 637.42 342.62 1 4
690 310 1 637.42 342.62 1 4
691 318 1 637.6 350.48 1 4
793 386 1 715.1 419.94 1 5
798 389 1 719.41 422.83 1 5
805 382 1 725.66 416.22 1 5
810 481 1 729.03 511.31 1 5
817 415 1 737.01 447.88 1 5
818 401 1 738.12 434.21 1 5
818 401 1 738.12 434.21 1 5
821 407 1 740.3 440.44 1 5
821 407 1 740.3 440.44 1 5
828 330 1 748.46 366.79 1 5
830 406 1 748.42 440.1 1 5
838 392 1 756.44 427.01 1 5
838 486 1 755.76 516.86 1 5
840 435 1 757.64 467.92 1 5
850 485 1 766.5 516.57 1 5
789 345 1 711.24 379.9 1 5
789 345 1 711.24 379.9 1 5
797 354 1 719.01 388.65 1 5
803 491 1 722.24 521.59 1 5
803 343 1 724.78 378.95 1 5
803 497 1 722.87 527.49 1 5
803 497 1 722.87 527.49 1 5
804 350 1 725.23 385.09 1 5
804 329 1 725.96 365.16 1 5
805 356 1 725.79 391.3 1 5
805 441 1 725.13 472.6 1 5
806 376 1 727.22 409.89 1 5
810 494 1 729.17 524.07 1 5
810 339 1 731.3 375.53 1 5
810 346 1 731.33 381.61 1 5
810 346 1 731.33 381.61 1 5
811 352 1 731.84 387.83 1 5
811 352 1 731.84 387.83 1 5
811 500 1 729.85 530.45 1 5
812 359 1 732.56 394 1 5
813 457 1 732.59 488.56 1 5
818 342 1 738.15 377.95 1 5
819 355 1 739.46 390.42 1 5
820 361 1 740.34 396.6 1 5
821 368 1 740.87 402.78 1 5
822 460 1 740.13 491.49 1 5
822 414 1 741.4 447.34 1 5
822 467 1 740.77 497.94 1 5
823 473 1 741.31 504.27 1 5
833 390 1 752.65 424.07 1 5
791 377 1 713.47 410.73 1 5
791 377 1 713.47 410.73 1 5
799 458 1 719.02 489.08 1 5
821 374 1 740.79 409.11 1 5
823 330 1 742.66 366.48 1 5
825 493 1 742.75 523.6 1 5
825 500 1 743.48 530.15 1 5
833 354 1 752.35 389.94 1 5
834 496 1 751.7 526.55 1 5
786 348 1 708.7 382.87 1 5
793 345 1 714.9 380 1 5
792 354 1 714.43 389.26 1 5
794 373 1 716.04 407.24 1 5
796 350 1 718.26 385.63 1 5
796 350 1 718.26 385.63 1 5
797 357 1 718.65 391.82 1 5
797 357 1 718.65 391.82 1 5
798 344 1 720.16 379.52 1 5
799 461 1 719.31 492.42 1 5
800 454 1 720.3 485.7 1 5
802 494 1 721.88 524.43 1 5
802 494 1 721.88 524.43 1 5
803 474 1 723.04 505.08 1 5
803 474 1 723.04 505.08 1 5
804 353 1 725.68 388.3 1 5
804 353 1 725.68 388.3 1 5
805 478 1 724.68 508.22 1 5
805 340 1 726.82 375.77 1 5
805 340 1 726.82 375.77 1 5
806 346 1 727.33 381.9 1 5
806 346 1 727.33 381.9 1 5
806 346 1 727.33 381.9 1 5
806 491 1 726.21 520.97 1 5
807 343 1 728.54 378.8 1 5
807 343 1 728.54 378.8 1 5
809 404 1 729.56 437.72 1 5
811 356 1 732.11 390.99 1 5
811 356 1 732.11 390.99 1 5
812 394 1 732.65 428.28 1 5
812 394 1 732.65 428.28 1 5
813 460 1 732.86 491.84 1 5
819 338 1 739.47 374.88 1 5
820 358 1 739.67 393.55 1 5
821 365 1 740.52 399.79 1 5
821 371 1 740.95 405.93 1 5
823 477 1 741.6 507.52 1 5
823 477 1 741.6 507.52 1 5
836 356 1 755.24 392.61 1 5
784 345 1 706.7 380.24 1 5
791 348 1 713.65 382.61 1 5
794 351 1 715.9 385.71 1 5
794 351 1 715.9 385.71 1 5
795 364 1 716.65 398.24 1 5
796 438 1 716.05 470.42 1 5
799 350 1 720.42 385.5 1 5
799 350 1 720.42 385.5 1 5
800 347 1 722.02 382.22 1 5
801 353 1 722.88 388.39 1 5
802 360 1 723.47 394.55 1 5
802 461 1 722.51 492.38 1 5
805 445 1 725.26 476.51 1 5
805 494 1 724.77 524.34 1 5
805 494 1 724.77 524.34 1 5
806 353 1 727.27 388.19 1 5
806 353 1 727.27 388.19 1 5
806 379 1 727.3 413.07 1 5
808 349 1 729.27 384.86 1 5
808 349 1 729.27 384.86 1 5
811 461 1 730.6 492.05 1 5
811 477 1 730.2 507.96 1 5
813 342 1 733.46 378.45 1 5
812 490 1 731.37 520.73 1 5
813 497 1 732.03 527.18 1 5
814 408 1 733.62 440.92 1 5
815 345 1 735.47 381.14 1 5
815 345 1 735.47 381.14 1 5
816 460 1 735.51 491.67 1 5
817 457 1 736.62 488.57 1 5
818 404 1 738.24 437.46 1 5
819 378 1 739.22 412.57 1 5
819 398 1 738.41 431.26 1 5
820 477 1 738.6 507.58 1 5
820 477 1 738.6 507.58 1 5
820 493 1 738.51 523.92 1 5
820 493 1 738.51 523.92 1 5
820 483 1 739.07 513.93 1 5
824 457 1 742.4 488.19 1 5
825 377 1 744.82 411.43 1 5
834 333 1 753.49 370.06 1 5
836 435 1 753.96 467.85 1 5
836 435 1 753.96 467.85 1 5
836 363 1 755.45 398.72 1 5
838 376 1 757.13 411.31 1 5
850 488 1 767.61 518.97 1 5
786 340 1 708.73 375.85 1 5
799 447 1 719.82 478.67 1 5
801 339 1 722.4 375.06 1 5
813 418 1 732.96 451.13 1 5
821 490 1 740.01 520.35 1 5
825 463 1 743.29 494.54 1 5
827 483 1 745.41 513.74 1 5
828 490 1 746.48 520.62 1 5
829 496 1 746.66 526.62 1 5
842 434 1 760.15 467.25 1 5
842 434 1 760.15 467.25 1 5
828 399 1 747.13 433.72 1 5
811 406 1 731.41 438.92 1 5
811 406 1 731.41 438.92 1 5
819 409 1 738.99 443.3 1 5
833 383 1 751.69 418.12 1 5
841 489 1 758.78 519.28 1 5
