4.3138 204.91 1 419.41 122.07 1 0
9.8385 174.04 1 352.43 287.82 1 0
11.473 330.13 1 324.11 30.317 1 0
12.659 87.098 1 367.59 158.23 1 0
16.183 174.49 1 361.82 329.81 1 0
18.483 116.5 1 96.032 125.77 1 1
19.349 271.2 1 336.87 256.08 1 0
29.918 141.68 1 42.778 119.45 1 0
31.291 259.11 1 290.86 280.71 1 0
32.142 73.3 1 185.02 39.419 1 0
34.735 175.2 1 56.859 39.81 1 0
36.329 329.59 1 281.97 34.565 1 0
38.066 126.7 1 150.1 276.3 1 0
38.066 126.7 1 120.7 262.52 1 0
41.734 282.64 1 179.76 280.82 1 0
46.053 324.09 1 294.22 43.71 1 0
47.181 281.71 1 420.21 288.02 1 0
52.331 329.2 1 281.97 34.565 1 0
60.351 283.29 1 13.405 207.32 1 0
65.879 101.28 1 437.81 106.27 1 0
66.853 282.06 1 282.01 106.18 1 0
66.853 282.06 1 57.515 251.35 1 0
76.207 323.36 1 190.49 235.1 1 0
86.612 289.53 1 375.88 212.76 1 0
88.146 322.73 1 26.769 295.43 1 0
90.572 132.15 1 40.5 100.06 1 0
94.102 283.03 1 119.16 195.17 1 0
94.786 84.749 1 280.01 17.185 1 0
97.092 259.04 1 106.4 194.35 1 0
104.45 150.18 1 167.85 149.21 1 1
107.13 270.9 1 290.95 255.04 1 0
107.25 279.38 1 435.54 242.77 1 0
113.43 191.66 1 185.47 221.26 1 0
115.93 113.73 1 178.73 116.26 1 1
115.93 113.73 1 178.73 116.26 1 1
115.73 326.14 1 281.97 34.565 1 0
125.98 163.53 1 187.47 159.9 1 1
134.68 115.95 1 195.84 116.61 1 1
150.76 236.63 1 223.02 317.89 1 0
150.76 236.63 1 193.52 169.23 1 0
153.32 162.24 1 212.99 157.18 1 1
153.49 117.9 1 213.64 117.1 1 1
153.72 198.08 1 185.47 221.26 1 0
164.97 113.91 1 224 112.53 1 1
166.81 310.13 1 29.646 91.392 1 0
174.11 283.32 1 131.82 194.89 1 0
175.1 320.05 1 294.22 43.71 1 0
175.68 225.76 1 26.769 295.43 1 0
180.72 319.79 1 294.22 43.71 1 0
182.23 130 1 397.2 206.69 1 0
182.23 130 1 430.02 195.49 1 0
195.17 188.49 1 92.445 217.13 1 0
195.62 169.93 1 58.508 95.602 1 0
195.62 169.93 1 254.49 163.19 1 1
196.94 269.75 1 131.82 194.89 1 0
199.69 281.12 1 27.984 257.84 1 0
199.69 281.12 1 178.05 135.06 1 0
201.68 188.24 1 352.43 287.82 1 0
201.68 188.24 1 237.3 220.94 1 0
214.07 200.24 1 272.38 190.13 1 1
218.22 150.73 1 92.445 217.13 1 0
222.39 120.31 1 283.32 113.77 1 1
222.99 191.02 1 281.91 180.82 1 1
225.54 325.42 1 324.11 30.317 1 0
235.28 306.59 1 170.92 291.18 1 0
246.17 234.73 1 305.87 222.49 1 1
251.88 302.49 1 375.88 212.76 1 0
251.88 302.49 1 37.624 286.76 1 0
260.84 200.47 1 422.73 164.22 1 0
260.84 200.47 1 322.96 189.36 1 1
265.82 212.18 1 419.41 122.07 1 0
267.66 246.35 1 13.405 207.32 1 0
273.51 223 1 361.82 329.81 1 0
273.51 223 1 15.631 147.39 1 0
274.78 191.18 1 376.91 97.493 1 0
277.33 89.838 1 259.76 37.74 1 0
285.69 200.58 1 317.43 278.58 1 0
285.69 200.58 1 317.43 278.58 1 0
289.84 176.11 1 282.37 134.55 1 0
291.97 219.6 1 357.87 207.57 1 1
292.96 230.29 1 78.172 168.38 1 0
293.78 249.13 1 226.33 86.384 1 0
294.59 338.2 1 156.62 60.509 1 0
295.84 290.78 1 359.48 278.06 1 1
307.7 224.85 1 375.88 212.76 1 1
307.7 224.85 1 285.29 274.99 1 0
308 237.57 1 285.49 251.73 1 0
308 237.57 1 102.3 251.54 1 0
310.82 270.84 1 399.34 120.58 1 0
315.78 165.1 1 205.53 84.666 1 0
326.38 213.32 1 86.179 178.06 1 0
329.18 220.78 1 37.624 286.76 1 0
334.51 225.58 1 113.76 258.12 1 0
343.89 320.2 1 294.22 43.71 1 0
350.26 307.74 1 361.82 329.81 1 0
350.75 320.74 1 324.11 30.317 1 0
352.62 282.52 1 272.38 190.13 1 0
353.68 302.99 1 13.141 274.13 1 0
356.58 112.77 1 135.37 121.99 1 0
360.43 306.85 1 85.198 132.87 1 0
360.43 306.85 1 314.52 241.95 1 0
359.43 317.58 1 32.632 202.61 1 0
360.89 117.32 1 58.711 199.05 1 0
361.6 87.227 1 310.6 32.962 1 0
363.66 81.563 1 305.29 24.91 1 0
366.82 333.16 1 165.36 110.38 1 0
367.66 225.9 1 437.81 106.27 1 0
367.66 225.9 1 367.34 118.55 1 0
374.48 330.59 1 352.85 287.67 1 0
378.8 336.05 1 322.77 310.25 1 0
378.8 336.05 1 367.59 158.23 1 0
379.86 129.88 1 323.15 327.43 1 0
384.98 222.92 1 389.7 115.28 1 0
400.32 182.12 1 281.97 34.565 1 0
402.7 237.11 1 57.984 222.51 1 0
408.28 212.93 1 24.902 118.73 1 0
414.74 316.84 1 330 189.82 1 0
416.41 203.87 1 10.623 247.45 1 0
420.44 177.1 1 263.6 87.095 1 0
424.36 292.08 1 37.471 138.03 1 0
424.79 334.14 1 305.29 24.91 1 0
428.81 286.29 1 135.37 121.99 1 0
438.74 148.11 1 229.21 167.23 1 0
439.47 315.08 1 101.37 227.87 1 0
443.9 319.93 1 361.48 150.91 1 0
448.05 198.53 1 281.91 180.82 1 0
449.55 208.32 1 15.631 147.39 1 0
449.55 208.32 1 45.409 187.14 1 0
448.52 233.84 1 444.29 40.025 1 0
449.87 143.47 1 442.88 71.04 1 0
451.36 149.97 1 22.102 196.62 1 0
450.53 252.58 1 364.13 108.09 1 0
3.0159 55.223 1 177.76 96.892 1 0
3.0159 55.223 1 26.815 118.62 1 0
17.049 168.08 1 279.75 90.206 1 0
21.145 132.62 1 98.855 138.93 1 1
22.152 215.52 1 10.623 247.45 1 0
22.058 109.83 1 228.49 158.89 1 0
22.058 109.83 1 99.502 119.96 1 1
24.435 179.6 1 101.43 176.85 1 1
24.981 207.81 1 42.778 119.45 1 0
45.869 301.73 1 25.884 276.99 1 0
49.987 318.1 1 26.769 295.43 1 0
59.029 297.46 1 442.47 311.77 1 0
59.162 309.59 1 326.83 86.476 1 0
59.517 317.19 1 45.409 187.14 1 0
65.48 303.38 1 73.65 142.39 1 0
65.42 312.66 1 95.713 144.94 1 0
66.05 27.004 1 328.25 112.29 1 0
68.972 158.34 1 179.76 280.82 1 0
68.972 158.34 1 179.76 280.82 1 0
78.592 115.1 1 145.79 120.35 1 1
91.225 264.63 1 155.42 248.43 1 1
91.225 264.63 1 155.42 248.43 1 1
93.163 295.31 1 106.4 194.35 1 0
96.722 162.06 1 34.077 181.81 1 0
96.722 162.06 1 439.59 182.76 1 0
111.31 107.05 1 308.49 327.41 1 0
131.14 264.82 1 282.94 322.48 1 0
140.44 287.24 1 323.48 216.41 1 0
143.14 320.57 1 294.22 43.71 1 0
148.08 300.7 1 326.01 261.77 1 0
150.17 191.72 1 309.27 167.68 1 0
157.83 112.3 1 217.62 111.08 1 1
159.38 165.35 1 218.77 160.23 1 1
161 290.38 1 106.4 194.35 1 0
167.57 120.09 1 228.49 158.89 1 0
174.96 289.18 1 261.72 320.37 1 0
208.56 227.81 1 188.88 215.3 1 0
209.36 315.99 1 26.769 295.43 1 0
217.3 25.149 1 48.106 186.14 1 0
221.32 112.14 1 282.01 106.18 1 1
222.51 141.8 1 282.37 134.55 1 1
229.94 211.8 1 10.623 247.45 1 0
238.4 263.56 1 296.64 249.95 1 1
243.32 226.28 1 301.74 214.5 1 1
256.9 242.9 1 282.37 134.55 1 0
262.46 311.48 1 294.22 43.71 1 0
273.72 196.9 1 359.48 278.06 1 0
292.17 202.98 1 226.33 86.384 1 0
294.04 239.14 1 359.75 226.62 1 1
318.36 213.3 1 64.897 103.07 1 0
343.16 87.307 1 305.29 24.91 1 0
347.73 199.63 1 32.632 202.61 1 0
356.16 296.81 1 9.2359 269.4 1 0
359.99 327.76 1 45.409 187.14 1 0
364.2 100.88 1 294.22 43.71 1 0
364.29 186.36 1 324.11 30.317 1 0
369.55 295.57 1 31.382 133.05 1 0
379.58 86.804 1 294.22 43.71 1 0
390.67 246.84 1 217.63 294.01 1 0
390.67 246.84 1 272.38 190.13 1 0
403.61 247.59 1 57.984 222.51 1 0
417.99 302.28 1 9.2359 269.4 1 0
417.99 302.28 1 15.631 147.39 1 0
420.64 217.1 1 48.106 186.14 1 0
429.47 320.64 1 90.013 85.625 1 0
429.95 178.5 1 263.6 87.095 1 0
430.01 278.51 1 289.89 79.732 1 0
445.68 309.08 1 433.45 116.16 1 0
448.73 325.86 1 414.03 133.37 1 0
448.73 325.86 1 433.45 116.16 1 0
450.35 117.74 1 350.26 253.59 1 0
25.135 237.28 1 375.88 212.76 1 0
27.695 67.053 1 335.61 288.56 1 0
45.966 108.03 1 399.29 231.91 1 0
50.038 128.38 1 121.41 133.39 1 1
50.224 174.74 1 121.11 172.56 1 1
60.272 175.4 1 130.48 173.04 1 1
65.247 115.49 1 135.37 121.99 1 1
66.841 246.38 1 133.47 233.71 1 1
91.823 315.73 1 279.33 291.01 1 0
113.49 180.41 1 176.21 175.43 1 1
139.26 163 1 199.18 158.78 1 1
152.49 247.89 1 211.99 234.48 1 1
158.85 312.85 1 130.89 292.8 1 0
173.59 313.32 1 100.52 297.88 1 0
182.84 185.1 1 241.42 176.93 1 1
187.88 124.82 1 354.15 80.487 1 0
194.75 162.69 1 253.2 155.66 1 1
197.75 309.58 1 188.88 215.3 1 0
212.64 135.55 1 426.61 174.83 1 0
217.44 237.51 1 275.36 225.78 1 1
218.64 96.389 1 279.75 90.206 1 1
217.69 228.55 1 275.93 216.74 1 1
227.6 275.26 1 37.624 286.76 1 0
227.6 275.26 1 285.52 258.89 1 1
231.42 200.43 1 290.58 190.02 1 1
254.89 255 1 314.52 241.95 1 1
282.7 177.04 1 273.46 161.97 1 0
293.08 118.65 1 168.73 274.81 1 0
297.9 162.69 1 150.1 276.3 1 0
296.54 273.64 1 360.32 260.89 1 1
299.59 219.78 1 322.96 189.36 1 0
300.38 233.33 1 366.96 220.03 1 1
312.73 269.16 1 405.17 108.25 1 0
327.58 243.29 1 290.58 190.02 1 0
331.7 232.19 1 114.8 91.534 1 0
341.54 96.043 1 133.47 233.71 1 0
344.03 186.75 1 324.11 30.317 1 0
353.24 254.04 1 299.23 329.07 1 0
355.96 223.47 1 145.63 158.01 1 0
367.13 320.02 1 367.88 195.45 1 0
380.72 201.79 1 229.21 167.23 1 0
386.59 125.17 1 68.377 139.07 1 0
390.04 261.07 1 34.077 181.81 1 0
393.29 188.53 1 177.76 96.892 1 0
395.46 109.54 1 193.52 169.23 1 0
405.07 332.47 1 188.55 115.76 1 0
430.13 278.78 1 289.89 79.732 1 0
432.14 159.01 1 193.52 169.23 1 0
448.43 176.37 1 364.13 108.09 1 0
42.307 155.2 1 115.38 156.98 1 1
55.356 147.51 1 356.12 118.12 1 0
59.05 157.03 1 129.59 157.49 1 1
72.731 273.78 1 205.47 317.12 1 0
78.522 158.77 1 145.63 158.01 1 1
79.128 245.41 1 145.32 233.79 1 1
101.23 49.188 1 443.08 316.6 1 0
117.64 247.21 1 178.34 233.77 1 1
130.74 247.29 1 178.34 233.77 1 1
158.1 274.6 1 92.415 257.98 1 0
169.68 164.8 1 228.49 158.89 1 1
185.64 167.46 1 244.5 160.76 1 1
206.19 169.68 1 265.69 161.57 1 1
206.19 169.68 1 265.69 161.57 1 1
214.44 170.41 1 273.46 161.97 1 1
214.44 170.41 1 273.46 161.97 1 1
226.09 243.87 1 283.37 231.59 1 1
227.51 265.72 1 102.3 251.54 1 0
227.51 265.72 1 285.49 251.73 1 1
299.64 162.72 1 150.1 276.3 1 0
310.32 277.61 1 375.92 265.63 1 1
326.4 158.76 1 188.88 215.3 1 0
328.74 277.47 1 399.95 268.1 1 1
340.38 223.16 1 129.59 157.49 1 0
378.9 145.19 1 176.49 75.022 1 0
395.94 121.26 1 56.859 39.81 1 0
425.38 140.71 1 397.2 206.69 1 0
425.38 140.71 1 56.859 39.81 1 0
429.55 224.81 1 275.36 225.78 1 0
432.61 201.35 1 430.02 195.49 1 0
447.9 261.41 1 10.623 247.45 1 0
25.952 267.99 1 102.3 251.54 1 1
25.952 267.99 1 102.3 251.54 1 1
35.703 79.407 1 114.8 91.534 1 1
100.5 243.1 1 164.36 230.79 1 1
100.7 267.45 1 102.3 251.54 1 0
111.71 275.73 1 233.28 257.16 1 0
128.91 276.15 1 301.36 255.68 1 0
167.89 267.27 1 225.16 252.13 1 1
167.89 267.27 1 225.16 252.13 1 1
167.89 267.27 1 225.16 252.13 1 1
210.78 38.779 1 341.08 110.48 1 0
216.19 304.67 1 335.61 288.56 1 0
220.17 182.24 1 375.88 212.76 1 0
235.95 175.64 1 295.9 175.65 1 0
235.78 186.84 1 295.9 175.65 1 1
235.78 186.84 1 295.9 175.65 1 1
270.1 174.63 1 165.48 334.42 1 0
320.66 137.18 1 304.53 75.37 1 0
375.31 200.89 1 229.21 167.23 1 0
428.36 225.2 1 444.4 42.637 1 0
424.14 260.44 1 367.88 195.45 1 0
436.84 214.2 1 364.13 108.09 1 0
444.83 228.79 1 275.36 225.78 1 0
14.645 156.74 1 22.102 196.62 1 0
69.511 304.93 1 375.88 212.76 1 0
87.269 300.09 1 27.984 257.84 1 0
143.09 164.43 1 155.5 203.26 1 0
268.61 175.92 1 165.48 334.42 1 0
318.9 228.81 1 58.711 199.05 1 0
396.72 184.63 1 241.44 88.667 1 0
418.64 186.56 1 283.32 113.77 1 0
41.208 77.049 1 114.8 91.534 1 1
260.59 182.02 1 336.33 210.92 1 0
260.59 182.02 1 336.33 210.92 1 0
294.42 106.13 1 280.01 17.185 1 0
293.55 228.73 1 364.73 214.31 1 1
309.38 259.42 1 78.172 168.38 1 0
373.86 218.39 1 228.49 158.89 1 0
406.78 147.44 1 328.25 112.29 1 0
419.23 277.52 1 444.4 42.637 1 0
46.515 306.68 1 15.631 147.39 1 0
215.94 85.279 1 272.18 79.998 1 1
436.47 230.44 1 34.077 181.81 1 0
47.66 293.18 1 375.89 124.39 1 0
109.45 159.12 1 42.778 119.45 1 0
312.62 193.01 1 357.85 335.05 1 0
438.91 230.91 1 34.077 181.81 1 0
339.24 158.12 1 33.05 68.322 1 0
126.22 174.81 1 193.52 169.23 1 1
