441.30264282226562 200.03947448730469 1 308.55691528320313 392.08535766601562 1 0
474.64633178710937 435.54876708984375 1 75.34210205078125 407.65789794921875 1 0
474.64633178710937 435.54876708984375 1 75.34210205078125 407.65789794921875 1 0
342.2786865234375 217.98527526855469 1 299.45364379882812 309.38592529296875 1 0
456.80435180664062 203.06521606445312 1 308.55691528320313 392.08535766601562 1 0
442.09716796875 420.73223876953125 1 89.406974792480469 376.66278076171875 1 0
441.13137817382812 421.2352294921875 1 89.406974792480469 376.66278076171875 1 0
443.16329956054687 421.69863891601562 1 89.406974792480469 376.66278076171875 1 0
449.7811279296875 201.47865295410156 1 308.55691528320313 392.08535766601562 1 0
90.073310852050781 346.33084106445312 1 203.04298400878906 73.640274047851562 1 0
90.073310852050781 346.33084106445312 1 203.04298400878906 73.640274047851562 1 0
90.073310852050781 346.33084106445312 1 203.04298400878906 73.640274047851562 1 0
90.073310852050781 346.33084106445312 1 203.04298400878906 73.640274047851562 1 0
341.26263427734375 190.55882263183594 1 318.10348510742187 310.31045532226562 1 0
342.2786865234375 217.98527526855469 1 297.52880859375 307.71728515625 1 0
482.4134521484375 416.00482177734375 1 308.55691528320313 392.08535766601562 1 0
500.65554809570312 460.02444458007812 1 46.798038482666016 433.562744140625 1 0
424.22726440429687 358.45455932617187 1 185.36111450195312 368.58334350585937 1 0
481.85556030273437 366.70001220703125 1 177.25 418.0555419921875 1 0
481.85556030273437 366.70001220703125 1 177.25 418.0555419921875 1 0
412.61627197265625 361.4534912109375 1 183.27499389648437 358.72500610351562 1 0
497.2662353515625 460.3701171875 1 47.385059356689453 430.24713134765625 1 0
285.95159912109375 187.93548583984375 1 323.16665649414062 268.92425537109375 1 0
285.95159912109375 187.93548583984375 1 323.16665649414062 268.92425537109375 1 0
79.166664123535156 330.26922607421875 1 219.92857360839844 69.842857360839844 1 0
269.69049072265625 353.73809814453125 1 193.41836547851563 234.62245178222656 1 0
269.69049072265625 353.73809814453125 1 193.41836547851563 234.62245178222656 1 0
282.75640869140625 365.93588256835937 1 182.22727966308594 244.07575988769531 1 0
283.5 380.23171997070312 1 214.30357360839844 256.375 1 0
291.13043212890625 332.69564819335938 1 193.41836547851563 234.62245178222656 1 0
107.41566467285156 349.68072509765625 1 202.69178771972656 88.5 1 0
72.030769348144531 345.66921997070312 1 207.20909118652344 58.818180084228516 1 0
27.179106042981648 340.00670277073283 1 196.90360913534585 9.9235648951520119 1 1
61.741376022577775 392.7288095192693 1 168.8144422620978 36.452222497664053 1 1
51.196954672870483 305.73733338418413 1 243.71888725742591 52.949034788301795 1 1
263.374144276425 208.81652714479117 1 309.42317682473811 249.05298224244081 1 1
574.2800907026118 456.55967221720323 1 674.36656115126198 496.48070847873487 1 1
638.9869656388222 78.804391735224584 1 720.96636334943207 502.34819946125356 1 1
411.28522388520798 478.33700184919809 1 27.478480578173581 343.63867012452084 1 1
510.4221277072906 466.45856549968391 1 38.40660682038542 443.53487953898536 1 1
316.50143017867703 74.074931828149005 1 392.55551000171624 300.76778665547948 1 1
343.27663731726295 92.260850392984906 1 383.54527808294273 319.58792880066756 1 1
