1413.5540771484375 469.60809326171875 1 1651.5302734375 888.742431640625 1 0
1375.176025390625 448.20663452148437 1 1641.8736572265625 884.24176025390625 1 0
1375.176025390625 448.20663452148437 1 1641.8736572265625 884.24176025390625 1 0
278.89129638671875 920.54345703125 1 883.9375 1220.4375 1 0
279.60000610351562 920.239990234375 1 883.9375 1220.4375 1 0
1084.7857666015625 714.1785888671875 1 1430.5799560546875 1062.5400390625 1 0
1084.7857666015625 714.1785888671875 1 1430.5799560546875 1062.5400390625 1 0
1341.9462890625 698.4669189453125 1 1621.391357421875 1066.434814453125 1 0
1338.9615478515625 630.75274658203125 1 1619.4090576171875 1017.6136474609375 1 0
1333.9627685546875 709.5826416015625 1 1616.0849609375 1074.7452392578125 1 0
1333.9627685546875 709.5826416015625 1 1616.0849609375 1074.7452392578125 1 0
1392.823486328125 406.08822631835937 1 582 1270.6153564453125 1 0
1336.7572021484375 665.48095703125 1 1618 1042.934814453125 1 0
1336.7572021484375 665.48095703125 1 1618 1042.934814453125 1 0
252.48489379882812 1661.3472900390625 1 2003.176513671875 758.67645263671875 1 0
1249.0115966796875 573.5174560546875 1 1543.1455078125 958.85455322265625 1 0
1249.0115966796875 573.5174560546875 1 1543.1455078125 958.85455322265625 1 0
1284.7950439453125 550.5218505859375 1 1575.8697509765625 952.1890869140625 1 0
1448.689697265625 548.35638427734375 1 1692.9644775390625 956.454833984375 1 0
1348.2674560546875 532.64105224609375 1 1624.693359375 946.26580810546875 1 0
1348.2674560546875 532.64105224609375 1 1624.693359375 946.26580810546875 1 0
1348.2674560546875 532.64105224609375 1 1624.693359375 946.26580810546875 1 0
1347.8504638671875 531.95086669921875 1 1624.7139892578125 945.84881591796875 1 0
271.405029296875 1461.5614013671875 1 988.054443359375 1666.7376708984375 1 0
1395.7099609375 535.13958740234375 1 1656.562744140625 946.45068359375 1 0
1395.7099609375 535.13958740234375 1 1656.562744140625 946.45068359375 1 0
1395.7099609375 535.13958740234375 1 1656.562744140625 946.45068359375 1 0
1395.2598876953125 534.63287353515625 1 1656.562744140625 946.45068359375 1 0
1395.2598876953125 534.63287353515625 1 1656.562744140625 946.45068359375 1 0
1395.2598876953125 534.63287353515625 1 1656.562744140625 946.45068359375 1 0
1488.388916015625 539.57708740234375 1 1718.55810546875 946.86932373046875 1 0
1488.388916015625 539.57708740234375 1 1718.55810546875 946.86932373046875 1 0
1487.5848388671875 539.141845703125 1 1718.55810546875 946.86932373046875 1 0
1487.5848388671875 539.141845703125 1 1718.55810546875 946.86932373046875 1 0
1487.5848388671875 539.141845703125 1 1718.55810546875 946.86932373046875 1 0
1487.191162109375 538.6495361328125 1 1718.4136962890625 946.5863037109375 1 0
1487.191162109375 538.6495361328125 1 1718.4136962890625 946.5863037109375 1 0
1487.191162109375 538.6495361328125 1 1718.4136962890625 946.5863037109375 1 0
164.15217590332031 937.48553466796875 1 808.220947265625 1233.7325439453125 1 0
1352.4853515625 570.39703369140625 1 1627.772705078125 973.79547119140625 1 0
1352.4853515625 570.39703369140625 1 1627.772705078125 973.79547119140625 1 0
191.01219177246094 934.8902587890625 1 1413.2017822265625 1061.6578369140625 1 0
1388.1666259765625 454.44873046875 1 1651.5302734375 888.742431640625 1 0
193.77272033691406 922.6287841796875 1 826.9285888671875 1223.0714111328125 1 0
1267.107666015625 559.64617919921875 1 1559.534912109375 954.3604736328125 1 0
1267.107666015625 559.64617919921875 1 1559.534912109375 954.3604736328125 1 0
1267.25 557.1617431640625 1 1560.2142333984375 952.11224365234375 1 0
1267.329833984375 554.90423583984375 1 1560.2142333984375 952.11224365234375 1 0
1490.0362548828125 576.32611083984375 1 1720.550048828125 974.04998779296875 1 0
1490.0362548828125 576.32611083984375 1 1720.550048828125 974.04998779296875 1 0
980.6383056640625 738.24468994140625 1 1357.76416015625 1079.5189208984375 1 0
980.6383056640625 738.24468994140625 1 1357.76416015625 1079.5189208984375 1 0
1256.6014404296875 521.7039794921875 1 1745.39794921875 954.8265380859375 1 0
2187.67431640625 553.8394775390625 1 2095.515869140625 734.420654296875 1 0
204.95256042480469 1422.06201171875 1 931.162353515625 1633.7337646484375 1 0
679.59521484375 800.952392578125 1 1310.3421630859375 1090.4210205078125 1 0
796.7845458984375 783.665771484375 1 1233.203125 1113.125 1 0
501.9639892578125 864.364013671875 1 1318.3583984375 1059.57080078125 1 0
2166.471435546875 549.528564453125 1 2079.159912109375 729.58001708984375 1 0
764.8310546875 616.637939453125 1 534.95733642578125 287.56201171875 1 0
785.58331298828125 626.58331298828125 1 555.08001708984375 297.79998779296875 1 0
893.90478515625 678.4285888671875 1 662.7249755859375 354.27499389648437 1 0
893.90478515625 678.4285888671875 1 662.7249755859375 354.27499389648437 1 0
764.8310546875 616.637939453125 1 534.95733642578125 287.56201171875 1 0
950.14794921875 621.05145263671875 1 712.404541015625 297.28549194335937 1 0
950.14794921875 621.05145263671875 1 712.404541015625 297.28549194335937 1 0
847.43878173828125 654.4796142578125 1 618.0238037109375 329.71429443359375 1 0
857.72955322265625 639.0283203125 1 626.59454345703125 314.84909057617187 1 0
857.72955322265625 639.0283203125 1 626.59454345703125 314.84909057617187 1 0
858.86199951171875 639.8212890625 1 628.0670166015625 315.64431762695312 1 0
858.86199951171875 639.8212890625 1 628.0670166015625 315.64431762695312 1 0
944.4757080078125 633.6068115234375 1 708.08380126953125 309.927734375 1 0
914.326416015625 630.4266357421875 1 678.1832275390625 305.36911010742187 1 0
914.326416015625 630.4266357421875 1 678.1832275390625 305.36911010742187 1 0
758.8465576171875 1114.3790283203125 1 1285.2950439453125 1420.61767578125 1 0
755.08526611328125 1116.8570556640625 1 1285.9105224609375 1424.1363525390625 1 0
559.33245849609375 1057.9273681640625 1 1134.121337890625 1365.0606689453125 1 0
557.65185546875 1057.5784912109375 1 1134.121337890625 1365.0606689453125 1 0
1007.841796875 719.5506591796875 1 1373.1326904296875 1066.755126953125 1 0
966.64288330078125 693.64288330078125 1 975.1279296875 638.4534912109375 1 0
766.74322509765625 631.52703857421875 1 536.64703369140625 302.058837890625 1 0
1337.7103271484375 700.86676025390625 1 1615.8548583984375 1069.3441162109375 1 0
1337.7103271484375 700.86676025390625 1 1615.8548583984375 1069.3441162109375 1 0
2159.93701171875 567.37396240234375 1 2074.388916015625 743.91412353515625 1 0
54.040229797363281 833.53448486328125 1 153.83845520019531 712.80767822265625 1 0
63.626762390136719 990.232421875 1 195.34848022460937 873.31817626953125 1 0
785.76666259765625 688.29998779296875 1 811.06097412109375 620.98779296875 1 0
785.76666259765625 688.29998779296875 1 811.06097412109375 620.98779296875 1 0
779.796630859375 1096.8135986328125 1 1297.7708740234375 1406.375 1 0
2166.04931640625 558.51934814453125 1 2079.0498046875 737.85040283203125 1 0
2166.04931640625 558.51934814453125 1 2080.38623046875 738.23968505859375 1 0
131.819580078125 936.14947509765625 1 251.29069519042969 826.19769287109375 1 0
131.819580078125 936.14947509765625 1 251.29069519042969 826.19769287109375 1 0
130.90322875976562 936.29034423828125 1 250.80000305175781 826.20001220703125 1 0
130.90322875976562 936.29034423828125 1 250.80000305175781 826.20001220703125 1 0
153.05999755859375 1404.06005859375 1 895.227294921875 1621.3485107421875 1 0
2129.13720703125 566.9705810546875 1 2050.434326171875 743.10528564453125 1 0
115.19911193847656 1441.1549072265625 1 868.35333251953125 1645.4066162109375 1 0
2149.4254400000004 563.97839999999974 1 2066.3377610000002 739.60648499999968 1 1
164.57499999999976 941.45699999999977 1 808.34291501736118 1238.1897418576386 1 1
838.90857599999993 632.32015999999976 1 608.65158767361095 307.44542795138887 1 1
954.9441599999999 614.7076159999998 1 717.39340651041641 291.55180060763888 1 1
292.00224999999983 1432.2030833333333 1 1002.8583679999998 1650.9024426666665 1 1
1314.7607999999998 579.08719999999983 1 1602.6541145833335 981.08461458333318 1 1
334.53820799999971 874.40175999999974 1 433.3050773333332 781.80564266666659 1 1
1393.1300000000001 367.56 1 1651.01 819.62 1 1
1648.4100000000001 668.88 1 1853.3699999999999 1074.97 1 1
619.20000000000005 699.77999999999997 1 397.69 364.67000000000002 1 1
1226.04 487.62 1 1521.25 888.34000000000003 1 1
1556.7689165363352 592.24209657123868 1 1774.1015495544632 997.11177425651579 1 1
1486.8855362958905 455.25493475680543 1 1718.8057845189146 886.37959865547373 1 1
