406.2930908203125 200.94827270507812 1 276.36764526367188 325.98529052734375 1 0
48.142856597900391 304.30950927734375 1 570.26495361328125 288.50460815429687 1 0
48.142856597900391 304.30950927734375 1 570.26495361328125 288.50460815429687 1 0
47.685482025146484 410.09274291992187 1 656.2337646484375 365.47076416015625 1 0
47.685482025146484 410.09274291992187 1 656.2337646484375 365.47076416015625 1 0
423.83465576171875 169.04582214355469 1 260.67083740234375 282.89862060546875 1 0
407.45330810546875 156.36381530761719 1 240.96749877929687 297.00314331054687 1 0
268.88369750976562 247.84593200683594 1 270.25946044921875 487.06356811523438 1 0
59.994735717773438 224.13157653808594 1 509.08621215820313 213.74137878417969 1 0
61.705883026123047 233.30882263183594 1 515.9691162109375 221.12962341308594 1 0
385.66806030273437 502.02099609375 1 529.5 401.558837890625 1 0
51.913459777832031 185.38461303710937 1 470.32162475585937 200.30540466308594 1 0
70.684616088867188 307.16921997070312 1 581.54705810546875 261.5 1 0
55.426174163818359 336.73489379882813 1 599.32110595703125 303.29815673828125 1 0
40.877777099609375 211.96665954589844 1 486.50875854492187 235.07894897460937 1 0
64.461540222167969 215.94230651855469 1 502.48837280273437 205.75581359863281 1 0
250.21186828613281 225.1610107421875 1 250.75 484.31817626953125 1 0
68.258621215820313 276.31033325195312 1 554.16668701171875 244.57575988769531 1 0
562.82550048828125 236.30207824707031 1 314.89901733398437 258.69369506835937 1 0
562.82550048828125 236.30207824707031 1 314.89901733398437 258.69369506835937 1 0
633.7249755859375 176.52777099609375 1 326.52035522460937 112.0111083984375 1 0
589.640625 195.0703125 1 306.3736572265625 190.24006652832031 1 0
314.83334350585937 199.3800048828125 1 239.93589782714844 419.65383911132812 1 0
28.45121955871582 262.64633178710937 1 306.3736572265625 190.24006652832031 1 0
62.169387817382813 413.93673706054687 1 663.09735107421875 351.92575073242187 1 0
61.853801727294922 414.92691040039062 1 663.09735107421875 351.92575073242187 1 0
62.033332824707031 268.25555419921875 1 545.40740966796875 245.48147583007812 1 0
47.431034088134766 270.05172729492187 1 541.17144775390625 264.91427612304688 1 0
633.7989501953125 176.28350830078125 1 326.52035522460937 112.0111083984375 1 0
633.7989501953125 176.28350830078125 1 326.52035522460937 112.0111083984375 1 0
633.7249755859375 176.52777099609375 1 326.52035522460937 112.0111083984375 1 0
289.41802978515625 137.56556701660156 1 189.69999694824219 391.63751220703125 1 0
288.83731079101562 137.78059387207031 1 189.69999694824219 391.63751220703125 1 0
407.71176147460937 88.017646789550781 1 182.18055725097656 260.88888549804687 1 0
399.95159912109375 112.14516448974609 1 197.50970458984375 284.8106689453125 1 0
416.98300170898437 80.173469543457031 1 181.64797973632812 244.19058227539062 1 0
314.67855834960937 141.58927917480469 1 196.6212158203125 377.04544067382812 1 0
333.67141723632812 143.80000305175781 1 200.79032897949219 365.95159912109375 1 0
573.39129638671875 256.04348754882812 1 344.03622436523437 244.38406372070312 1 0
594.19879150390625 257.60842895507812 1 366.90875244140625 203.94525146484375 1 0
61.216419219970703 272.31591796875 1 548.4072265625 249.726806640625 1 0
61.216419219970703 272.31591796875 1 548.4072265625 249.726806640625 1 0
47.725959777832031 269.57211303710937 1 540.8812255859375 264.78176879882812 1 0
47.725959777832031 269.57211303710937 1 540.8812255859375 264.78176879882812 1 0
34.971698760986328 267.37420654296875 1 532.6861572265625 280.25375366210937 1 0
405.87289428710937 200.82608032226562 1 271.27163696289062 331.94320678710937 1 0
227.44215393066406 202.72451782226562 1 140.448974609375 458.6734619140625 1 0
267.32916259765625 198.53092956542969 1 233.08920288085937 452.19717407226562 1 0
25.093406677246094 265.22528076171875 1 524.7705078125 294.0860595703125 1 0
25.093406677246094 265.22528076171875 1 524.7705078125 294.0860595703125 1 0
255.02000427246094 132.8800048828125 1 180.22222900390625 413.3055419921875 1 0
255.02000427246094 132.8800048828125 1 180.22222900390625 413.3055419921875 1 0
290.52880859375 196.06015014648437 1 234.35000610351562 433.95999145507812 1 0
314.91641235351563 196.3990478515625 1 237.66709899902344 417.53857421875 1 0
245.61080932617187 203.43074035644531 1 233.23281860351562 471.6297607421875 1 0
90.692308417381454 356.4592911678763 1 623.71301159392976 281.52879819021587 1 1
585.7900706946931 357.61465736638701 1 597.3763087944194 35.771874823263786 1 1
81.812602507305101 258.75917994155907 1 543.52201904043739 217.60523140729569 1 1
214.95118295786597 225.30676783862762 1 245.58141766424734 511.57806202281074 1 1
317.46170044302005 107.54954284098407 1 144.73445376567062 388.6955283250071 1 1
382.04276180601374 157.37688189273257 1 223.92807427655762 334.06755584880767 1 1
594.94613064379291 208.14458478650201 1 323.03493071920064 184.5187576585918 1 1
90.337771703270818 70.143476293712908 1 370.14759355264391 96.173963615797888 1 1
361.96501649542842 62.287203317937596 1 101.49074747855593 349.08460175322841 1 1
