730.8551025390625 336.59420776367188 1 355.05172729492187 616.4827880859375 1 0
626.272705078125 304.68182373046875 1 686.45477294921875 319.64071655273438 1 0
729.79852294921875 433.87313842773437 1 871.7174072265625 381.56521606445312 1 0
378.10000610351562 470 1 126.994384765625 575.18914794921875 1 0
378.10000610351562 470 1 126.994384765625 575.18914794921875 1 0
388.5 204.95945739746094 1 208.95378112792969 51.348739624023438 1 0
532.07501220703125 429.67498779296875 1 356.23208618164062 619.1151123046875 1 0
532.07501220703125 429.67498779296875 1 356.23208618164062 619.1151123046875 1 0
379.97760009765625 233.58955383300781 1 151.66429138183594 63.635715484619141 1 0
601.7750244140625 488.125 1 446.8658447265625 661.231689453125 1 0
683.771728515625 328.98678588867188 1 812.0306396484375 409.66644287109375 1 0
636.5887451171875 374.80810546875 1 692.35400390625 400.01095581054687 1 0
641.1893310546875 317.76214599609375 1 713.3115234375 359.44967651367187 1 0
676.7957763671875 350.091552734375 1 792.15631103515625 456.83480834960937 1 0
793.61700439453125 473.52127075195312 1 949.5 682.72222900390625 1 0
631.28790283203125 337.28787231445312 1 692.35400390625 400.01095581054687 1 0
631.28790283203125 337.28787231445312 1 692.35400390625 400.01095581054687 1 0
471.5 364.5 1 456.73031616210937 309.94241333007812 1 0
471.5 364.5 1 456.73031616210937 309.94241333007812 1 0
274.558837890625 355.29412841796875 1 751.58001708984375 481.1400146484375 1 0
352.9053955078125 266.82431030273437 1 100.375 73.199073791503906 1 0
352.9053955078125 266.82431030273437 1 100.375 73.199073791503906 1 0
337.75640869140625 430.83334350585937 1 726.68292236328125 471.91464233398437 1 0
668.65386962890625 348.5 1 772.83953857421875 449.03024291992187 1 0
369.58572387695312 262.55712890625 1 151.47322082519531 64.004463195800781 1 0
435.86773681640625 392.00323486328125 1 339.84307861328125 376.927734375 1 0
522.54412841796875 221.20588684082031 1 81.425003051757812 59.299999237060547 1 0
513.8658447265625 162.14634704589844 1 339.84307861328125 376.927734375 1 0
406.0294189453125 403.72689819335938 1 248.59434509277344 403.91778564453125 1 0
412.57693481445312 401.19232177734375 1 268.92340087890625 398.04873657226562 1 0
486.26190185546875 337.07144165039063 1 494.84573364257812 250.97872924804688 1 0
388.59756469726562 410.45123291015625 1 194.45062255859375 419.72222900390625 1 0
539.5 147.84375 1 173.93307495117187 426.98818969726562 1 0
539.5 147.84375 1 173.93307495117187 426.98818969726562 1 0
410.75860595703125 312.01724243164063 1 273.3900146484375 183.54859924316406 1 0
410.75860595703125 312.01724243164063 1 273.3900146484375 183.54859924316406 1 0
549.5 272.30294799804687 1 644.839599609375 117.05704498291016 1 0
548.68853759765625 270.51638793945312 1 644.839599609375 117.05704498291016 1 0
548.68853759765625 270.51638793945312 1 644.839599609375 117.05704498291016 1 0
695.841796875 255.28480529785156 1 854.33905029296875 232.91650390625 1 0
695.841796875 255.28480529785156 1 854.33905029296875 232.91650390625 1 0
684.177978515625 254.73728942871094 1 821.08306884765625 227.84402465820312 1 0
684.177978515625 254.73728942871094 1 821.08306884765625 227.84402465820312 1 0
684.177978515625 254.73728942871094 1 821.08306884765625 227.84402465820312 1 0
684.177978515625 254.73728942871094 1 821.08306884765625 227.84402465820312 1 0
633.8702392578125 319.22900390625 1 698.18463134765625 357.59310913085937 1 0
633.48321533203125 318.95809936523437 1 698.18463134765625 357.59310913085937 1 0
675.45001220703125 255.27499389648438 1 82.536582946777344 78.243904113769531 1 0
636.9534912109375 252.43023681640625 1 711.9425048828125 198.57080078125 1 0
618.9154052734375 488.15383911132812 1 428.65383911132812 657.61962890625 1 0
618.9154052734375 488.15383911132812 1 428.65383911132812 657.61962890625 1 0
573.08905029296875 489.01370239257812 1 478.1573486328125 666.618896484375 1 0
672.9285888671875 73.961540222167969 1 953.24627685546875 108.58955383300781 1 0
601.5614013671875 488.0614013671875 1 446.6134033203125 661.1185302734375 1 0
659.65557861328125 253.12222290039062 1 760.0447998046875 216.17930603027344 1 0
659.65557861328125 253.12222290039062 1 760.0447998046875 216.17930603027344 1 0
496.94775390625 215.47015380859375 1 271.35556030273437 193.24444580078125 1 0
618.91790771484375 289.76864624023437 1 677.92071533203125 280.57586669921875 1 0
484.5155029296875 368.14340209960937 1 480.39559936523437 328.46978759765625 1 0
484.5155029296875 368.14340209960937 1 480.39559936523437 328.46978759765625 1 0
490.70001220703125 369.81430053710937 1 491.46575927734375 336.57534790039062 1 0
553.9339599609375 414.97171020507812 1 433.21304321289062 582.42828369140625 1 0
553.9339599609375 414.97171020507812 1 433.21304321289062 582.42828369140625 1 0
402.30392456054687 202.00981140136719 1 751.58001708984375 481.1400146484375 1 0
402.30392456054687 202.00981140136719 1 751.58001708984375 481.1400146484375 1 0
633.0897216796875 286.39743041992187 1 700.7060546875 278.78485107421875 1 0
380 233.5 1 151.47322082519531 64.004463195800781 1 0
649.74139404296875 254.30459594726562 1 738.02587890625 212.48365783691406 1 0
649.74139404296875 254.30459594726562 1 738.02587890625 212.48365783691406 1 0
695.841796875 255.28480529785156 1 854.33905029296875 232.91650390625 1 0
451.63161655198405 443.39444433971107 1 150.26708455085264 628.42170798378709 1 1
708.47094360073481 237.4533544682248 1 894.88621399123497 191.82971807230859 1 1
727.67877111419523 224.54749998964098 1 963.52564176730732 156.90272929609449 1 1
633.12302865400056 227.45226518608939 1 708.13338055342331 135.66741411166561 1 1
559.08510986384567 287.65172928264496 1 661.61073616740543 170.3276972381922 1 1
471.76956912624667 358.8816766313688 1 459.57910264869423 295.96255066452858 1 1
500.34769606511259 416.2258740702386 1 308.9866019417471 563.53732679800089 1 1
373.28388915072134 420.32838344801587 1 150.74124799698239 442.48810443962532 1 1
455.98506320791921 411.95878470285811 1 401.94773305683918 425.43269865208629 1 1
346.016187274336 259.97157440672095 1 81.224262180763048 58.702068015156385 1 1
691.46565934583839 437.43337732114236 1 717.20730511829572 719.82811386558569 1 1
723.58498444716747 345.7696201338486 1 935.64122319664477 453.48937813378825 1 1
398.41817136393621 493.39371288528611 1 140.84172872089729 654.67081723065326 1 1
