481.18292236328125 62.06097412109375 1 150.4765625 90.703125 1 0
127.68965148925781 40.681034088134766 1 178.24000549316406 83.699996948242187 1 0
141.75341796875 51.897258758544922 1 184.85848999023437 89.613204956054688 1 0
429.41705322265625 80.771888732910156 1 455.84353637695312 50.095294952392578 1 0
280.87078857421875 216.63482666015625 1 276.26351928710937 207.94595336914063 1 0
280.42855834960937 217.875 1 276.25640869140625 209.05128479003906 1 0
83.094261169433594 283.69671630859375 1 150.95333862304687 246.25999450683594 1 0
83.094261169433594 283.69671630859375 1 150.95333862304687 246.25999450683594 1 0
424.55264282226562 272.57894897460937 1 435.98147583007812 283.96295166015625 1 0
413.84066772460937 295.76373291015625 1 419.72763061523437 307.56503295898437 1 0
124.65334320068359 186.7691650390625 1 173.7197265625 183.65695190429688 1 0
175.97761535644531 284.9403076171875 1 198.95945739746094 254.51351928710937 1 0
363.731201171875 182.40751647949219 1 360.21563720703125 176.23933410644531 1 0
424.78262329101562 116.60869598388672 1 445.91250610351562 94.987503051757812 1 0
461.31158447265625 187.89131164550781 1 506.7049560546875 180.82298278808594 1 0
288.74844360351562 401.33230590820312 1 276.21429443359375 373.11904907226562 1 0
156.5885009765625 49.004425048828125 1 193.16667175292969 84.958335876464844 1 0
189.2391357421875 48.586956024169922 1 213.73077392578125 78.884613037109375 1 0
456 145.30645751953125 1 496.3118896484375 124.66831970214844 1 0
456 145.30645751953125 1 496.3118896484375 124.66831970214844 1 0
64.848533166214111 18.172504870668742 1 147.79085393998926 77.003268274900194 1 1
73.90797749784069 441.94892481126533 1 143.71084156839518 346.12175836422313 1 1
464.15953268443803 368.20449983950476 1 501.75418822726857 420.64043806642599 1 1
464.87822692123171 78.753059862722381 1 519.026217410252 34.120167069533728 1 1
291.74822458803771 215.7871409121461 1 284.35364230891173 208.387617824149 1 1
442.02104119558879 322.22136621224797 1 464.29504424300416 349.88485264094879 1 1
139.22659861671804 194.04399667374247 1 180.23534592048313 188.52458610999165 1 1
310.27001792071786 362.8765646841058 1 296.56271046401349 345.88190915212317 1 1
