75.364707946777344 337.07647705078125 1 277.362060546875 321.65518188476562 1 0
645.67950439453125 332.88461303710938 1 278.58224487304687 453.322509765625 1 0
649.33782958984375 423.229736328125 1 356.70101928710937 329.90206909179687 1 0
498.5 444.5 1 454 346 1 0
104.19976043701172 444.45034790039062 1 285.92425537109375 368.04544067382812 1 0
190.99777221679687 335.38888549804687 1 325.66665649414062 327.19049072265625 1 0
190.99777221679687 335.38888549804687 1 325.66665649414062 327.19049072265625 1 0
627.5526123046875 485.07894897460937 1 398.58694458007812 310.67391967773437 1 0
438.76803588867187 598.994873046875 1 164.83999633789062 613.62664794921875 1 0
587.70440673828125 285.07144165039062 1 496.1065673828125 330.82376098632812 1 0
655.5177001953125 451.53546142578125 1 516.16131591796875 402.79031372070312 1 0
264.54135131835937 329.45175170898437 1 356.70101928710937 329.90206909179687 1 0
200.46714782714844 387.47808837890625 1 328.70513916015625 349.34616088867188 1 0
264.54135131835937 329.45175170898437 1 356.70101928710937 329.90206909179687 1 0
262.65606689453125 329.95773315429687 1 355.07211303710937 329.0819091796875 1 0
358.90945434570312 370.94882202148437 1 395.93243408203125 351.60809326171875 1 0
208.18888854980469 477.29998779296875 1 453.61111450195312 347.79165649414062 1 0
208.18888854980469 477.29998779296875 1 453.61111450195312 347.79165649414062 1 0
619.5780029296875 164.92256164550781 1 516.30328369140625 280.56558227539062 1 0
619.685546875 204.67195129394531 1 514.375 297.20001220703125 1 0
619.685546875 204.67195129394531 1 514.375 297.20001220703125 1 0
619.685546875 204.67195129394531 1 514.375 297.20001220703125 1 0
619.685546875 204.67195129394531 1 514.375 297.20001220703125 1 0
684.56201171875 398.51654052734375 1 529.5888671875 382.54443359375 1 0
687.463623046875 403.49481201171875 1 530.21429443359375 384.60000610351562 1 0
687.463623046875 403.49481201171875 1 530.21429443359375 384.60000610351562 1 0
727.19744873046875 300.38204956054687 1 551.66668701171875 342.18182373046875 1 0
725.63031005859375 298.016845703125 1 551.66668701171875 342.18182373046875 1 0
725.63031005859375 298.016845703125 1 551.66668701171875 342.18182373046875 1 0
397.49826049804687 323.17050170898437 1 413.93341064453125 333.7528076171875 1 0
397.49826049804687 323.17050170898437 1 413.93341064453125 333.7528076171875 1 0
437.66470336914062 299.20587158203125 1 433.21591186523437 326.04544067382812 1 0
437.66470336914062 299.20587158203125 1 433.21591186523437 326.04544067382812 1 0
437.66470336914062 299.20587158203125 1 433.21591186523437 326.04544067382812 1 0
409.18707275390625 402.68368530273437 1 416.39999389648437 367.89999389648437 1 0
412.41546630859375 423.82070922851562 1 414.868408203125 377.131591796875 1 0
413.6988525390625 419.76181030273437 1 414.84744262695312 375.14407348632812 1 0
419.93032836914062 507.48098754882812 1 413.77651977539062 412.540283203125 1 0
450.02078247070312 266.47329711914062 1 439.64569091796875 312.70529174804687 1 0
495.46743774414062 307.1236572265625 1 453.61111450195312 347.79165649414062 1 0
495.46743774414062 307.1236572265625 1 456.65908813476562 332.757568359375 1 0
299.2288818359375 366.29556274414062 1 371.0333251953125 345.41110229492187 1 0
299.2288818359375 366.29556274414062 1 371.0333251953125 345.41110229492187 1 0
299.60223388671875 366.23162841796875 1 371.0333251953125 345.41110229492187 1 0
299.60223388671875 366.23162841796875 1 371.0333251953125 345.41110229492187 1 0
351.47467041015625 274.51266479492187 1 398.58694458007812 310.67391967773437 1 0
351.47467041015625 274.51266479492187 1 398.58694458007812 310.67391967773437 1 0
621.4833984375 387.61618041992187 1 503.83334350585937 373.72222900390625 1 0
493.6143798828125 339.29412841796875 1 453.61111450195312 347.79165649414062 1 0
493.6143798828125 339.29412841796875 1 454 346 1 0
493.6143798828125 339.29412841796875 1 453.61111450195312 347.79165649414062 1 0
468.37545776367187 432.27935791015625 1 437.54165649414062 383.54165649414062 1 0
468.37545776367187 432.27935791015625 1 437.54165649414062 383.54165649414062 1 0
624.7828369140625 355.46969604492187 1 507.34210205078125 359.42105102539062 1 0
772.917724609375 339.6265869140625 1 632.074462890625 385.09573364257812 1 0
213.80734252929687 119.70183563232422 1 347.54998779296875 238 1 0
242.02464294433594 219.06513977050781 1 353.47222900390625 281.13888549804687 1 0
471.38812255859375 135.28321838378906 1 455.125 259.5625 1 0
472.06668090820312 134.72222900390625 1 455.125 259.5625 1 0
471.38812255859375 135.28321838378906 1 455.125 259.5625 1 0
245.28947448730469 117.65789794921875 1 509.31170654296875 296.00628662109375 1 0
629.6312255859375 115.24113464355469 1 522.3043212890625 259.978271484375 1 0
530.2193603515625 432.30108642578125 1 463.76416015625 387.17926025390625 1 0
558.64892578125 150.62765502929687 1 797.91461181640625 273.84146118164062 1 0
120.82038879394531 226.65533447265625 1 353.47222900390625 281.13888549804687 1 0
87.006027221679688 480.36746215820313 1 603.83331298828125 421.76190185546875 1 0
601.5384521484375 514.41668701171875 1 492.43478393554687 418.36956787109375 1 0
601.5384521484375 514.41668701171875 1 492.43478393554687 418.36956787109375 1 0
708.71868896484375 401.8431396484375 1 539.55340576171875 385.23300170898437 1 0
708.71868896484375 401.8431396484375 1 539.55340576171875 385.23300170898437 1 0
471.0841064453125 374.1221923828125 1 442.21286010742188 359.51486206054687 1 0
471.0841064453125 374.1221923828125 1 442.21286010742188 359.51486206054687 1 0
538.21429443359375 151.74490356445312 1 429.4444580078125 359.36111450195313 1 0
433.73239135742187 436.75787353515625 1 418.88235473632812 382.91177368164062 1 0
600.27545166015625 402.05508422851562 1 494.62820434570312 378.83334350585937 1 0
365.8533935546875 226.06015014648437 1 405.44338989257812 290.74526977539062 1 0
365.8533935546875 226.06015014648437 1 405.44338989257812 290.74526977539062 1 0
491.829833984375 226.84031677246094 1 457.547607421875 298.9952392578125 1 0
491.829833984375 226.84031677246094 1 457.547607421875 298.9952392578125 1 0
483.7039794921875 228.17662048339844 1 457.547607421875 298.9952392578125 1 0
483.7039794921875 228.17662048339844 1 457.547607421875 298.9952392578125 1 0
478.45135498046875 322.9476318359375 1 447.97195434570312 335.40386962890625 1 0
648.20648193359375 296.5980224609375 1 522.610595703125 333.13275146484375 1 0
644.28582763671875 286.45098876953125 1 522.610595703125 333.13275146484375 1 0
784.90301513671875 300.40875244140625 1 577.1153564453125 342.63461303710937 1 0
503.80838012695313 399.0609130859375 1 454.35385131835937 372 1 0
431.22686767578125 469.98458862304687 1 419.93441772460937 397.36886596679687 1 0
607.765625 203.56697082519531 1 509.31170654296875 296.00628662109375 1 0
607.765625 203.56697082519531 1 509.31170654296875 296.00628662109375 1 0
610.1458740234375 496.16229248046875 1 492.43478393554687 418.36956787109375 1 0
610.1458740234375 496.16229248046875 1 492.43478393554687 418.36956787109375 1 0
431.08432006835937 469.06207275390625 1 419.93441772460937 397.36886596679687 1 0
618.61749267578125 487.34423828125 1 493.81158447265625 415.55435180664062 1 0
618.61749267578125 487.34423828125 1 493.81158447265625 415.55435180664062 1 0
618.61749267578125 487.34423828125 1 493.81158447265625 415.55435180664062 1 0
592.78021240234375 485.55398559570312 1 572.445068359375 417.40109252929687 1 0
446.0574951171875 485.8275146484375 1 425.55264282226562 405.47369384765625 1 0
243.34358215332031 376.89944458007813 1 346.7156982421875 347.24508666992187 1 0
611.10296630859375 488.0916748046875 1 493.81158447265625 415.55435180664062 1 0
611.10296630859375 488.0916748046875 1 493.81158447265625 415.55435180664062 1 0
611.10296630859375 488.0916748046875 1 493.81158447265625 415.55435180664062 1 0
474.46255493164062 469.700439453125 1 438.29244995117187 399.82073974609375 1 0
633.01458740234375 420.59707641601562 1 365.3302001953125 334.65093994140625 1 0
305.97100830078125 531.01812744140625 1 362.52041625976562 415.23468017578125 1 0
569.16668701171875 259.91128540039062 1 490.42156982421875 317.12744140625 1 0
374.38119506835937 378.00494384765625 1 402.02777099609375 355.77777099609375 1 0
375.056640625 377.2493896484375 1 402.02777099609375 355.77777099609375 1 0
469.06863403320312 118.48039245605469 1 153.02777099609375 226.36111450195312 1 0
647.83843994140625 114.31736755371094 1 530.531494140625 260.79922485351562 1 0
647.83843994140625 114.31736755371094 1 530.531494140625 260.79922485351562 1 0
667.3607177734375 113.7357177734375 1 538.0106201171875 261.7127685546875 1 0
667.3607177734375 113.7357177734375 1 538.0106201171875 261.7127685546875 1 0
62.836841583251953 446.74209594726562 1 239.8265380859375 360.76531982421875 1 0
160.4013671875 449.77041625976562 1 307.98648071289063 373.54052734375 1 0
50.701614379882813 444.72579956054687 1 239.8265380859375 360.76531982421875 1 0
649.141845703125 405.25653076171875 1 514.12744140625 384.2843017578125 1 0
647.91693115234375 409.39968872070313 1 514.12744140625 384.2843017578125 1 0
647.91693115234375 409.39968872070313 1 483.88525390625 274.70492553710937 1 0
683.10162353515625 296.46255493164062 1 535.63043212890625 340.13043212890625 1 0
332.32000732421875 358.33999633789062 1 172.61077880859375 274.88922119140625 1 0
332.32000732421875 358.33999633789062 1 172.61077880859375 274.88922119140625 1 0
163.31976318359375 548.22674560546875 1 304.15789794921875 413.97369384765625 1 0
307.13973999023437 263.53973388671875 1 379.56991577148437 303.30419921875 1 0
618.31260417448823 216.65620026279981 1 512.32235060700191 301.93009435379878 1 1
843.08136507513802 238.6885979583115 1 603.52030119856568 324.24508045899358 1 1
798.58513242422441 34.056798322702548 1 596.50349511671948 237.2646581091845 1 1
341.31835390907452 8.2705940125013715 1 409.40109715308853 198.88903297353349 1 1
367.20821542315707 184.08364411695021 1 409.97130401295317 273.45950117173976 1 1
811.65469790553527 337.03558583915088 1 585.24137625077901 363.14600350294478 1 1
588.17411705618679 546.65349408352347 1 481.11636293682221 437.80209362992997 1 1
167.50798183452972 414.59902318070328 1 312.52134242881965 358.10399650766993 1 1
