749.2750244140625 65.800003051757812 1 719.469970703125 574.03997802734375 1 0
1407.457763671875 291.7957763671875 1 174.16667175292969 437.64285278320313 1 0
742.92718505859375 80.898056030273438 1 1306.608154296875 208.16215515136719 1 0
446.38656616210937 737.9495849609375 1 1213.197509765625 721.51544189453125 1 0
1426.231689453125 280.3780517578125 1 189.94680786132812 434.15957641601562 1 0
1426.231689453125 280.3780517578125 1 189.94680786132812 434.15957641601562 1 0
1360.375 342.828125 1 127.84883880615234 462.38372802734375 1 0
545.5447998046875 75.902984619140625 1 1440.6212158203125 138.242431640625 1 0
727.66668701171875 84.305557250976563 1 328.9375 68.625 1 0
795.49090576171875 685.11956787109375 1 1213.197509765625 721.51544189453125 1 0
1393.0714111328125 269.5428466796875 1 169.86585998535156 417.52438354492187 1 0
1285.5133056640625 252.34333801269531 1 94.86309814453125 373.42855834960937 1 0
1353.1666259765625 263.3070068359375 1 143.69999694824219 401.64999389648438 1 0
1353.1666259765625 263.3070068359375 1 143.69999694824219 401.64999389648438 1 0
518.78204345703125 192.42308044433594 1 328.9375 68.625 1 0
518.78204345703125 192.42308044433594 1 328.9375 68.625 1 0
629.94305419921875 139.13290405273437 1 1124.487060546875 179.66883850097656 1 0
199.1568603515625 404.3431396484375 1 1131.7564697265625 84.538459777832031 1 0
1302.5850830078125 359.29788208007812 1 78.949272155761719 459.25363159179687 1 0
1330.178955078125 252.4068603515625 1 128.89230346679687 386.83462524414062 1 0
1330.178955078125 252.4068603515625 1 128.89230346679687 386.83462524414062 1 0
1325.5311279296875 250.43782043457031 1 126.06779479980469 384.52542114257812 1 0
1326.3499755859375 251.77499389648437 1 126.6875 385.53125 1 0
1326.3499755859375 251.77499389648437 1 126.6875 385.53125 1 0
1296.516845703125 442.8797607421875 1 962.8375244140625 590.8028564453125 1 0
1316.161865234375 333.09048461914062 1 96.876045227050781 443.47494506835937 1 0
1316.161865234375 333.09048461914062 1 96.876045227050781 443.47494506835937 1 0
1313.711669921875 328 1 96.124114990234375 438.67022705078125 1 0
1389.8934326171875 251.09016418457031 1 172.593017578125 403.15115356445312 1 0
1389.8934326171875 251.09016418457031 1 172.593017578125 403.15115356445312 1 0
1373.407958984375 237.74539184570312 1 164.55375671386719 389.18817138671875 1 0
716.54443359375 175.41111755371094 1 332.70001220703125 147.27777099609375 1 0
1307.9765625 276.3154296875 1 105.99344635009766 398.24673461914062 1 0
1432.7974853515625 238.65951538085937 1 204.53529357910156 406.42941284179687 1 0
1432.7974853515625 238.65951538085937 1 204.53529357910156 406.42941284179687 1 0
1408.038818359375 247.04740905761719 1 186.05262756347656 405.28070068359375 1 0
382.10211181640625 430.7371826171875 1 172.593017578125 403.15115356445312 1 0
850.0294189453125 320.20587158203125 1 727.84881591796875 330.31396484375 1 0
1392.14892578125 326.72125244140625 1 155.11711120605469 458.38287353515625 1 0
1390.7200927734375 329.01351928710937 1 153.35064697265625 459.7987060546875 1 0
1390.27880859375 329.73077392578125 1 153.35064697265625 459.7987060546875 1 0
1280.3951416015625 283.57864379882812 1 82.345710754394531 395.345703125 1 0
1280.3951416015625 283.57864379882812 1 82.345710754394531 395.345703125 1 0
869.95452880859375 309.51654052734375 1 1131.9625244140625 394.41250610351562 1 0
1342.5172119140625 206.81034851074219 1 150.8157958984375 357.84210205078125 1 0
1445.9200439453125 313.57000732421875 1 194.34210205078125 463.21054077148437 1 0
1444.9857177734375 314.37142944335937 1 194.34210205078125 463.21054077148437 1 0
1307.9765625 276.3154296875 1 105.99344635009766 398.24673461914062 1 0
182.98837280273437 721.02325439453125 1 704.779296875 527.8603515625 1 0
1281.6304931640625 302.08694458007812 1 78.579368591308594 409.9920654296875 1 0
708.9761962890625 248.56349182128906 1 569.77630615234375 236.83552551269531 1 0
1317.4583740234375 378.54165649414062 1 653.68072509765625 523.84942626953125 1 0
516.6629638671875 278.77407836914062 1 621.92108154296875 419.55264282226562 1 0
1436.8917236328125 256.73712158203125 1 202.92308044433594 420.34616088867188 1 0
560.3037109375 232.3291015625 1 1031.2252197265625 217.26953125 1 0
1268.47802734375 245.32455444335937 1 629.870361328125 411.52645874023437 1 0
656.36663818359375 551.70001220703125 1 468.32705688476562 515.4849853515625 1 0
651.30133056640625 553.20196533203125 1 468.32705688476562 515.4849853515625 1 0
854.843505859375 707.36260986328125 1 1035.8193359375 743.60394287109375 1 0
640.592041015625 650.9141845703125 1 1028.8829345703125 675.9149169921875 1 0
262.1510009765625 839.0972900390625 1 558.8221435546875 626.37921142578125 1 0
934.4261474609375 159.68121337890625 1 80.829269409179687 192.30487060546875 1 0
733.5975341796875 88.963417053222656 1 597.13873291015625 106.42670440673828 1 0
971.921630859375 690.89404296875 1 1028.8829345703125 675.9149169921875 1 0
526.25177001953125 711.62054443359375 1 1041.0682373046875 72.875 1 0
1191.7139892578125 51.958515167236328 1 80.829269409179687 192.30487060546875 1 0
726.4705810546875 246.88235473632812 1 80.829269409179687 192.30487060546875 1 0
806.655029296875 823.8875732421875 1 609.54193115234375 891.10479736328125 1 0
942.12066650390625 179.91378784179687 1 80.582191467285156 213.51370239257812 1 0
518.34124755859375 96.357139587402344 1 1403 136.375 1 0
1147.5 48.084907531738281 1 44.848838806152344 171.10464477539062 1 0
677.8134765625 706.70635986328125 1 1079.474365234375 719.7447509765625 1 0
464.90811157226562 702.62890625 1 1028.8829345703125 675.9149169921875 1 0
660.04345703125 390.34783935546875 1 377.984375 338.765625 1 0
660.04345703125 390.34783935546875 1 377.984375 338.765625 1 0
643.96575927734375 831.21234130859375 1 1394.77001953125 800.09228515625 1 0
705.51904296875 825.81927490234375 1 1125.061767578125 843.71978759765625 1 0
654.05810546875 805.5382080078125 1 1055.001953125 817.9622802734375 1 0
299.93182373046875 747.2613525390625 1 1373.091552734375 848.2117919921875 1 0
299.93182373046875 747.2613525390625 1 1373.091552734375 848.2117919921875 1 0
441.47500610351562 246.14999389648437 1 1408.739990234375 232.75999450683594 1 0
582.59228515625 159.515380859375 1 185.19013977050781 52.563381195068359 1 0
403.6129150390625 24.935483932495117 1 709.5487060546875 828.10675048828125 1 0
1278.851806640625 292.96295166015625 1 78.954544067382812 402.1363525390625 1 0
874.4056396484375 260.34906005859375 1 420.06668090820312 331.7833251953125 1 0
874.4056396484375 260.34906005859375 1 420.06668090820312 331.7833251953125 1 0
473.55264282226562 229.84210205078125 1 1408.739990234375 232.75999450683594 1 0
589.95159912109375 162.14515686035156 1 504.86221313476562 96.035430908203125 1 0
867.22784423828125 842.33197021484375 1 1312.15478515625 872.12261962890625 1 0
839.66217041015625 371.52703857421875 1 907.9749755859375 428.52499389648438 1 0
961.41253662109375 835.9886474609375 1 1399.1182861328125 873.40399169921875 1 0
1122.1947021484375 639.02447509765625 1 1314.777587890625 650.61407470703125 1 0
860.0999755859375 364.64999389648438 1 931.52703857421875 430.9053955078125 1 0
485.97021484375 820.5936279296875 1 1055.001953125 817.9622802734375 1 0
485.97021484375 820.5936279296875 1 1389.28271484375 824.1856689453125 1 0
386.89422607421875 48.076923370361328 1 709.5487060546875 828.10675048828125 1 0
308.23504638671875 35.363246917724609 1 709.5487060546875 828.10675048828125 1 0
418.11322021484375 27.179244995117187 1 709.5487060546875 828.10675048828125 1 0
370.40081787109375 871.28790283203125 1 1355.3271484375 872.22039794921875 1 0
326.887939453125 119.04310607910156 1 709.5487060546875 828.10675048828125 1 0
304.62710571289062 61.406780242919922 1 709.5487060546875 828.10675048828125 1 0
845.04840087890625 223.66128540039062 1 1317.38525390625 360.7786865234375 1 0
294.22308349609375 141.65383911132812 1 709.5487060546875 828.10675048828125 1 0
294.22308349609375 141.65383911132812 1 709.5487060546875 828.10675048828125 1 0
415.22320556640625 52.580356597900391 1 709.5487060546875 828.10675048828125 1 0
651.74053955078125 855.12030029296875 1 1343.251220703125 731.30975341796875 1 0
651.74053955078125 855.12030029296875 1 1059.095703125 869.802734375 1 0
501.19497680664062 797.48040771484375 1 1373.091552734375 848.2117919921875 1 0
353.57769775390625 793.685791015625 1 1048.49755859375 768.13592529296875 1 0
1266.2177734375 196.85148620605469 1 96.775360107421875 326.21737670898437 1 0
1314.2906494140625 177.4534912109375 1 138.92453002929687 327.632080078125 1 0
1089.669677734375 243.35453796386719 1 188.32539367675781 233.56349182128906 1 0
1056.849609375 191.58943176269531 1 188.32539367675781 233.56349182128906 1 0
1420.6051025390625 161.28985595703125 1 225.53787231445312 309.1363525390625 1 0
1356.43798828125 162.4534912109375 1 171.10714721679687 331.125 1 0
1356.43798828125 162.4534912109375 1 171.10714721679687 331.125 1 0
1375.22216796875 72.853538513183594 1 217.40196228027344 236.53921508789063 1 0
1342.5 140.20042419433594 1 168.953125 310.3203125 1 0
1417.799072265625 141.84822082519531 1 219.19523620605469 334.81430053710937 1 0
1084.780029296875 106.09999847412109 1 224.53572082519531 214 1 0
1399.6240234375 80.491737365722656 1 231.68803405761719 249.33760070800781 1 0
1301.253173828125 72 1 158.91128540039062 248.60484313964844 1 0
1397.8983154296875 64.191055297851563 1 225.80252075195312 275.8697509765625 1 0
1243.032958984375 784.66552734375 1 801.11572265625 839.23480224609375 1 0
891.8424072265625 660.67236328125 1 1342.1190185546875 718.1031494140625 1 0
294.17742919921875 701.36175537109375 1 1226.749267578125 646.3868408203125 1 0
490.18331909179687 113.08333587646484 1 680.125 17.828125 1 0
340.6119384765625 692.171630859375 1 1226.749267578125 646.3868408203125 1 0
443.37640380859375 184.7471923828125 1 606.7977294921875 52.595504760742188 1 0
678.604248046875 687.5521240234375 1 1076.03515625 699.39794921875 1 0
1105.7564697265625 238.74359130859375 1 229.41802978515625 250.04098510742187 1 0
1114.261962890625 192.65237426757812 1 1459.91796875 228.70895385742187 1 0
1233.0789794921875 848.9385986328125 1 343.9671630859375 219.44160461425781 1 0
411.5 159.33636474609375 1 680.125 17.828125 1 0
1200.951904296875 75.894233703613281 1 80.582191467285156 213.51370239257812 1 0
1200.951904296875 75.894233703613281 1 80.582191467285156 213.51370239257812 1 0
868.3460693359375 585.433837890625 1 1036.7347412109375 636.00152587890625 1 0
318.35897827148437 436.62820434570312 1 343.11956787109375 239.97825622558594 1 0
244.63157653808594 135.21052551269531 1 536.68365478515625 716.948974609375 1 0
201.89024353027344 285.91464233398438 1 536.68365478515625 716.948974609375 1 0
164.58570861816406 218.38571166992187 1 709.95892333984375 850.5684814453125 1 0
224.73809814453125 271 1 536.68365478515625 716.948974609375 1 0
129.3157958984375 507.44735717773437 1 536.68365478515625 716.948974609375 1 0
225 462.78945922851563 1 536.68365478515625 716.948974609375 1 0
220.78205871582031 298.9871826171875 1 536.68365478515625 716.948974609375 1 0
236.81428527832031 51.642856597900391 1 536.68365478515625 716.948974609375 1 0
240.80000305175781 161.55000305175781 1 536.68365478515625 716.948974609375 1 0
214.14865112304688 204.95945739746094 1 536.68365478515625 716.948974609375 1 0
225.61764526367187 126.88235473632813 1 536.68365478515625 716.948974609375 1 0
212.5 357 1 536.68365478515625 716.948974609375 1 0
171.81428527832031 355.18569946289062 1 536.68365478515625 716.948974609375 1 0
176.15625 327.4375 1 536.68365478515625 716.948974609375 1 0
172.45237731933594 487.4761962890625 1 536.68365478515625 716.948974609375 1 0
172.45237731933594 487.4761962890625 1 709.95892333984375 850.5684814453125 1 0
199.83332824707031 446.29998779296875 1 536.68365478515625 716.948974609375 1 0
159.26315307617187 439.65789794921875 1 536.68365478515625 716.948974609375 1 0
208.21427917480469 386.23809814453125 1 536.68365478515625 716.948974609375 1 0
150.52632141113281 497.71054077148437 1 709.95892333984375 850.5684814453125 1 0
154.82432556152344 468.39190673828125 1 709.95892333984375 850.5684814453125 1 0
195.60417175292969 476.625 1 536.68365478515625 716.948974609375 1 0
216.16667175292969 526.78570556640625 1 536.68365478515625 716.948974609375 1 0
168.14443969726562 517.34442138671875 1 709.95892333984375 850.5684814453125 1 0
163.15789794921875 411.10525512695312 1 536.68365478515625 716.948974609375 1 0
191.28260803222656 507.91305541992187 1 536.68365478515625 716.948974609375 1 0
150.52632141113281 497.71054077148437 1 536.68365478515625 716.948974609375 1 0
184.528564453125 273.21429443359375 1 536.68365478515625 716.948974609375 1 0
181.15789794921875 428.21054077148437 1 536.68365478515625 716.948974609375 1 0
228.91026306152344 243.16667175292969 1 536.68365478515625 716.948974609375 1 0
216.80232238769531 327.84884643554687 1 536.68365478515625 716.948974609375 1 0
186.6875 538.83331298828125 1 536.68365478515625 716.948974609375 1 0
189.55128479003906 370.21795654296875 1 536.68365478515625 716.948974609375 1 0
176.87208557128906 457.3604736328125 1 536.68365478515625 716.948974609375 1 0
329.8870849609375 92.588706970214844 1 709.5487060546875 828.10675048828125 1 0
581.52740478515625 173.19862365722656 1 181.60404968261719 64.465316772460938 1 0
756.4569091796875 673.06732177734375 1 1397.9310302734375 713.05206298828125 1 0
874.5526123046875 217.35964965820312 1 420.06668090820312 331.7833251953125 1 0
874.5526123046875 217.35964965820312 1 420.06668090820312 331.7833251953125 1 0
889.79632568359375 812.1568603515625 1 1373.091552734375 848.2117919921875 1 0
889.79632568359375 812.1568603515625 1 1373.091552734375 848.2117919921875 1 0
516.1209716796875 200.78225708007812 1 1287.8353271484375 207.42352294921875 1 0
477.19268798828125 843.3927001953125 1 1394.77001953125 800.09228515625 1 0
1397.8597412109375 278.02438354492187 1 171.32716369628906 424.7716064453125 1 0
1434.0203857421875 250.51020812988281 1 742.56524658203125 461.08694458007812 1 0
948.8800048828125 748.9515380859375 1 1389.28271484375 824.1856689453125 1 0
948.8800048828125 748.9515380859375 1 1389.28271484375 824.1856689453125 1 0
874.61663818359375 348.81668090820312 1 420.06668090820312 331.7833251953125 1 0
874.61663818359375 348.81668090820312 1 420.06668090820312 331.7833251953125 1 0
259.5 31.970588684082031 1 536.68365478515625 716.948974609375 1 0
252.37661743164063 226.40908813476562 1 663.1148681640625 892.673583984375 1 0
453.96533203125 51.163368225097656 1 185.5 718.9952392578125 1 0
286.58029174804687 197.1058349609375 1 709.5487060546875 828.10675048828125 1 0
343.75186157226562 94.655555725097656 1 709.95892333984375 850.5684814453125 1 0
1361.76416015625 353.96966552734375 1 125.61676788330078 470.83233642578125 1 0
364.32733154296875 124.65827178955078 1 709.95892333984375 850.5684814453125 1 0
1350.5518776873007 229.59044989057557 1 149.9077068292147 376.82109267279168 1 1
1338.8272628535874 282.04447915545461 1 127.21195340018421 411.67690836558666 1 1
1267.0530668224917 384.48647027990307 1 42.450443619004204 469.3390483720309 1 1
1455.6404334756155 264.3237060288937 1 213.23740580157676 430.97127837852418 1 1
1247.2516679867315 169.12773737876893 1 89.968237543593816 299.59196747441268 1 1
1242.1461726656503 100.41509912355237 1 105.58608901330506 247.52115475256753 1 1
1454.3194793602572 115.15839081308791 1 248.64608500720999 328.01931403111166 1 1
1429.8732961676155 27.553517282099364 1 254.02966553048503 261.76102158705515 1 1
