983.91668701171875 638.92498779296875 1 223.23228454589844 575.5 1 0
1376.679443359375 630.8846435546875 1 666.57891845703125 579.3157958984375 1 0
1376.679443359375 630.8846435546875 1 666.47222900390625 570.47222900390625 1 0
999.42913818359375 612.4842529296875 1 240.78205871582031 548.9359130859375 1 0
999.42913818359375 612.4842529296875 1 240.78205871582031 548.9359130859375 1 0
999.42913818359375 612.4842529296875 1 240.78205871582031 548.9359130859375 1 0
1030.142822265625 870.75 1 263.26470947265625 815.19610595703125 1 0
1030.142822265625 870.75 1 263.26470947265625 815.19610595703125 1 0
1030.142822265625 870.75 1 263.26470947265625 815.19610595703125 1 0
1014.3159790039062 844.25201416015625 1 247.65328979492187 787.48541259765625 1 0
1014.3159790039062 844.25201416015625 1 247.65328979492187 787.48541259765625 1 0
1030.38330078125 752.82501220703125 1 267.82232666015625 694.83056640625 1 0
1331.98974609375 733.43878173828125 1 575.522216796875 665.5 1 0
1030.1240234375 714.07598876953125 1 269.25970458984375 654.63177490234375 1 0
1030.1240234375 714.07598876953125 1 269.25970458984375 654.63177490234375 1 0
1014.963623046875 779.18182373046875 1 250.66923522949219 720.70001220703125 1 0
1030.23193359375 739.6231689453125 1 268.13308715820313 681.34893798828125 1 0
1030.23193359375 739.6231689453125 1 268.13308715820313 681.34893798828125 1 0
983.9000244140625 677.0809326171875 1 221.95298767089844 614.9786376953125 1 0
983.91070556640625 626.08038330078125 1 224.31343078613281 562.223876953125 1 0
983.91070556640625 626.08038330078125 1 224.31343078613281 562.223876953125 1 0
1015.510009765625 611.28997802734375 1 258.16665649414062 548.9786376953125 1 0
1015.510009765625 611.28997802734375 1 258.16665649414062 548.9786376953125 1 0
828.42498779296875 571.57501220703125 1 72.645454406738281 619.7545166015625 1 0
1011.4545288085937 883.92425537109375 1 243.95762634277344 828.2796630859375 1 0
983.5098876953125 818.62872314453125 1 216.09689331054687 760.5 1 0
983.5098876953125 818.62872314453125 1 216.09689331054687 760.5 1 0
983.231689453125 805.75201416015625 1 216.71212768554688 747.1060791015625 1 0
983.231689453125 805.75201416015625 1 216.71212768554688 747.1060791015625 1 0
998.70831298828125 795.625 1 232.89622497558594 737.2735595703125 1 0
999.220458984375 779.54302978515625 1 234.00961303710937 720.8365478515625 1 0
1014.963623046875 779.18182373046875 1 250.66923522949219 720.70001220703125 1 0
1014.963623046875 779.18182373046875 1 250.66923522949219 720.70001220703125 1 0
999.25421142578125 625.14404296875 1 240.46800231933594 562.3800048828125 1 0
999.25421142578125 625.14404296875 1 240.46800231933594 562.3800048828125 1 0
1014.7380981445312 624.27777099609375 1 256.8055419921875 562.01849365234375 1 0
1014.7380981445312 624.27777099609375 1 256.8055419921875 562.01849365234375 1 0
984.0108642578125 550.54345703125 1 227.63792419433594 484.37069702148437 1 0
984.0108642578125 550.54345703125 1 227.63792419433594 484.37069702148437 1 0
845.35711669921875 523.1190185546875 1 77.477272033691406 521.227294921875 1 0
1675.197021484375 785.54547119140625 1 900.52130126953125 748.2021484375 1 0
1675.197021484375 785.54547119140625 1 900.52130126953125 748.2021484375 1 0
997.725830078125 820.3870849609375 1 230.86538696289062 762.65386962890625 1 0
997.725830078125 820.3870849609375 1 230.86538696289062 762.65386962890625 1 0
1014.7916870117187 703.72222900390625 1 253.21052551269531 643.5526123046875 1 0
1014.7916870117187 703.72222900390625 1 253.21052551269531 643.5526123046875 1 0
1014.7916870117187 703.72222900390625 1 253.21052551269531 643.5526123046875 1 0
998.98516845703125 663.2227783203125 1 238.82173156738281 601.45654296875 1 0
998.98516845703125 663.2227783203125 1 238.82173156738281 601.45654296875 1 0
999.0538330078125 676.53076171875 1 240.78205871582031 548.9359130859375 1 0
999.0538330078125 676.53076171875 1 238.16206359863281 615.05859375 1 0
999.0538330078125 676.53076171875 1 238.16206359863281 615.05859375 1 0
999.0538330078125 676.53076171875 1 238.16206359863281 615.05859375 1 0
1454.0714111328125 631.0714111328125 1 514.0999755859375 1042.390869140625 1 0
1030.5076904296875 610.6153564453125 1 273.79629516601562 548.92962646484375 1 0
1409.22216796875 603.58331298828125 1 645.83331298828125 551.3055419921875 1 0
1030.142822265625 870.75 1 263.26470947265625 815.19610595703125 1 0
1029.9561767578125 768.5 1 267.3709716796875 710.41937255859375 1 0
1029.9561767578125 768.5 1 267.3709716796875 710.41937255859375 1 0
984.04095458984375 741.1802978515625 1 219.42805480957031 680.98919677734375 1 0
1016.3360595703125 742.18853759765625 1 253.06922912597656 683.0999755859375 1 0
1031.0926513671875 703.370361328125 1 267.3709716796875 710.41937255859375 1 0
1031.0926513671875 703.370361328125 1 267.3709716796875 710.41937255859375 1 0
999.21051025390625 689.51751708984375 1 237.6199951171875 628.23602294921875 1 0
999.21051025390625 689.51751708984375 1 237.6199951171875 628.23602294921875 1 0
1030.421875 857.21875 1 264.21286010742187 800.83660888671875 1 0
1030.421875 857.21875 1 264.21286010742187 800.83660888671875 1 0
1537.4508056640625 761.6639404296875 1 772.89532470703125 720.9185791015625 1 0
1537.4508056640625 761.6639404296875 1 772.89532470703125 720.9185791015625 1 0
1652.12939453125 757.17132568359375 1 879.85528564453125 719.79608154296875 1 0
1652.12939453125 757.17132568359375 1 879.85528564453125 719.79608154296875 1 0
887.83331298828125 545.227294921875 1 123.29104614257813 522.14178466796875 1 0
887.83331298828125 545.227294921875 1 123.29104614257813 522.14178466796875 1 0
1119.4791259765625 585.35418701171875 1 367.0333251953125 527.78887939453125 1 0
1119.4791259765625 585.35418701171875 1 367.0333251953125 527.78887939453125 1 0
1030.421875 857.21875 1 264.21286010742187 800.83660888671875 1 0
998.53009033203125 870.28948974609375 1 230.20768737792969 813.84613037109375 1 0
998.53009033203125 870.28948974609375 1 230.20768737792969 813.84613037109375 1 0
1119.7889404296875 721.85552978515625 1 361.59524536132812 666.4285888671875 1 0
1119.7889404296875 721.85552978515625 1 361.59524536132812 666.4285888671875 1 0
1119.627685546875 647.24468994140625 1 359.56817626953125 716.977294921875 1 0
1047.0230712890625 392.28460693359375 1 301.5625 326.0625 1 0
1047.199951171875 392.17999267578125 1 301.5625 326.0625 1 0
1047.199951171875 392.17999267578125 1 301.5625 326.0625 1 0
887.63116455078125 591.86065673828125 1 123.29104614257813 522.14178466796875 1 0
887.63116455078125 591.86065673828125 1 123.29104614257813 522.14178466796875 1 0
1014.768310546875 688.46746826171875 1 253.80769348144531 628.0128173828125 1 0
1014.768310546875 688.46746826171875 1 253.80769348144531 628.0128173828125 1 0
1014.768310546875 688.46746826171875 1 253.80769348144531 628.0128173828125 1 0
1014.7777709960937 637.15875244140625 1 256.22500610351562 575.00836181640625 1 0
1014.7777709960937 637.15875244140625 1 256.22500610351562 575.00836181640625 1 0
1014.7777709960937 637.15875244140625 1 256.22500610351562 575.00836181640625 1 0
1398.477783203125 630.36663818359375 1 644.64288330078125 586.78570556640625 1 0
1030.7142333984375 623.41961669921875 1 272.79229736328125 561.86920166015625 1 0
1030.7142333984375 623.41961669921875 1 272.79229736328125 561.86920166015625 1 0
1030.7142333984375 623.41961669921875 1 272.79229736328125 561.86920166015625 1 0
1029.25 883.780029296875 1 262.35964965820312 828.21051025390625 1 0
1029.25 883.780029296875 1 262.35964965820312 828.21051025390625 1 0
982.77777099609375 883.32537841796875 1 213.62422180175781 827.09625244140625 1 0
982.77777099609375 883.32537841796875 1 213.62422180175781 827.09625244140625 1 0
1029.9344482421875 817.98358154296875 1 265.2265625 760.96875 1 0
1029.9344482421875 817.98358154296875 1 265.2265625 760.96875 1 0
1029.9344482421875 817.98358154296875 1 265.2265625 760.96875 1 0
1029.9344482421875 817.98358154296875 1 265.2265625 760.96875 1 0
1014.5 792.50946044921875 1 250.26042175292969 734.51043701171875 1 0
1014.5 792.50946044921875 1 250.26042175292969 734.51043701171875 1 0
1078.8399658203125 585.4000244140625 1 325.1136474609375 525.772705078125 1 0
998.29998779296875 883.4000244140625 1 230.03060913085937 827.28228759765625 1 0
982.8697509765625 870.65966796875 1 213.95384216308594 813.65386962890625 1 0
982.8697509765625 870.65966796875 1 213.95384216308594 813.65386962890625 1 0
1624.6365966796875 728.596923828125 1 855.977294921875 691.2091064453125 1 0
998.531494140625 844.25592041015625 1 231.23846435546875 787.17694091796875 1 0
998.531494140625 844.25592041015625 1 231.23846435546875 787.17694091796875 1 0
998.531494140625 844.25592041015625 1 231.23846435546875 787.17694091796875 1 0
1029.98779296875 830.79266357421875 1 264.88052368164062 774.52655029296875 1 0
1029.98779296875 830.79266357421875 1 264.88052368164062 774.52655029296875 1 0
1029.98779296875 830.79266357421875 1 264.88052368164062 774.52655029296875 1 0
998.76922607421875 806.076904296875 1 232.74299621582031 747.7803955078125 1 0
983.637939453125 779.7069091796875 1 218.36666870117187 720.83331298828125 1 0
983.69769287109375 767.06976318359375 1 218.57843017578125 707.441162109375 1 0
983.69769287109375 767.06976318359375 1 218.57843017578125 707.441162109375 1 0
983.69769287109375 767.06976318359375 1 218.57843017578125 707.441162109375 1 0
1435.2406005859375 534.27130126953125 1 684.0159912109375 494.23199462890625 1 0
1423.161865234375 891.2900390625 1 656.92108154296875 843.6278076171875 1 0
1682.965087890625 916.2674560546875 1 901.21429443359375 872.16668701171875 1 0
1431.705078125 612.474365234375 1 676.9359130859375 580.1153564453125 1 0
1453.320556640625 612.423095703125 1 676.9359130859375 580.1153564453125 1 0
999.308349609375 600 1 241.63600158691406 536.083984375 1 0
1397.699951171875 575.5 1 646.15850830078125 533.06097412109375 1 0
1030.2540283203125 572.3809814453125 1 274.95968627929687 509.5 1 0
1030.2540283203125 572.3809814453125 1 274.95968627929687 509.5 1 0
984.22882080078125 565.53387451171875 1 223.48039245605469 591.87255859375 1 0
1442.3157958984375 603.34210205078125 1 666.57891845703125 579.3157958984375 1 0
1331.8333740234375 712.5 1 575.522216796875 665.5 1 0
1409.271484375 612.471435546875 1 676.9359130859375 580.1153564453125 1 0
1011.3695678710937 856.7825927734375 1 244.4375 800.7125244140625 1 0
1011.3695678710937 856.7825927734375 1 244.4375 800.7125244140625 1 0
1029.770263671875 726.671142578125 1 265.2265625 760.96875 1 0
983.85400390625 664.27874755859375 1 222.28294372558594 601.64727783203125 1 0
1030.344970703125 636.1124267578125 1 272.5 575.1212158203125 1 0
1030.344970703125 636.1124267578125 1 272.5 575.1212158203125 1 0
1030.344970703125 636.1124267578125 1 272.5 575.1212158203125 1 0
1030.344970703125 636.1124267578125 1 272.5 575.1212158203125 1 0
1442.271484375 612.585693359375 1 645.79412841796875 542.5294189453125 1 0
1029.868408203125 547.5421142578125 1 275.477783203125 484.32223510742187 1 0
999.3582763671875 536.56298828125 1 244.3880615234375 471.23880004882812 1 0
999.3582763671875 536.56298828125 1 244.3880615234375 471.23880004882812 1 0
1640.6864013671875 758.415283203125 1 869.65386962890625 720.7115478515625 1 0
1640.6864013671875 758.415283203125 1 869.65386962890625 720.7115478515625 1 0
1015.0254516601562 563.21185302734375 1 259.51666259765625 499.41665649414062 1 0
1015.0254516601562 563.21185302734375 1 253.21052551269531 643.5526123046875 1 0
940.83331298828125 490.40475463867187 1 185.30952453613281 420.09524536132813 1 0
998.94000244140625 473.739990234375 1 247.13829040527344 406.31915283203125 1 0
998.94000244140625 473.739990234375 1 247.13829040527344 406.31915283203125 1 0
1375.8157958984375 603.5 1 624.35711669921875 541.414306640625 1 0
1030.4420166015625 561.68841552734375 1 267.3709716796875 710.41937255859375 1 0
1030.7894287109375 483.40350341796875 1 279.22415161132812 418.39654541015625 1 0
1018.6481323242187 857 1 252.09184265136719 800.8265380859375 1 0
1014.7459106445312 484.59014892578125 1 262.93243408203125 418.34683227539062 1 0
1256.676513671875 692.4019775390625 1 500.15216064453125 693.41302490234375 1 0
984.00848388671875 654.4830322265625 1 223.48039245605469 591.87255859375 1 0
984.00848388671875 654.4830322265625 1 223.48039245605469 591.87255859375 1 0
1375.96337890625 594.6219482421875 1 666.47222900390625 570.47222900390625 1 0
1049.0321044921875 479.01376342773437 1 298.9569091796875 415.01724243164062 1 0
1049.0321044921875 479.01376342773437 1 298.9569091796875 415.01724243164062 1 0
1049.3599853515625 453.35000610351562 1 300.25701904296875 388.9486083984375 1 0
1048.258056640625 453.64517211914062 1 298.7069091796875 389.4310302734375 1 0
1491.804931640625 845.41461181640625 1 692.805908203125 799.9705810546875 1 0
1491.804931640625 845.41461181640625 1 724.48956298828125 800.61456298828125 1 0
1468.51171875 750.8411865234375 1 707.24420166015625 707.8720703125 1 0
1468.51171875 750.8411865234375 1 707.24420166015625 707.8720703125 1 0
1047.68603515625 517.79071044921875 1 296.03085327148437 454.82098388671875 1 0
1047.68603515625 517.79071044921875 1 296.03085327148437 454.82098388671875 1 0
1631.199951171875 859.06365966796875 1 856.52972412109375 817.054443359375 1 0
1631.199951171875 859.06365966796875 1 856.52972412109375 817.054443359375 1 0
1346.60498046875 831.99169921875 1 584.7738037109375 783.76190185546875 1 0
516.0689697265625 818.9827880859375 1 212.70187377929687 850.847412109375 1 0
1561.9000244140625 802.4666748046875 1 793.82757568359375 760.12066650390625 1 0
1047.87646484375 685.29998779296875 1 288.7183837890625 626.32757568359375 1 0
1012.0361328125 906.51202392578125 1 243.39595031738281 851.90460205078125 1 0
1012.0361328125 906.51202392578125 1 243.39595031738281 851.90460205078125 1 0
1691.0201416015625 853.36077880859375 1 912.26251220703125 812.7208251953125 1 0
1427.3426513671875 803.971923828125 1 664.56787109375 758.456787109375 1 0
1048.5322265625 466.60751342773437 1 283.89999389648437 759.21575927734375 1 0
1048.5322265625 466.60751342773437 1 299.22320556640625 402.25894165039062 1 0
1047.3551025390625 429.0797119140625 1 300.064697265625 363.80587768554687 1 0
1047.3551025390625 429.0797119140625 1 300.064697265625 363.80587768554687 1 0
1047.2059326171875 815.8382568359375 1 287.21621704101562 652.770263671875 1 0
1378.5526123046875 788.4298095703125 1 617.8272705078125 742.08184814453125 1 0
1632.1734619140625 870.9693603515625 1 858.09259033203125 828.9259033203125 1 0
1099.5369873046875 871.4444580078125 1 335.46224975585937 817.3302001953125 1 0
1048.9796142578125 594.15850830078125 1 293.11904907226562 532.9476318359375 1 0
1047.8896484375 594.759765625 1 296.03085327148437 454.82098388671875 1 0
1047.2213134765625 403.86065673828125 1 300.5596923828125 338.02239990234375 1 0
1152.8055419921875 564.51849365234375 1 402.99411010742187 508.86471557617187 1 0
1152.9918212890625 564.53277587890625 1 402.99411010742187 508.86471557617187 1 0
1048.8541259765625 491.39584350585937 1 298.01190185546875 427.64285278320312 1 0
1048.047119140625 491.367919921875 1 296.90908813476562 427.68182373046875 1 0
1113.1666259765625 846.75640869140625 1 356.01351928710937 639.04052734375 1 0
998.5211181640625 906.43670654296875 1 229.23800659179687 851.0682373046875 1 0
998.5211181640625 906.43670654296875 1 229.23800659179687 851.0682373046875 1 0
998.5211181640625 906.43670654296875 1 229.23800659179687 851.0682373046875 1 0
1075.6739501953125 932.05975341796875 1 306.27239990234375 878.70001220703125 1 0
1046.9559326171875 763.42645263671875 1 289.71249389648437 586.375 1 0
1046.9559326171875 763.42645263671875 1 289.71249389648437 586.375 1 0
1105.809814453125 906.8662109375 1 340.89239501953125 853.38604736328125 1 0
1105.809814453125 906.8662109375 1 340.89239501953125 853.38604736328125 1 0
1298.55029296875 872.164794921875 1 535.852294921875 822.772705078125 1 0
1298.55029296875 872.164794921875 1 535.852294921875 822.772705078125 1 0
1298.55029296875 872.164794921875 1 535.852294921875 822.772705078125 1 0
954.48248291015625 842.2017822265625 1 185.20689392089844 784.31036376953125 1 0
1049.1396484375 504.38287353515625 1 283.89999389648437 759.21575927734375 1 0
1049.1396484375 504.38287353515625 1 297.12725830078125 441.40908813476562 1 0
1049.1396484375 504.38287353515625 1 297.12725830078125 441.40908813476562 1 0
1234.53125 840.65234375 1 474.21728515625 789.39453125 1 0
1234.53125 840.65234375 1 474.21728515625 789.39453125 1 0
1235.040283203125 854.42742919921875 1 474.21728515625 789.39453125 1 0
1235.040283203125 854.42742919921875 1 474.21728515625 789.39453125 1 0
1235.699951171875 851.76153564453125 1 473.26712036132813 800.623291015625 1 0
1235.699951171875 851.76153564453125 1 473.26712036132813 800.623291015625 1 0
1235 865.44873046875 1 473.57998657226562 814.53997802734375 1 0
1266.5 854.14105224609375 1 505.22222900390625 803.4700927734375 1 0
1266.5 854.14105224609375 1 505.22222900390625 803.4700927734375 1 0
1266.4739990234375 865.44805908203125 1 504.71310424804688 815.172119140625 1 0
1112.53125 907.359375 1 347.60604858398437 854.1060791015625 1 0
1112.53125 907.359375 1 347.60604858398437 854.1060791015625 1 0
982.99298095703125 906.56103515625 1 212.70187377929687 850.847412109375 1 0
982.99298095703125 906.56103515625 1 212.70187377929687 850.847412109375 1 0
1316.555419921875 906.45745849609375 1 552.58685302734375 856.92376708984375 1 0
1316.555419921875 906.45745849609375 1 552.58685302734375 856.92376708984375 1 0
1099.0233154296875 907.2674560546875 1 333.84524536132812 853.78570556640625 1 0
1048.114013671875 749.359619140625 1 286.36764526367187 691.5882568359375 1 0
1048.114013671875 749.359619140625 1 293.91818237304687 506.28182983398437 1 0
1047.6875 737.2874755859375 1 286.76190185546875 679.297607421875 1 0
1047.699951171875 646.34283447265625 1 289.71249389648437 586.375 1 0
1048.5850830078125 568.5850830078125 1 300.25701904296875 388.9486083984375 1 0
1630.9459228515625 847.47296142578125 1 856.93475341796875 805.47100830078125 1 0
1330.4599609375 847.364013671875 1 568.1275634765625 799.0172119140625 1 0
1330.4599609375 847.364013671875 1 568.1275634765625 799.0172119140625 1 0
1331.8780517578125 846.70733642578125 1 568.280517578125 798.18292236328125 1 0
1557.95458984375 844.6514892578125 1 786.94708251953125 801.45294189453125 1 0
1557.95458984375 844.6514892578125 1 786.94708251953125 801.45294189453125 1 0
1389.9237060546875 831.8446044921875 1 640.057373046875 784.79510498046875 1 0
1047.622802734375 828.46490478515625 1 289.33929443359375 612.51788330078125 1 0
1047.622802734375 828.46490478515625 1 298.7069091796875 389.4310302734375 1 0
1604.922607421875 804.57965087890625 1 834.18267822265625 764.44976806640625 1 0
1604.922607421875 804.57965087890625 1 834.18267822265625 764.44976806640625 1 0
1047.56982421875 581.01165771484375 1 293.91818237304687 506.28182983398437 1 0
1049.0631103515625 555.791259765625 1 294.9952392578125 493.9761962890625 1 0
1119.197021484375 907.18182373046875 1 354.58218383789062 854.47259521484375 1 0
1027.93505859375 907.620849609375 1 260.03427124023437 852.70855712890625 1 0
1047.4638671875 881.35540771484375 1 281.24444580078125 826.4444580078125 1 0
1047.4638671875 881.35540771484375 1 281.24444580078125 826.4444580078125 1 0
1047.797607421875 607.53570556640625 1 292.0054931640625 546.74176025390625 1 0
1047.797607421875 607.53570556640625 1 292.0054931640625 546.74176025390625 1 0
1151.4403076171875 898.60552978515625 1 1204.785400390625 803.9693603515625 1 0
1523.768310546875 845.1097412109375 1 755.87371826171875 801.11614990234375 1 0
1048.1373291015625 711.24725341796875 1 283.89999389648437 759.21575927734375 1 0
1048.7958984375 658.6734619140625 1 290.56185913085937 598.7474365234375 1 0
1047.3599853515625 658.32000732421875 1 293.1363525390625 519.40911865234375 1 0
887.1290283203125 639.30645751953125 1 123.29104614257813 522.14178466796875 1 0
887.1290283203125 639.30645751953125 1 123.29104614257813 522.14178466796875 1 0
1106.2142333984375 593.69049072265625 1 352.79788208007812 535.18084716796875 1 0
1119.670166015625 822.05316162109375 1 359.56817626953125 716.977294921875 1 0
1085.8958740234375 612.66668701171875 1 331.33334350585937 553.66668701171875 1 0
1138.3800048828125 771.94000244140625 1 379.29165649414062 717.58331298828125 1 0
1106.5 730.8157958984375 1 352.229736328125 740.04052734375 1 0
1468.3209228515625 632.6641845703125 1 711.7373046875 592.33050537109375 1 0
998.80645751953125 857.03228759765625 1 231.20588684082031 800.35296630859375 1 0
998.80645751953125 857.03228759765625 1 231.20588684082031 800.35296630859375 1 0
998.80645751953125 857.03228759765625 1 231.20588684082031 800.35296630859375 1 0
998.80645751953125 857.03228759765625 1 231.20588684082031 800.35296630859375 1 0
1359.6463623046875 734.32928466796875 1 602.39361572265625 667.67022705078125 1 0
843.8809814453125 711.35711669921875 1 74.040000915527344 594.91998291015625 1 0
1148.958984375 686.02459716796875 1 393.42855834960937 631.26788330078125 1 0
1148.958984375 686.02459716796875 1 393.42855834960937 631.26788330078125 1 0
1078.6851806640625 636.29632568359375 1 322.91665649414062 577.70831298828125 1 0
1078.6851806640625 636.29632568359375 1 322.91665649414062 577.70831298828125 1 0
900.6400146484375 605.05999755859375 1 130.40196228027344 696.87255859375 1 0
1154.3431396484375 708.941162109375 1 398.07943725585938 654.4532470703125 1 0
1154.3319091796875 761.33184814453125 1 396.97369384765625 686.23681640625 1 0
1154.3319091796875 761.33184814453125 1 396.97369384765625 686.23681640625 1 0
1113.2142333984375 833.73809814453125 1 326.58511352539062 671.11700439453125 1 0
1113.256103515625 770.5975341796875 1 332.5 698.86956787109375 1 0
1154.271484375 729.9095458984375 1 397.17926025390625 675.62261962890625 1 0
1092.772705078125 690.8636474609375 1 349.65216064453125 624.7825927734375 1 0
1085.677734375 638.21112060546875 1 330.06521606445312 579.5 1 0
1119.5682373046875 885 1 356.05999755859375 831.17999267578125 1 0
1153.912841796875 718.98626708984375 1 398.07943725585938 654.4532470703125 1 0
1174.319091796875 708.9381103515625 1 418.1822509765625 655.17291259765625 1 0
1174.319091796875 708.9381103515625 1 418.1822509765625 655.17291259765625 1 0
1154.0794677734375 698.02337646484375 1 398.16036987304687 644.00946044921875 1 0
1008.8095092773437 930.5714111328125 1 237.18333435058594 876.04998779296875 1 0
1008.8095092773437 930.5714111328125 1 237.18333435058594 876.04998779296875 1 0
1174.3017578125 718.96844482421875 1 396.97369384765625 686.23681640625 1 0
1176.391845703125 719.0540771484375 1 418.27777099609375 665.84259033203125 1 0
1119.8477783203125 697.021728515625 1 364.5 590.452392578125 1 0
1030.861083984375 697.75 1 271.38888549804687 638.4444580078125 1 0
1030.861083984375 697.75 1 271.38888549804687 638.4444580078125 1 0
1047.9375 848.4375 1 288.51785278320313 646.14288330078125 1 0
1084.8077392578125 522.62823486328125 1 263.32144165039063 430.58334350585937 1 0
1084.8077392578125 522.62823486328125 1 341.4444580078125 465.22222900390625 1 0
1011.5625 830.40625 1 245.84284973144531 773.3857421875 1 0
1031.9473876953125 556.57891845703125 1 271.38888549804687 638.4444580078125 1 0
1031.9473876953125 556.57891845703125 1 271.38888549804687 638.4444580078125 1 0
981.95001220703125 411.82501220703125 1 232.20269775390625 341.44595336914062 1 0
1439.5882568359375 797.5882568359375 1 676.469482421875 752.32928466796875 1 0
805.14910888671875 916.7982177734375 1 712.97369384765625 521.0614013671875 1 0
912.76983642578125 922.83331298828125 1 137.93939208984375 866.6060791015625 1 0
1031.5897216796875 520.0128173828125 1 280.05682373046875 430.1363525390625 1 0
986.154541015625 649.8636474609375 1 225.67460632324219 586.9127197265625 1 0
1048.586181640625 575.4310302734375 1 294.52041625976562 513.60205078125 1 0
1572.605224609375 809.4473876953125 1 803.4189453125 767.229736328125 1 0
974.01165771484375 940.33721923828125 1 203.03192138671875 885.26593017578125 1 0
974.01165771484375 940.33721923828125 1 203.03192138671875 885.26593017578125 1 0
1258.27783203125 920.63580322265625 1 493.13491821289062 869.420654296875 1 0
1258.27783203125 920.63580322265625 1 493.13491821289062 869.420654296875 1 0
1196.3157958984375 852.5526123046875 1 435.3648681640625 800.5540771484375 1 0
1477.5526123046875 787.21051025390625 1 713.5244140625 743.93902587890625 1 0
831.1153564453125 935.9102783203125 1 50.5 879 1 0
847.5882568359375 935.0882568359375 1 66.581077575683594 878.52703857421875 1 0
533.1500244140625 746.29998779296875 1 1469.7884521484375 776.103759765625 1 0
1141.197021484375 938.6514892578125 1 375.257568359375 886.257568359375 1 0
1438.9000244140625 810.8599853515625 1 675.32928466796875 765.08538818359375 1 0
1173.0882568359375 653.42645263671875 1 1440.2291259765625 574.70831298828125 1 0
1466.0245361328125 812.827880859375 1 701.9359130859375 767.9102783203125 1 0
1466.0245361328125 812.827880859375 1 701.9359130859375 767.9102783203125 1 0
1282.813232421875 1172.632568359375 1 495.5987548828125 1119.8826904296875 1 0
938.2674560546875 928.19769287109375 1 164.32691955566406 872.4615478515625 1 0
1282.6666259765625 1162.375 1 496.64999389648437 1109.6666259765625 1 0
1099.42333984375 936.65667724609375 1 332.234375 883.3656005859375 1 0
1100.5093994140625 935.660400390625 1 341.61904907226562 883.1309814453125 1 0
1100.5093994140625 935.660400390625 1 341.61904907226562 883.1309814453125 1 0
1094.7708740234375 935.66668701171875 1 328.39794921875 882.5203857421875 1 0
1094.7708740234375 935.66668701171875 1 328.39794921875 882.5203857421875 1 0
1384.416259765625 804.59075927734375 1 622.20025634765625 757.161865234375 1 0
1381.91259765625 805.371337890625 1 620.05517578125 758.4066162109375 1 0
1381.91259765625 805.371337890625 1 620.05517578125 758.4066162109375 1 0
997.993896484375 936.94512939453125 1 228.3455810546875 881.7867431640625 1 0
1000.3235473632812 935.10784912109375 1 231.229736328125 879.95947265625 1 0
851.44696044921875 907.44696044921875 1 72.18109130859375 849.50457763671875 1 0
851.44696044921875 907.44696044921875 1 72.18109130859375 849.50457763671875 1 0
853.65411376953125 906.85125732421875 1 74.466102600097656 848.94744873046875 1 0
853.65411376953125 906.85125732421875 1 74.466102600097656 848.94744873046875 1 0
842.5999755859375 908.54998779296875 1 62.770832061767578 850.8125 1 0
901.56622314453125 906.5579833984375 1 126.5185546875 849.71337890625 1 0
901.56622314453125 906.5579833984375 1 126.5185546875 849.71337890625 1 0
901.56622314453125 906.5579833984375 1 126.5185546875 849.71337890625 1 0
1633.930419921875 885.534423828125 1 858.33258056640625 841.54071044921875 1 0
1634.16259765625 885.11865234375 1 858.33258056640625 841.54071044921875 1 0
1634.4541015625 884.7818603515625 1 858.33258056640625 841.54071044921875 1 0
1536.323486328125 906.9117431640625 1 765.32354736328125 860.931396484375 1 0
1336.0072021484375 908.28570556640625 1 571.78570556640625 858.90716552734375 1 0
1285.40478515625 910.547607421875 1 521.88775634765625 859.88775634765625 1 0
1285.40478515625 910.547607421875 1 521.88775634765625 859.88775634765625 1 0
1031.6199951171875 494.68667602539062 1 280.05682373046875 430.1363525390625 1 0
1031.6199951171875 494.68667602539062 1 280.05682373046875 430.1363525390625 1 0
365.14816284179687 851.79632568359375 1 1058.09619140625 783.30767822265625 1 0
1298.67529296875 831.21429443359375 1 537.72369384765625 781.90130615234375 1 0
1298.67529296875 831.21429443359375 1 537.72369384765625 781.90130615234375 1 0
1298.741943359375 831.51611328125 1 537.83331298828125 782.066650390625 1 0
1295.75244140625 920.56793212890625 1 531.54901123046875 870.4117431640625 1 0
1015.5684814453125 496.10275268554688 1 263.32144165039063 430.58334350585937 1 0
1015.5684814453125 496.10275268554688 1 263.32144165039063 430.58334350585937 1 0
1012.4375 496.59375 1 245.84284973144531 773.3857421875 1 0
1031.5897216796875 520.0128173828125 1 280.05682373046875 430.1363525390625 1 0
1012.4375 521.59375 1 245.84284973144531 773.3857421875 1 0
1158.31396484375 554.779052734375 1 409.0128173828125 499.24359130859375 1 0
1652.6044921875 741.3955078125 1 881.01019287109375 705.0306396484375 1 0
1652.153076171875 741.5 1 881.01019287109375 705.0306396484375 1 0
1652.153076171875 741.5 1 881.01019287109375 705.0306396484375 1 0
956.896240234375 506.04718017578125 1 200.99057006835937 437.0660400390625 1 0
956.896240234375 506.04718017578125 1 200.99057006835937 437.0660400390625 1 0
1156.9190673828125 892.19525146484375 1 393.4351806640625 839.388916015625 1 0
984.85552978515625 498.54443359375 1 231.14999389648437 431.41250610351562 1 0
984.85552978515625 498.54443359375 1 231.14999389648437 431.41250610351562 1 0
920.6956787109375 936.297119140625 1 145.10000610351562 881.0076904296875 1 0
943.16888427734375 932.34869384765625 1 169.39662170410156 877.169677734375 1 0
1019.5725708007812 937.1370849609375 1 250.46969604492187 882.9014892578125 1 0
1017.8846435546875 935.8653564453125 1 247.97457885742187 881.55084228515625 1 0
1017.8846435546875 935.8653564453125 1 247.97457885742187 881.55084228515625 1 0
1195.22607421875 762.623291015625 1 437.83334350585937 710.3690185546875 1 0
943.16888427734375 932.34869384765625 1 169.39662170410156 877.169677734375 1 0
1125.9857177734375 936.3857421875 1 360.41427612304687 883.9285888671875 1 0
1077.406982421875 937.220947265625 1 309.8599853515625 883.84002685546875 1 0
968.4919881745551 387.62457360150262 1 218.57573869252136 315.58644387115061 1 1
1106.9036815105626 380.70696596693114 1 363.39886404644375 318.82833376624097 1 1
1451.701816516658 547.50108419722551 1 699.81129745234966 507.74984217837812 1 1
1656.7869516689013 707.6841038332459 1 886.57362039175325 672.77502498685465 1 1
1516.4571775266747 921.2132590923427 1 745.89537369229345 875.21823871987488 1 1
880.51008063005349 446.24284407147604 1 122.27523512387278 370.00027255340154 1 1
1234.7953052336857 916.88511431946222 1 471.33278300085283 865.5809276263368 1 1
1219.9405808917113 697.38105329241512 1 465.45861704218629 645.56734689107452 1 1
