695 527.15789794921875 1 78.25 537.888916015625 1 0
18.15217399597168 437.65216064453125 1 725.3787841796875 423.34848022460937 1 0
172.84375 405.59375 1 205.05882263183594 536.058837890625 1 0
27.860000610351563 436.44000244140625 1 725.3787841796875 423.34848022460937 1 0
756.9705810546875 499.20587158203125 1 126.36842346191406 502.26315307617188 1 0
826.67071533203125 550.30487060546875 1 210.97500610351562 532.9749755859375 1 0
826.67071533203125 550.30487060546875 1 210.97500610351562 532.9749755859375 1 0
820.25677490234375 552.47296142578125 1 205.05882263183594 536.058837890625 1 0
540.33331298828125 581.861083984375 1 447.22222900390625 338.63888549804687 1 0
734.33782958984375 504.31082153320312 1 114.55714416503906 507.32858276367187 1 0
734.33782958984375 504.31082153320312 1 114.55714416503906 507.32858276367187 1 0
724.0428466796875 507.0428466796875 1 104.34999847412109 512.2249755859375 1 0
724.0428466796875 507.0428466796875 1 104.34999847412109 512.2249755859375 1 0
793.3536376953125 637.3780517578125 1 194.5238037109375 623.4761962890625 1 0
770.05999755859375 631.79998779296875 1 171.42857360839844 624.125 1 0
780.4705810546875 636.33331298828125 1 182.27082824707031 626.05206298828125 1 0
764.66845703125 361.96194458007813 1 126.16492462158203 360.24346923828125 1 0
760.9339599609375 635.99053955078125 1 163.31666564941406 630.4000244140625 1 0
623.01611328125 592.30645751953125 1 15.17391300201416 623.66302490234375 1 0
707.5 518.12261962890625 1 89.650001525878906 526.8499755859375 1 0
298.59375 307.21875 1 496.406494140625 604.081298828125 1 0
669.5 359.55712890625 1 29.961538314819336 372.06411743164062 1 0
554.5250244140625 293.32501220703125 1 506.25 591.22222900390625 1 0
819.08026123046875 492.06790161132812 1 194.41549682617187 478.17605590820312 1 0
793.93243408203125 317.28378295898437 1 151.04054260253906 312.33782958984375 1 0
800.9259033203125 631.64813232421875 1 199.8157958984375 615.9473876953125 1 0
717.10418701171875 420.25 1 85.569770812988281 425.94186401367187 1 0
717.10418701171875 420.25 1 85.569770812988281 425.94186401367187 1 0
793.93243408203125 317.28378295898437 1 151.04054260253906 312.33782958984375 1 0
747.64544677734375 616.154541015625 1 145.58000183105469 614.70001220703125 1 0
747.64544677734375 616.154541015625 1 145.58000183105469 614.70001220703125 1 0
687.35711669921875 480.40756225585937 1 62.600841522216797 493.00421142578125 1 0
687.35711669921875 480.40756225585937 1 62.600841522216797 493.00421142578125 1 0
687.35711669921875 480.40756225585937 1 62.600841522216797 493.00421142578125 1 0
799.81036376953125 425.74139404296875 1 167.5 417.45651245117187 1 0
815.5 297.81668090820312 1 171.35714721679687 290.88961791992187 1 0
815.1966552734375 298.5224609375 1 171.35714721679687 290.88961791992187 1 0
809.6944580078125 488.66665649414062 1 185.69999694824219 476.89999389648437 1 0
809.6944580078125 488.66665649414062 1 185.69999694824219 476.89999389648437 1 0
513.5882568359375 449.82351684570312 1 447.125 569.14581298828125 1 0
690.8736572265625 383.83685302734375 1 53.668224334716797 393.7850341796875 1 0
690.8736572265625 383.83685302734375 1 53.668224334716797 393.7850341796875 1 0
771.44384765625 536.2755126953125 1 154.84652709960937 531.197998046875 1 0
789.21112060546875 412.23333740234375 1 156.05555725097656 406.07778930664062 1 0
789.21112060546875 412.23333740234375 1 156.05555725097656 406.07778930664062 1 0
705.736083984375 483.01388549804687 1 81.179489135742188 492.37179565429687 1 0
692.6756591796875 439.43243408203125 1 63.729728698730469 450.18917846679687 1 0
782.41668701171875 382.72222900390625 1 146.71052551269531 378.21054077148437 1 0
648.3857421875 521.72857666015625 1 28.214284896850586 543.84283447265625 1 0
745.9000244140625 378.45001220703125 1 109.22093200683594 379.5 1 0
745.9000244140625 378.45001220703125 1 109.22093200683594 379.5 1 0
710.10528564453125 452.02630615234375 1 81.158538818359375 459.91464233398437 1 0
708.73529052734375 451.32351684570312 1 79.352272033691406 459.3863525390625 1 0
708.73529052734375 451.32351684570312 1 79.352272033691406 459.3863525390625 1 0
765.90740966796875 616.27777099609375 1 163.56382751464844 610.627685546875 1 0
784.4417724609375 608.8592529296875 1 180.6290283203125 598.6505126953125 1 0
784.4417724609375 608.8592529296875 1 180.6290283203125 598.6505126953125 1 0
776.72698974609375 451.39569091796875 1 148.82121276855469 447.28182983398437 1 0
774.49237060546875 451.45419311523437 1 147.60638427734375 446.08297729492187 1 0
773.95751953125 500.62417602539062 1 151.63710021972656 496.72579956054687 1 0
752.61181640625 505.19564819335937 1 132.27348327636719 504.91436767578125 1 0
752.61181640625 505.19564819335937 1 132.27348327636719 504.91436767578125 1 0
726.757568359375 516.742431640625 1 108.86508178710937 521.27777099609375 1 0
726.55181884765625 513.9766845703125 1 108.05958557128906 518.3704833984375 1 0
779.8616943359375 561.47869873046875 1 167.63333129882812 553.85552978515625 1 0
575.779052734375 534.33721923828125 1 346.3775634765625 260.58163452148437 1 0
684.9326171875 258.1453857421875 1 34.527778625488281 266.120361328125 1 0
719.86065673828125 161.12295532226562 1 57.950000762939453 163.63749694824219 1 0
701.33673095703125 424.13265991210937 1 70.088233947753906 433.08822631835937 1 0
701.33673095703125 424.13265991210937 1 70.088233947753906 433.08822631835937 1 0
729.90838677647344 83.433842294905645 1 59.738138874616979 84.250781469617237 1 1
727.61921588924497 189.86754051838483 1 70.445100335824961 191.85618437158732 1 1
748.31708635040593 330.8566539809147 1 108.5316071246139 331.41006472082506 1 1
714.16229005400521 616.42706900512439 1 109.06879709863554 624.58633109518109 1 1
784.66803684867773 444.06899229162906 1 157.37798746064104 437.46854624645778 1 1
674.24570679034673 407.84089389956904 1 41.616601063927945 420.8313050636259 1 1
843.85897320576282 380.72296391685796 1 204.72174781591906 367.23698719079584 1 1
671.4565132262718 512.83245374151124 1 51.894711598619907 530.0006564087862 1 1
