658.14544677734375 1047.2908935546875 1 653.515625 397.5 1 0
808.59796142578125 1071.961181640625 1 806.84112548828125 255.10748291015625 1 0
720.276123046875 1089.0074462890625 1 718.35711669921875 273.21429443359375 1 0
720.058837890625 1089.2451171875 1 740.43505859375 430.65585327148437 1 0
760.03155517578125 1073.1123046875 1 757.980224609375 257.22882080078125 1 0
791.2578125 1060.7247314453125 1 789.2415771484375 243.54373168945312 1 0
741.69720458984375 1103.556396484375 1 739.51959228515625 287.04901123046875 1 0
1088.7962646484375 511.59259033203125 1 846.1756591796875 119.14865112304687 1 0
511.98333740234375 352.85000610351562 1 1424.2755126953125 53.316326141357422 1 0
800.55865478515625 1108.375 1 788.5657958984375 284 1 0
813.21038818359375 1118.6221923828125 1 805.1842041015625 297.35684204101562 1 0
813.21038818359375 1118.6221923828125 1 805.1842041015625 297.35684204101562 1 0
610.7513427734375 979.92620849609375 1 604.4638671875 164.33735656738281 1 0
1211.638427734375 1221.0999755859375 1 1041.8194580078125 405.66665649414062 1 0
1211.638427734375 1221.0999755859375 1 1041.8194580078125 405.66665649414062 1 0
1552.7430419921875 736.5841064453125 1 1593.98388671875 110.70429992675781 1 0
1600.5494384765625 1086.302490234375 1 1598.6875 293.296875 1 0
1600.5494384765625 1086.302490234375 1 1598.6875 293.296875 1 0
1046.173095703125 1222.1153564453125 1 1041.7432861328125 403.82431030273437 1 0
617.93890380859375 977.0572509765625 1 232.7615966796875 443.27227783203125 1 0
1483.6370849609375 728.274169921875 1 1593.98388671875 110.70429992675781 1 0
789.86944580078125 1161.35986328125 1 788.79693603515625 344.85494995117187 1 0
980.26788330078125 1203.732177734375 1 976.84283447265625 384.74285888671875 1 0
1385.697021484375 846.913818359375 1 1401.2137451171875 36.868625640869141 1 0
1385.697021484375 846.913818359375 1 1401.2137451171875 36.868625640869141 1 0
1470.28125 1087 1 929 512.77777099609375 1 0
1105.302001953125 800.82672119140625 1 1536.78125 519.875 1 0
1074.197021484375 1202.439453125 1 1069.746337890625 385.5579833984375 1 0
1420.0758056640625 911.5 1 1428.2156982421875 95.92156982421875 1 0
1277.090087890625 854.8851318359375 1 1288.2930908203125 40.543888092041016 1 0
1480.7667236328125 855.16668701171875 1 1424.9736328125 39.763156890869141 1 0
1461.6407470703125 853.74755859375 1 1479.1053466796875 47.356502532958984 1 0
613.767333984375 986.6881103515625 1 647.25384521484375 196.05384826660156 1 0
1378.611083984375 1256.2332763671875 1 929 512.77777099609375 1 0
1067.223876953125 1228.3507080078125 1 1062.171630859375 410.47760009765625 1 0
1149.2213134765625 1225.598388671875 1 1143.0762939453125 409.73727416992187 1 0
1081.42724609375 1226.04541015625 1 1076.323486328125 407.93136596679687 1 0
591.55126953125 1314.320556640625 1 597.111083984375 496.11111450195312 1 0
1211.180419921875 1224.34619140625 1 1203.9052734375 410.71054077148437 1 0
1265.4599609375 1200.760009765625 1 1258.7545166015625 389.60910034179687 1 0
1265.4599609375 1200.760009765625 1 1258.7545166015625 389.60910034179687 1 0
1123.091796875 1225.642822265625 1 1199.5181884765625 410.42727661132812 1 0
1084.625 1201.480712890625 1 1080.24755859375 384.7718505859375 1 0
1084.625 1201.480712890625 1 1080.24755859375 384.7718505859375 1 0
1585.373046875 552.95294189453125 1 250.18084716796875 672.35107421875 1 0
320.88888549804687 738.6805419921875 1 929 512.77777099609375 1 0
1397.441162109375 896.00982666015625 1 1457.5567626953125 666.022705078125 1 0
1030.6452933438136 1216.0117841202257 1 1027.2320895733781 400.8275691972018 1 1
1126.06964103938 1226.2602473386528 1 1120.4863527907621 411.44829291400151 1 1
1241.1923942834576 1231.2417331437694 1 1232.6343382431037 417.25940189934471 1 1
837.9196068137212 1166.7505170776558 1 837.06356068294633 351.79873593446848 1 1
640.22395213038544 1260.512735142815 1 642.28991435968305 438.96429166138716 1 1
650.84223806445868 946.34690926865733 1 643.31006449645395 129.75505803874009 1 1
930.37075140305319 946.92891695686171 1 931.57247221518026 134.61772439703807 1 1
1552.6376677807023 852.45908594808952 1 1573.3748692956788 46.894445404910968 1 1
