679.406005859375 609.5037841796875 1 33.6875 494.6875 1 0
365.8623046875 983.83331298828125 1 255.02830505371094 203.14151000976562 1 0
911.20526123046875 713.53155517578125 1 660.452392578125 93.817459106445313 1 0
705.514404296875 999.367431640625 1 602.2552490234375 228.50140380859375 1 0
368.51998901367187 1291.02001953125 1 263.39999389648437 510.16000366210937 1 0
238.15853881835937 1015.5365600585937 1 122.80681610107422 231.20454406738281 1 0
238.15853881835937 1015.5365600585937 1 122.80681610107422 231.20454406738281 1 0
240.3525390625 1015.504638671875 1 125.32653045654297 231.38775634765625 1 0
240.3525390625 1015.504638671875 1 125.32653045654297 231.38775634765625 1 0
324.17568969726562 899.1756591796875 1 208.80508422851563 113.14406585693359 1 0
435.70928955078125 1003.2442016601562 1 327.26190185546875 225.28572082519531 1 0
435.70928955078125 1003.2442016601562 1 327.26190185546875 225.28572082519531 1 0
264.33782958984375 1033.337890625 1 150.41175842285156 253.51960754394531 1 0
209.40547180175781 1053.37060546875 1 95.040084838867188 270.76580810546875 1 0
795.40478515625 893.0714111328125 1 696.6500244140625 121.90000152587891 1 0
793.78887939453125 894.566650390625 1 694.80975341796875 127.98672485351562 1 0
291.68182373046875 892.83331298828125 1 173.59259033203125 104.18518829345703 1 0
291.68182373046875 892.83331298828125 1 173.59259033203125 104.18518829345703 1 0
307.85833740234375 897.7833251953125 1 191.67829895019531 110.91860198974609 1 0
288.32351684570312 971.2764892578125 1 173.522216796875 187.522216796875 1 0
349.631591796875 967.07891845703125 1 237.63888549804687 185.27777099609375 1 0
1016 599.39288330078125 1 936.71923828125 150.80769348144531 1 0
525.85382080078125 893.33074951171875 1 419.22308349609375 113.82307434082031 1 0
525.85382080078125 893.33074951171875 1 419.22308349609375 113.82307434082031 1 0
1408.15380859375 1191.673095703125 1 1288.8695068359375 449.91305541992187 1 0
1408.15380859375 1191.673095703125 1 1288.8695068359375 449.91305541992187 1 0
576.484619140625 539.0999755859375 1 108.83898162841797 81.059318542480469 1 0
205.13934326171875 1093.7950439453125 1 92.173080444335938 310.34616088867187 1 0
182.14912414550781 1249.8157958984375 1 76.21697998046875 466.23583984375 1 0
365.23880004882812 965.8209228515625 1 253.88059997558594 184.45523071289062 1 0
850.6190185546875 820.85711669921875 1 755.84283447265625 48.957141876220703 1 0
850.6190185546875 820.85711669921875 1 755.84283447265625 48.957141876220703 1 0
246.06024169921875 992.40966796875 1 130.09524536132812 207.97024536132812 1 0
1220.379150390625 1021.5054931640625 1 1118.9000244140625 271.3411865234375 1 0
1220.379150390625 1021.5054931640625 1 1118.9000244140625 271.3411865234375 1 0
1081.8243408203125 1044.8243408203125 1 978.98388671875 288.20968627929687 1 0
247.05072021484375 888.659423828125 1 125.92105102539063 99.21929931640625 1 0
210.84284973144531 1070.300048828125 1 97.194442749023438 288.1944580078125 1 0
152.59091186523438 1267.30517578125 1 48.173469543457031 482.01019287109375 1 0
350.3406982421875 903.747802734375 1 236.5504150390625 118.90335845947266 1 0
551.92498779296875 948.2249755859375 1 446.47296142578125 171.52702331542969 1 0
1264.9583740234375 335.08334350585937 1 1114.5 158.5 1 0
1028.4619140625 833.67144775390625 1 937.9351806640625 69.981483459472656 1 0
520.78887939453125 840.4111328125 1 414.0333251953125 57.900001525878906 1 0
435.12857055664062 962.9000244140625 1 325.868408203125 184.05262756347656 1 0
336.96511840820312 1288.4766845703125 1 232 507.18182373046875 1 0
449 880.70587158203125 1 339.44873046875 97.9871826171875 1 0
719.977294921875 1038.8409423828125 1 616.452392578125 269.14285278320312 1 0
319.52777099609375 1323.9444580078125 1 215.78947448730469 541 1 0
858.09521484375 827.6190185546875 1 763.09521484375 56.571430206298828 1 0
444.53225708007813 916.252685546875 1 335.32290649414062 135.08332824707031 1 0
444.53225708007813 916.252685546875 1 335.32290649414062 135.08332824707031 1 0
312.95001220703125 953.8499755859375 1 198.71427917480469 170.11904907226562 1 0
278.61111450195312 888.4259033203125 1 159.83332824707031 99.642860412597656 1 0
1403.391845703125 1182.7972412109375 1 1285.449951171875 440.60000610351562 1 0
1403.391845703125 1182.7972412109375 1 1285.449951171875 440.60000610351562 1 0
339.75 1271.3260498046875 1 234.47116088867187 489.9134521484375 1 0
232.84693908691406 1071.6632080078125 1 119.83999633789063 288.8599853515625 1 0
574.3643798828125 578.81072998046875 1 108.83898162841797 81.059318542480469 1 0
1023.0892944335937 1225.75 1 910.01165771484375 464.05813598632812 1 0
457.57501220703125 1230.8499755859375 1 351.04052734375 453.60809326171875 1 0
457.57501220703125 1230.8499755859375 1 351.04052734375 453.60809326171875 1 0
137.11764526367188 1279.676513671875 1 33.6875 494.6875 1 0
291.1851806640625 1320.4444580078125 1 187.46665954589844 537.11663818359375 1 0
1468.5555419921875 1316.8333740234375 1 1335.175048828125 571.82501220703125 1 0
1468.5555419921875 1316.8333740234375 1 150.15116882324219 300.29071044921875 1 0
424.77777099609375 1050.52783203125 1 316.5 273 1 0
952.41839599609375 1335.3162841796875 1 836.1734619140625 568.051025390625 1 0
574.596435546875 559.21063232421875 1 108.83898162841797 81.059318542480469 1 0
574.596435546875 559.21063232421875 1 108.83898162841797 81.059318542480469 1 0
415.83929443359375 845.5535888671875 1 304.55172729492187 60 1 0
575.05328369140625 968.45428466796875 1 469.32144165039062 193.47959899902344 1 0
433.34466552734375 985.3931884765625 1 324.40908813476563 206.95454406738281 1 0
640.29168701171875 1064.2857666015625 1 534.9725341796875 292.27188110351562 1 0
632.79998779296875 1040.530029296875 1 527.61962890625 268.91024780273437 1 0
632.79998779296875 1040.530029296875 1 527.61962890625 268.91024780273437 1 0
1298.6578369140625 843.14208984375 1 1211.5 94.797142028808594 1 0
1132.8428955078125 906.72857666015625 1 303.88095092773437 338.4761962890625 1 0
1131.54736328125 907.64215087890625 1 1037.7413330078125 151.51478576660156 1 0
663.5 1009.8524780273437 1 559.30712890625 238.92143249511719 1 0
1076.16845703125 1104.059814453125 1 969.64373779296875 346.97903442382812 1 0
637.23681640625 1264.631591796875 1 528.8018798828125 489.95281982421875 1 0
483.00601196289062 935.8253173828125 1 374.96575927734375 157.66438293457031 1 0
441.21942138671875 1009.3201293945312 1 332.47344970703125 231.5 1 0
441.21942138671875 1009.3201293945312 1 332.47344970703125 231.5 1 0
417.66326904296875 1030.8876953125 1 308.62371826171875 253.273193359375 1 0
417.66326904296875 1030.8876953125 1 308.62371826171875 253.273193359375 1 0
303.11575317382812 1080.588623046875 1 192.58415222167969 300.54949951171875 1 0
393.887939453125 1052.6551513671875 1 284.44338989257812 274.83963012695312 1 0
437.5 1192.9310302734375 1 330.978271484375 416.17391967773437 1 0
607.30950927734375 1236.261962890625 1 499.92465209960937 463.08905029296875 1 0
494.1690673828125 943.77337646484375 1 386.82846069335937 165.05474853515625 1 0
372.75 1073.3392333984375 1 262.94000244140625 295.086669921875 1 0
280.41836547851562 1097.5816650390625 1 169.35105895996094 317.05319213867187 1 0
273.331787109375 1096.4813232421875 1 162.09165954589844 315.68331909179687 1 0
1119.7684326171875 875.3262939453125 1 1028.0025634765625 117.68653106689453 1 0
663.86029052734375 956.91912841796875 1 560.6439208984375 183.46212768554687 1 0
663.86029052734375 956.91912841796875 1 560.6439208984375 183.46212768554687 1 0
1072.393310546875 1018.149169921875 1 971.19580078125 260.81619262695312 1 0
707.51470947265625 959.7794189453125 1 569.47674560546875 226.51162719726562 1 0
695.9337158203125 972.331298828125 1 593.0284423828125 203.65446472167969 1 0
695.2615966796875 978.00994873046875 1 592.37078857421875 206.38201904296875 1 0
289.76913452148437 1020.6901245117187 1 176.994873046875 238.505126953125 1 0
706.22882080078125 907.14404296875 1 604.9117431640625 133.51960754394531 1 0
308.13540649414062 1021.8333129882812 1 195.901123046875 240.42938232421875 1 0
694.3206787109375 1150.9068603515625 1 587.30450439453125 380.47744750976562 1 0
693.5062255859375 1231.5062255859375 1 584.98992919921875 462.28961181640625 1 0
659.59771728515625 1250.4425048828125 1 551.257568359375 476.21969604492188 1 0
627.56805419921875 1274.7652587890625 1 519.59930419921875 501.06027221679687 1 0
627.56805419921875 1274.7652587890625 1 519.59930419921875 501.06027221679687 1 0
627.44683837890625 1276.91064453125 1 519.0601806640625 504.11575317382812 1 0
1448.4110107421875 389.91781616210937 1 1457.1353759765625 659.77069091796875 1 0
1448.4110107421875 389.91781616210937 1 1457.1353759765625 659.77069091796875 1 0
444.31817626953125 1100.004150390625 1 336.5 322.6219482421875 1 0
1410.443603515625 926.933349609375 1 1318.3873291015625 185.73121643066406 1 0
244.97959899902344 925.0203857421875 1 126.17890167236328 137.5 1 0
204.02113342285156 1128.6690673828125 1 92.3543701171875 347.208740234375 1 0
273.6746826171875 1133.1375732421875 1 163.93061828613281 352.53347778320312 1 0
307.23419189453125 1138.3861083984375 1 198.32191467285156 358.96575927734375 1 0
1608.6605224609375 789.5123291015625 1 1534.2230224609375 55.684616088867188 1 0
355.85714721679687 876 1 241.58332824707031 89.861114501953125 1 0
355.85714721679687 876 1 241.58332824707031 89.861114501953125 1 0
555.92138671875 960.103759765625 1 449.85897827148437 184.08332824707031 1 0
555.92138671875 960.103759765625 1 449.85897827148437 184.08332824707031 1 0
322.87661743164062 869.7337646484375 1 207.5 82.012191772460938 1 0
561.76025390625 1212.3218994140625 1 454.56558227539062 438.61474609375 1 0
466.42001342773437 1245.699951171875 1 360.26754760742187 467.28509521484375 1 0
466.42001342773437 1245.699951171875 1 360.26754760742187 467.28509521484375 1 0
466.42001342773437 1245.699951171875 1 360.26754760742187 467.28509521484375 1 0
466.7366943359375 986.74261474609375 1 358.76153564453125 208.484619140625 1 0
469.32925415039062 1220.8089599609375 1 362.45123291015625 443.98779296875 1 0
485.76010131835937 1247.7081298828125 1 379.15103149414062 471.09896850585937 1 0
593.52398681640625 966.260009765625 1 489.00381469726562 191.88168334960937 1 0
219.24647521972656 1112.03515625 1 107.86842346191406 329.79824829101562 1 0
485.38812255859375 1227.8006591796875 1 379.46908569335937 449.9329833984375 1 0
978.88775634765625 1329.1123046875 1 861.58001708984375 563.67999267578125 1 0
978.88775634765625 1329.1123046875 1 861.58001708984375 563.67999267578125 1 0
502.40298461914063 1260.7835693359375 1 395.52438354492188 484.10162353515625 1 0
502.67105102539062 1236.355224609375 1 396.09701538085937 460.36566162109375 1 0
1155.390625 1209.796875 1 1040.806396484375 453.91934204101562 1 0
1367.0819091796875 1162.6639404296875 1 1252.027099609375 419.03488159179687 1 0
1280.4473876953125 1150 1 1168.525634765625 402.11538696289062 1 0
260.69644165039062 1067.232177734375 1 148.48304748535156 285.36441040039062 1 0
1259.0638427734375 978.929931640625 1 1160.9063720703125 231.220458984375 1 0
1259.0638427734375 978.929931640625 1 1160.9063720703125 231.220458984375 1 0
550.310791015625 1226.0135498046875 1 443.42681884765625 451.743896484375 1 0
1400.7940673828125 901.65240478515625 1 1309.8050537109375 160.34367370605469 1 0
219.51852416992187 1073.0369873046875 1 106.21428680419922 289.96429443359375 1 0
817.64788818359375 1060.5775146484375 1 713.19940185546875 294.35888671875 1 0
820.32220458984375 1053.54443359375 1 716.5850830078125 286.925537109375 1 0
485.05319213867187 1235.94677734375 1 378.51693725585937 459.38134765625 1 0
485.05319213867187 1235.94677734375 1 378.51693725585937 459.38134765625 1 0
1118.4066162109375 1028.0733642578125 1 1016.51904296875 273.65237426757812 1 0
830.21588134765625 836.90911865234375 1 734.17498779296875 65.375 1 0
554.6624755859375 1252.25 1 447.45062255859375 477.66049194335937 1 0
554.6624755859375 1252.25 1 447.45062255859375 477.66049194335937 1 0
209.66363525390625 1137.4454345703125 1 98.833335876464844 356.75 1 0
828.1514892578125 953.5 1 974.70452880859375 1074.04541015625 1 0
712.21929931640625 821.868408203125 1 613.39190673828125 43.945945739746094 1 0
712.21929931640625 821.868408203125 1 613.39190673828125 43.945945739746094 1 0
397.37234497070312 1192.776611328125 1 290.60638427734375 415.22341918945312 1 0
397.37234497070312 1192.776611328125 1 290.60638427734375 415.22341918945312 1 0
1245.9285888671875 1157.25 1 1134.0806884765625 407.22579956054687 1 0
771.640380859375 1250.74560546875 1 661.9375 480.91665649414062 1 0
933.7071533203125 1120.5428466796875 1 827.29168701171875 358.21527099609375 1 0
933.7071533203125 1120.5428466796875 1 827.29168701171875 358.21527099609375 1 0
1658.423095703125 575.4615478515625 1 521.89129638671875 161.05072021484375 1 0
557.20379638671875 1234.6019287109375 1 450.24093627929687 460.50836181640625 1 0
557.20379638671875 1234.6019287109375 1 450.24093627929687 460.50836181640625 1 0
758.772705078125 1193.4090576171875 1 651.01348876953125 424.47296142578125 1 0
517.9178466796875 1052.0445556640625 1 411.13034057617187 276.8507080078125 1 0
517.9178466796875 1052.0445556640625 1 411.13034057617187 276.8507080078125 1 0
373.82501220703125 1214.9832763671875 1 267.32406616210937 436.25 1 0
727.8585205078125 1192.17919921875 1 620.12066650390625 422.31033325195312 1 0
1429.609375 1135.421875 1 1315.888916015625 395.59722900390625 1 0
1429.609375 1135.421875 1 1315.888916015625 395.59722900390625 1 0
377.08181762695312 1033.990966796875 1 267.21697998046875 255.97169494628906 1 0
436.47088623046875 1002.6456298828125 1 326.05902099609375 225.46273803710937 1 0
1003.8599853515625 1000.4920043945312 1 903.18267822265625 240.15383911132812 1 0
599.16668701171875 849.39581298828125 1 495.97726440429688 69.795455932617188 1 0
772.20587158203125 1282.323486328125 1 661.5491943359375 512.3360595703125 1 0
291.61111450195312 1346.5555419921875 1 188.85134887695312 561.95947265625 1 0
1042.065185546875 1189.224609375 1 930.8768310546875 428.5579833984375 1 0
1042.065185546875 1189.224609375 1 930.8768310546875 428.5579833984375 1 0
396.38043212890625 1011.9674072265625 1 286.7933349609375 233.77999877929687 1 0
396.38043212890625 1011.9674072265625 1 286.7933349609375 233.77999877929687 1 0
396.38043212890625 1011.9674072265625 1 381.77999877929687 142.5 1 0
1385.7548828125 793.38232421875 1 1306.125 47.125 1 0
1542.6173095703125 209.49382019042969 1 1588.1795654296875 110.14640808105469 1 0
902.4755859375 905.18292236328125 1 806 138.75 1 0
885.48211669921875 1325.6607666015625 1 771.00946044921875 557.160400390625 1 0
1405.8065185546875 1187.1949462890625 1 1287.546875 445.00936889648437 1 0
1406.4033203125 1187.9495849609375 1 1287.546875 445.00936889648437 1 0
928.33062744140625 1037.8145751953125 1 825.48486328125 275.65908813476562 1 0
928.33062744140625 1037.8145751953125 1 825.48486328125 275.65908813476562 1 0
852.1153564453125 980.3974609375 1 751.4666748046875 213.522216796875 1 0
1646.1949462890625 1272.90673828125 1 39.425926208496094 1165.611083984375 1 0
1074.609375 1215.078125 1 961.8214111328125 454.42855834960937 1 0
430.1097412109375 1217.4268798828125 1 323.05813598632812 439.7325439453125 1 0
430.1097412109375 1217.4268798828125 1 323.05813598632812 439.7325439453125 1 0
1317.0096435546875 909.9134521484375 1 1224.983154296875 164.35932922363281 1 0
1583.5775146484375 807.95733642578125 1 1505.225830078125 73.887100219726563 1 0
1583.5775146484375 807.95733642578125 1 1505.225830078125 73.887100219726563 1 0
1440.7393798828125 64.007041931152344 1 122.55357360839844 480.75 1 0
938.946533203125 1240.55029296875 1 827.02630615234375 477.22369384765625 1 0
1058.0443115234375 1188.4072265625 1 946.41705322265625 428.260986328125 1 0
928.4151611328125 1036.5484619140625 1 825.88421630859375 273.83685302734375 1 0
393.95001220703125 1315.0833740234375 1 288.6875 534.29168701171875 1 0
206.24192810058594 1109.3709716796875 1 94.623077392578125 327.28460693359375 1 0
760.9361572265625 1058.6383056640625 1 656.7069091796875 289.73275756835937 1 0
187.10868835449219 1221.978271484375 1 80.347824096679688 439.06521606445312 1 0
187.10868835449219 1221.978271484375 1 80.347824096679688 439.06521606445312 1 0
1081.45556640625 1077.699951171875 1 976.3653564453125 321.73077392578125 1 0
835.35052490234375 993.669677734375 1 734.00262451171875 226.48429870605469 1 0
835.35052490234375 993.669677734375 1 734.00262451171875 226.48429870605469 1 0
824.86798095703125 1003.6119995117187 1 722.4014892578125 236.85606384277344 1 0
1255.7452392578125 941.65093994140625 1 1160.6182861328125 192.64793395996094 1 0
213.67059326171875 1103.36474609375 1 101.07653045654297 320.86734008789063 1 0
213.67059326171875 1103.36474609375 1 101.07653045654297 320.86734008789063 1 0
215.48147583007812 1102.2037353515625 1 103.26786041259766 320.07144165039063 1 0
215.48147583007812 1102.2037353515625 1 103.26786041259766 320.07144165039063 1 0
238.29167175292969 1049.4583740234375 1 124.59473419189453 266.28945922851563 1 0
1219.8001708984375 990.8193359375 1 1120.7735595703125 240.58868408203125 1 0
630.7750244140625 964.8499755859375 1 526.8616943359375 190.88298034667969 1 0
1636.90673828125 590.33050537109375 1 521.89129638671875 161.05072021484375 1 0
1059.375 1222.375 1 945.63726806640625 461.85293579101562 1 0
1059.375 1222.375 1 945.63726806640625 461.85293579101562 1 0
1451.040771484375 1171.1632080078125 1 1333.5625 430.71429443359375 1 0
1101.0028076171875 1157.527587890625 1 990.8883056640625 400.40426635742187 1 0
1099.5679931640625 1160.4417724609375 1 989.4285888671875 402.9375 1 0
1443.695068359375 1146.6463623046875 1 1328.8255615234375 407.38372802734375 1 0
380.28314208984375 1005.1265258789062 1 269.74285888671875 225.57142639160156 1 0
380.28314208984375 1005.1265258789062 1 269.74285888671875 225.57142639160156 1 0
380.28314208984375 1005.1265258789062 1 269.74285888671875 225.57142639160156 1 0
314.03192138671875 959.074462890625 1 200.25555419921875 175.85556030273438 1 0
772 902.82354736328125 1 672.45001220703125 132.52499389648437 1 0
923.406982421875 928.4466552734375 1 824.8670654296875 164.02320861816406 1 0
923.406982421875 928.4466552734375 1 824.8670654296875 164.02320861816406 1 0
923.8709716796875 927.3870849609375 1 826.225341796875 162.25352478027344 1 0
1325.5426025390625 896.96807861328125 1 1234.6922607421875 151.94230651855469 1 0
462.83694458007813 1282.04345703125 1 356.1339111328125 503.79153442382813 1 0
1072.421142578125 1182.0517578125 1 961.29998779296875 423.73477172851562 1 0
1070.87353515625 1175.186767578125 1 959.9761962890625 416.297607421875 1 0
1458.230712890625 1163.90380859375 1 1341.12744140625 425.813720703125 1 0
481.64999389648437 1014.4249877929687 1 374 237.60417175292969 1 0
632.5980224609375 973.0882568359375 1 528.1153564453125 200.21153259277344 1 0
1042.7916259765625 1310.0208740234375 1 924.80908203125 546.2454833984375 1 0
1042.7916259765625 1310.0208740234375 1 924.80908203125 546.2454833984375 1 0
874.9117431640625 967.54412841796875 1 774.68572998046875 202.12857055664062 1 0
857.255126953125 1095.9693603515625 1 752 334.29544067382812 1 0
1140.5357666015625 1073.6785888671875 1 1035.1983642578125 319.16665649414062 1 0
1137.129638671875 1023.302490234375 1 1033.7174072265625 268.65216064453125 1 0
924.29486083984375 1254.5640869140625 1 811.967529296875 489.46102905273438 1 0
924.29486083984375 1254.5640869140625 1 811.967529296875 489.46102905273438 1 0
594.13299560546875 1180.2037353515625 1 488.11181640625 407.555908203125 1 0
758.1097412109375 970.32928466796875 1 656.25 200.77082824707031 1 0
758.1097412109375 970.32928466796875 1 656.25 200.77082824707031 1 0
289.08694458007812 924.45654296875 1 172.6199951171875 138.5 1 0
723.75640869140625 882.37176513671875 1 623.6463623046875 108.32926940917969 1 0
1165.6817626953125 326.52273559570312 1 1065.9222412109375 406.65554809570312 1 0
1160.375244140625 1256.44970703125 1 1042.4376220703125 499.50604248046875 1 0
1338.36279296875 1210.12744140625 1 1219.4671630859375 464.11474609375 1 0
1337.94677734375 1210.9681396484375 1 1219.677734375 465.18890380859375 1 0
1199.394775390625 1159.131591796875 1 1087.4361572265625 406.925537109375 1 0
1276.2744140625 1184.8157958984375 1 1161.75 436.260009765625 1 0
1276.5638427734375 1185.095703125 1 1161.75 436.260009765625 1 0
381.73214721679687 1210.2857666015625 1 275.19491577148437 431.9576416015625 1 0
381.73214721679687 1210.2857666015625 1 275.19491577148437 431.9576416015625 1 0
1332.0909423828125 1002.1591186523437 1 1231.9210205078125 258.76315307617187 1 0
626.00982666015625 935.57843017578125 1 521.89129638671875 161.05072021484375 1 0
626.00982666015625 935.57843017578125 1 521.89129638671875 161.05072021484375 1 0
1013.1689453125 1300.567626953125 1 896.85430908203125 537.24017333984375 1 0
1013.1689453125 1300.567626953125 1 896.85430908203125 537.24017333984375 1 0
698.71917724609375 1130.4144287109375 1 593.01513671875 360.01852416992187 1 0
507.4444580078125 1035.9259033203125 1 400.52041625976562 260.25509643554687 1 0
507.4444580078125 1035.9259033203125 1 400.52041625976562 260.25509643554687 1 0
723.75640869140625 882.37176513671875 1 623.6463623046875 108.32926940917969 1 0
1447.5509033203125 105.17796325683594 1 1033.59375 1111.203125 1 0
398.16665649414063 1104.5833740234375 1 289.56521606445312 327.69564819335938 1 0
471.26470947265625 1041.5 1 364.32693481445312 264.61538696289062 1 0
375.14584350585937 845.97918701171875 1 261.01388549804687 58.819442749023438 1 0
1355.39794921875 812.14288330078125 1 1272.829833984375 65.255317687988281 1 0
421.44338989257812 1084.3489990234375 1 313.19091796875 307.39089965820312 1 0
345.69512939453125 1092.0853271484375 1 235.76315307617187 313.55264282226562 1 0
345.69512939453125 1092.0853271484375 1 235.76315307617187 313.55264282226562 1 0
816.3599853515625 881.219970703125 1 718.53387451171875 111.09322357177734 1 0
1033.93896484375 1138.4024658203125 1 925.55999755859375 379.29998779296875 1 0
1033.93896484375 1138.4024658203125 1 925.55999755859375 379.29998779296875 1 0
634.15118408203125 1135.9884033203125 1 527.42724609375 364.33636474609375 1 0
350.15853881835937 1010.256103515625 1 238.87777709960937 230.27777099609375 1 0
350.15853881835937 1010.256103515625 1 238.87777709960937 230.27777099609375 1 0
426.36111450195312 1096.8148193359375 1 318.33810424804687 319.89999389648437 1 0
549.30389404296875 1018.431396484375 1 443.02828979492187 243.81132507324219 1 0
549.30389404296875 1018.431396484375 1 443.02828979492187 243.81132507324219 1 0
758.09521484375 948.23809814453125 1 718.53387451171875 111.09322357177734 1 0
565.5465087890625 1035.5465087890625 1 459.17074584960937 261.73171997070312 1 0
1291.376953125 714.0538330078125 1 132.65834045410156 1175.3416748046875 1 0
1261.770263671875 956.74322509765625 1 1166.0128173828125 208.19230651855469 1 0
846.313232421875 959.68072509765625 1 745.91461181640625 192.79267883300781 1 0
846.313232421875 959.68072509765625 1 745.91461181640625 192.79267883300781 1 0
849.54876708984375 959.08538818359375 1 749.33331298828125 191.92857360839844 1 0
1100.0428466796875 796.0714111328125 1 1013.3648681640625 33.770271301269531 1 0
1100.0428466796875 796.0714111328125 1 1013.3648681640625 33.770271301269531 1 0
1105.5491943359375 1180.958984375 1 993.85296630859375 423.67648315429687 1 0
468.64892578125 1095.5850830078125 1 361.20001220703125 320.67498779296875 1 0
564.5882568359375 1254.5440673828125 1 457.51351928710937 480.06756591796875 1 0
1342.9100341796875 1023.838134765625 1 1240.60400390625 282.20401000976562 1 0
323.42453002929687 1154.688720703125 1 215.27359008789063 375.51885986328125 1 0
846.14617919921875 1121.7615966796875 1 739.8846435546875 356.53076171875 1 0
337.07778930664062 993.74444580078125 1 225.08460998535156 212.45384216308594 1 0
1238.5203857421875 1151.408203125 1 1126.8448486328125 401.90231323242187 1 0
638.2911376953125 968.2911376953125 1 534.75140380859375 194.9228515625 1 0
1283.0360107421875 1198.1400146484375 1 1166.8333740234375 449.65765380859375 1 0
713.220947265625 907.6395263671875 1 611.91070556640625 134.58927917480469 1 0
508.39474487304687 1285.26318359375 1 402.24359130859375 508.525634765625 1 0
1308.0062255859375 1186.84375 1 1192.6844482421875 439.75531005859375 1 0
1308.0062255859375 1186.84375 1 1192.6844482421875 439.75531005859375 1 0
1308.0714111328125 1187.2767333984375 1 1192.6844482421875 439.75531005859375 1 0
1308.0714111328125 1187.2767333984375 1 1192.6844482421875 439.75531005859375 1 0
1131.931396484375 989.186279296875 1 1032.6632080078125 236.11224365234375 1 0
337.62698364257812 993.32537841796875 1 225.08460998535156 212.45384216308594 1 0
899.6346435546875 1301.9615478515625 1 785.9761962890625 534.1190185546875 1 0
252.11764526367187 1115.2059326171875 1 141.125 334.79165649414062 1 0
1507.42041015625 810.2698974609375 1 1428.4635009765625 72.186134338378906 1 0
1208.131591796875 1300.74560546875 1 1085.9705810546875 544.068603515625 1 0
1208.131591796875 1300.74560546875 1 1085.9705810546875 544.068603515625 1 0
355.35714721679687 1230.4857177734375 1 249.54429626464844 450.28482055664062 1 0
355.35714721679687 1230.4857177734375 1 249.54429626464844 450.28482055664062 1 0
355.35714721679687 1230.4857177734375 1 249.54429626464844 450.28482055664062 1 0
751.80908203125 1204.9364013671875 1 643.66668701171875 435.75 1 0
751.80908203125 1204.9364013671875 1 643.66668701171875 435.75 1 0
226 1191.547607421875 1 118.01219177246094 409.71951293945312 1 0
698.29168701171875 842.39581298828125 1 598.4285888671875 65.482139587402344 1 0
1657.129638671875 916.01849365234375 1 1565.0833740234375 188.90277099609375 1 0
1349.699951171875 1166.683349609375 1 1235.067138671875 422.02239990234375 1 0
990.839599609375 1118.217041015625 1 884.7244873046875 357.41836547851562 1 0
990.839599609375 1118.217041015625 1 884.7244873046875 357.41836547851562 1 0
615.33929443359375 996.51788330078125 1 510.2213134765625 223.38523864746094 1 0
488.02828979492187 942.5943603515625 1 379.89999389648437 163.88333129882812 1 0
680.32220458984375 943.433349609375 1 577.39794921875 170.66326904296875 1 0
835.55126953125 807.474365234375 1 741.022705078125 34.409091949462891 1 0
821.1842041015625 760.27191162109375 1 1120.9814453125 116.94444274902344 1 0
689.35107421875 1089.3084716796875 1 583.72222900390625 319.07406616210937 1 0
689.35107421875 1089.3084716796875 1 583.72222900390625 319.07406616210937 1 0
1428.1400146484375 1160.9599609375 1 1312.238037109375 420.57144165039062 1 0
1176.761962890625 1158.90478515625 1 1065.9222412109375 406.65554809570312 1 0
1176.761962890625 1158.90478515625 1 1065.9222412109375 406.65554809570312 1 0
796.46075439453125 1159.36279296875 1 689.44232177734375 391.7884521484375 1 0
796.46075439453125 1159.36279296875 1 689.44232177734375 391.7884521484375 1 0
894.5555419921875 951.53704833984375 1 795.34442138671875 186.5 1 0
1656.8370361328125 915.65728759765625 1 1565.1380615234375 188.03334045410156 1 0
1656.8370361328125 915.65728759765625 1 1565.1380615234375 188.03334045410156 1 0
1017.4403076171875 1055.962646484375 1 913.9375 296.10714721679687 1 0
1146.02001953125 1007.6439819335937 1 1046.4453125 253.38557434082031 1 0
1147.2921142578125 1006.7977294921875 1 1046.4453125 253.38557434082031 1 0
1142.5799560546875 981.3544921875 1 1043.8984375 227.39738464355469 1 0
1142.7122802734375 982.494384765625 1 1043.8837890625 228.2891845703125 1 0
1142.7122802734375 982.494384765625 1 1043.8837890625 228.2891845703125 1 0
634.51800537109375 891.130615234375 1 531.5081787109375 114.92623138427734 1 0
634.51800537109375 891.130615234375 1 531.5081787109375 114.92623138427734 1 0
679.422119140625 1011.3091430664062 1 575.0968017578125 247.33598327636719 1 0
835.78070068359375 822.78070068359375 1 740.232421875 50.401409149169922 1 0
835.78070068359375 822.78070068359375 1 740.232421875 50.401409149169922 1 0
258.79522705078125 958.623779296875 1 142.17741394042969 173.44354248046875 1 0
828.4464111328125 939.04461669921875 1 728.90802001953125 170.88400268554687 1 0
977.7391357421875 1105.3695068359375 1 871.70513916015625 345.21795654296875 1 0
977.7391357421875 1105.3695068359375 1 871.70513916015625 345.21795654296875 1 0
670.030029296875 933.1099853515625 1 566.698974609375 159.97264099121094 1 0
272.58871459960937 958.53228759765625 1 156.68382263183594 172.93382263183594 1 0
843.68463134765625 1319.376953125 1 730.579345703125 549.388916015625 1 0
986.16949462890625 1156.11865234375 1 877.75860595703125 395.21551513671875 1 0
692.622802734375 905.53509521484375 1 590.83843994140625 131.89999389648437 1 0
822.600341796875 470.24822998046875 1 1026.2969970703125 169.30450439453125 1 0
609.87310791015625 1143.9029541015625 1 503.2205810546875 371.58822631835937 1 0
616.75 1118.0714111328125 1 510.38677978515625 346.40567016601562 1 0
390.60714721679687 1280.892822265625 1 285.07144165039062 500.58163452148437 1 0
1390.1983642578125 929.26190185546875 1 1297.2066650390625 187.51333618164062 1 0
1323.4036865234375 645.1513671875 1 517.868408203125 671.78948974609375 1 0
1469.1983642578125 1271.7486572265625 1 1340.493896484375 529.63336181640625 1 0
779.83941650390625 1239.7606201171875 1 670.09613037109375 471.23077392578125 1 0
302.29412841796875 1023.2941284179687 1 190.07499694824219 242.22500610351562 1 0
251.84375 975.36456298828125 1 135.60833740234375 190.69166564941406 1 0
1415.5936279296875 846.42767333984375 1 1331.3905029296875 104.15714263916016 1 0
1415.5936279296875 846.42767333984375 1 1331.3905029296875 104.15714263916016 1 0
676.992431640625 1182.0909423828125 1 569.81292724609375 410.75851440429687 1 0
617.788330078125 1074.2318115234375 1 512.1116943359375 301.5716552734375 1 0
1228.5684814453125 1046.9451904296875 1 1125.13427734375 297.28717041015625 1 0
1228.376953125 1043.0968017578125 1 1125.15185546875 294.69808959960937 1 0
1228.376953125 1043.0968017578125 1 1125.15185546875 294.69808959960937 1 0
1228.376953125 1043.0968017578125 1 1125.15185546875 294.69808959960937 1 0
1071.7935791015625 821.4541015625 1 983.06817626953125 59.007575988769531 1 0
1071.7935791015625 821.4541015625 1 983.06817626953125 59.007575988769531 1 0
1076.2608642578125 819.84783935546875 1 987.25927734375 57.444442749023438 1 0
477.25 894.9444580078125 1 368.97915649414063 114.22916412353516 1 0
307.83746337890625 866.5576171875 1 191.95477294921875 77.481910705566406 1 0
302.27777099609375 862.45556640625 1 390.46875 1330.4637451171875 1 0
1055.7486572265625 1066.5 1 951.50714111328125 311.23214721679687 1 0
985.576904296875 1178.326904296875 1 875.5181884765625 417.79998779296875 1 0
1009.7294921875 843.598388671875 1 917.3599853515625 81.400001525878906 1 0
978.34210205078125 877.131591796875 1 883.977294921875 113.77272796630859 1 0
978.34210205078125 877.131591796875 1 883.977294921875 113.77272796630859 1 0
742.83856201171875 991.86480712890625 1 640.208251953125 222.29293823242187 1 0
1284.420166015625 494.21917724609375 1 440.47415161132812 1231.22412109375 1 0
808.59228515625 562.23846435546875 1 1290.846923828125 205.62245178222656 1 0
983.5250244140625 1071.25 1 879.10418701171875 311.6875 1 0
1197.5986328125 1125.809814453125 1 1088.77587890625 374.33908081054687 1 0
1156.01513671875 1069.33837890625 1 1050.9923095703125 315.67434692382813 1 0
1156.01513671875 1069.33837890625 1 1050.9923095703125 315.67434692382813 1 0
1154.0177001953125 1068.9822998046875 1 1049.1842041015625 315.60525512695312 1 0
1154.0177001953125 1068.9822998046875 1 1049.1842041015625 315.60525512695312 1 0
514.5535888671875 897.39288330078125 1 407.58770751953125 118.78070068359375 1 0
514.5535888671875 897.39288330078125 1 407.58770751953125 118.78070068359375 1 0
933.780029296875 1146.4840087890625 1 826.02142333984375 383.74124145507812 1 0
933.780029296875 1146.4840087890625 1 826.02142333984375 383.74124145507812 1 0
358.2908935546875 978.64410400390625 1 252.91824340820313 200.78770446777344 1 0
498.47915649414062 965.29168701171875 1 391.98934936523437 188.22340393066406 1 0
498.47915649414062 965.29168701171875 1 391.98934936523437 188.22340393066406 1 0
1122.75 1225.5909423828125 1 1007.8200073242187 467.739990234375 1 0
227.82334899902344 1129.1856689453125 1 117.0391845703125 347.00784301757812 1 0
489.10150146484375 921.793212890625 1 381.77999877929687 142.5 1 0
489.10150146484375 921.793212890625 1 381.77999877929687 142.5 1 0
337.8902587890625 1315.743896484375 1 233.56976318359375 533.5465087890625 1 0
935.33966064453125 1183.2806396484375 1 826.061767578125 420.80279541015625 1 0
1197.5986328125 1125.809814453125 1 1088.77587890625 374.33908081054687 1 0
957.75 1327.0833740234375 1 841.96807861328125 560.81915283203125 1 0
400.91464233398437 1219.256103515625 1 294.3157958984375 440.1842041015625 1 0
468.84722900390625 1028.1805419921875 1 361.30722045898437 250.98193359375 1 0
439.06637573242187 969.960205078125 1 329.73602294921875 188.92857360839844 1 0
1164.693115234375 933.38275146484375 1 1069.4935302734375 179.74462890625 1 0
1167.4599609375 965.32635498046875 1 1069.8173828125 212.59751892089844 1 0
466.0211181640625 946.58453369140625 1 357.80435180664062 168.09420776367187 1 0
402.07470703125 933.1436767578125 1 291.66036987304687 151.68867492675781 1 0
1139.7154541015625 949.6287841796875 1 1043.200927734375 195.10697937011719 1 0
469.69049072265625 1165.267822265625 1 362.77645874023438 389.30587768554687 1 0
469.69049072265625 1165.267822265625 1 362.77645874023438 389.30587768554687 1 0
998.51885986328125 1124.17919921875 1 889.81036376953125 365.44253540039062 1 0
457.09259033203125 1022.9309692382812 1 348.90213012695312 245.89146423339844 1 0
383.99029541015625 874.44708251953125 1 271.61093139648437 89.446029663085938 1 0
383.99029541015625 874.44708251953125 1 271.61093139648437 89.446029663085938 1 0
780.76904296875 1182.3121337890625 1 672.79107666015625 415.19271850585937 1 0
1559.4664306640625 1132.399169921875 1 642.29998779296875 306.625 1 0
727.9598388671875 1092.07666015625 1 622.3677978515625 322.92147827148437 1 0
1127.69091796875 1092.609130859375 1 1021.328857421875 337.13064575195312 1 0
983.84783935546875 1134.0869140625 1 875.79998779296875 373.79998779296875 1 0
407.99252319335938 1068.10107421875 1 297.39395141601562 289.33334350585937 1 0
1320.567626953125 940.13287353515625 1 1225.6121826171875 194.67561340332031 1 0
995.40911865234375 1321.47900390625 1 878.46875 556.4453125 1 0
573.23626708984375 980.9176025390625 1 468.021728515625 206.38043212890625 1 0
383.95782470703125 964.01806640625 1 273.15115356445312 183.20930480957031 1 0
383.78945922851562 967.39471435546875 1 272.9871826171875 187.08973693847656 1 0
1458.841064453125 882.38372802734375 1 1370.887939453125 143.77586364746094 1 0
445.17391967773438 1030.95654296875 1 336.94000244140625 253.39999389648437 1 0
445.17391967773438 1030.95654296875 1 336.94000244140625 253.39999389648437 1 0
497.67440795898437 986.47674560546875 1 390.79348754882812 209.07608032226562 1 0
419.18182373046875 992.40911865234375 1 310 213.96551513671875 1 0
365.04022216796875 920.54595947265625 1 252.69387817382812 137.46939086914062 1 0
1459.33154296875 898.50531005859375 1 1369.35546875 160.584716796875 1 0
1240.1046142578125 811.2674560546875 1 1155.4761962890625 57.309524536132813 1 0
923.1368408203125 794.85821533203125 1 1043.200927734375 195.10697937011719 1 0
675.219970703125 1319.739990234375 1 565.2662353515625 545.87664794921875 1 0
675.219970703125 1319.739990234375 1 565.2662353515625 545.87664794921875 1 0
614.34442138671875 1234.255615234375 1 506.64892578125 460.94680786132812 1 0
655.21832275390625 1081.3309326171875 1 549.88775634765625 310.153076171875 1 0
984.576904296875 947.34613037109375 1 887.1363525390625 185.33636474609375 1 0
984.576904296875 947.34613037109375 1 887.1363525390625 185.33636474609375 1 0
1246.5 875.368408203125 1 1156.5526123046875 124.60526275634766 1 0
867.2869873046875 1311.5396728515625 1 753.952880859375 543.04345703125 1 0
867.322998046875 1307.9779052734375 1 754.10638427734375 539.0638427734375 1 0
867.322998046875 1307.9779052734375 1 754.10638427734375 539.0638427734375 1 0
1170.57568359375 999.85980224609375 1 1070.507080078125 247.49642944335937 1 0
482.20339965820312 983.1356201171875 1 374.409912109375 205.77928161621094 1 0
925.84161376953125 868.84783935546875 1 831.0706787109375 102.78795623779297 1 0
1444.150146484375 1213.4188232421875 1 1321.9927978515625 472.25665283203125 1 0
1331.9832763671875 940.45831298828125 1 1237.3150634765625 196.91886901855469 1 0
1331.9832763671875 940.45831298828125 1 1237.3150634765625 196.91886901855469 1 0
530.67022705078125 857.47869873046875 1 424.33871459960937 78.677421569824219 1 0
940.72698974609375 855.19940185546875 1 846.912109375 89.186813354492188 1 0
381.441162109375 1237.009765625 1 274.80508422851562 457.65255737304687 1 0
381.441162109375 1237.009765625 1 274.80508422851562 457.65255737304687 1 0
1135.8736572265625 1195.068603515625 1 1022.4737548828125 438.71414184570312 1 0
286.66217041015625 1020.3378295898437 1 173.88636779785156 238.93182373046875 1 0
322.88461303710937 872.4615478515625 1 205.89706420898437 84.720588684082031 1 0
201.70454406738281 1347.0682373046875 1 100.44736480712891 559.76318359375 1 0
912.1956787109375 1314.7174072265625 1 797.52520751953125 547.25628662109375 1 0
1174.24560546875 1046.3914794921875 1 1070.8729248046875 294.264404296875 1 0
702.80267333984375 1024.6453857421875 1 556.503662109375 535.9066162109375 1 0
841.7548828125 829.63726806640625 1 746.26922607421875 58.130767822265625 1 0
1419.1533203125 1089.4000244140625 1 1310.760009765625 349.83334350585937 1 0
380.29165649414062 1307.875 1 251.15078735351563 541.15081787109375 1 0
694.93902587890625 833.03656005859375 1 595.06756591796875 55.878379821777344 1 0
968.3485107421875 1260.802978515625 1 853.10467529296875 497.593017578125 1 0
1177.91845703125 1076.3421630859375 1 1072.5240478515625 324.3074951171875 1 0
323.65255737304687 964.5169677734375 1 210.77777099609375 181.91667175292969 1 0
303.16665649414062 909.52081298828125 1 503.63888549804687 176.36111450195312 1 0
642.38336181640625 1252.2833251953125 1 534.13494873046875 478.46826171875 1 0
1391.0999755859375 832.32220458984375 1 1307.27783203125 87.788887023925781 1 0
398.91000366210937 1239.949951171875 1 292.54299926757812 461.1343994140625 1 0
398.91000366210937 1239.949951171875 1 292.54299926757812 461.1343994140625 1 0
398.70928955078125 1246.43017578125 1 292.55712890625 467.32858276367187 1 0
398.70928955078125 1246.43017578125 1 292.55712890625 467.32858276367187 1 0
627.1190185546875 1019.6666870117187 1 522.1279296875 247.91860961914062 1 0
1222.8724365234375 946.07928466796875 1 1126.6241455078125 196.08169555664062 1 0
509.79165649414063 955.90277099609375 1 402.74026489257812 178.93505859375 1 0
509.28021240234375 950.19232177734375 1 402.260009765625 173.42999267578125 1 0
535.343505859375 911.86639404296875 1 429.74252319335937 133.1312255859375 1 0
692.36505126953125 834.22222900390625 1 592.42645263671875 56.639705657958984 1 0
690.54443359375 835.76666259765625 1 590.56121826171875 57.704082489013672 1 0
669.84881591796875 1335.8953857421875 1 560.15716552734375 560.9000244140625 1 0
612.59088134765625 1273.1363525390625 1 504.625 499.13751220703125 1 0
612.59088134765625 1273.1363525390625 1 504.625 499.13751220703125 1 0
1601.0423147005392 900.69217431609502 1 1508.7946010217095 166.31666339839768 1 1
1047.4619297052125 883.20181074327434 1 955.00820634171146 125.3702334992595 1 1
232.70241364205683 884.00939686219306 1 110.64208870781532 91.300334945032176 1 1
744.0126727145813 937.59872958995743 1 642.85723404873841 169.36849453376536 1 1
779.07767218290905 1130.0024054017147 1 673.31404454654466 365.3621899742119 1 1
247.21227165428832 1188.2037492265645 1 138.9819966216433 403.9356159073281 1 1
646.69544764829493 853.31246314719328 1 543.9259267390795 76.671918338451704 1 1
563.18288700888002 1065.7741694130818 1 456.94914962623511 293.37233628833496 1 1
