414.01535034179687 1255.3907470703125 1 615.14093017578125 1618.490966796875 1 0
304.58334350585937 835.22918701171875 1 1069.8663330078125 1069.361328125 1 0
686.875 1072.6875 1 1259.0670166015625 1479.1495361328125 1 0
336.06411743164062 847.75640869140625 1 1094.6368408203125 1091.6368408203125 1 0
1163.699951171875 1084.074951171875 1 1070.4117431640625 1510.9117431640625 1 0
693.359130859375 1202.1197509765625 1 1067.005859375 1657.4647216796875 1 0
317.83334350585937 1645.111083984375 1 856.82501220703125 1553.2249755859375 1 0
610.30767822265625 637.5 1 279.35714721679687 1522.9285888671875 1 0
316.38888549804687 1660.34130859375 1 324.33334350585937 1621.4444580078125 1 0
339.73684692382812 1272.23681640625 1 497.8817138671875 1613.698974609375 1 0
545.1842041015625 958.47369384765625 1 1230.7249755859375 1283.699951171875 1 0
545.1842041015625 958.47369384765625 1 1230.7249755859375 1283.699951171875 1 0
651.5 1067.02783203125 1 1212.014892578125 1459.658447265625 1 0
415.42062377929687 1285.261962890625 1 573.5545654296875 1655.7091064453125 1 0
390.58163452148437 920.31634521484375 1 1074.356201171875 1195.793701171875 1 0
1064.4176025390625 664.29119873046875 1 395.93243408203125 899.79730224609375 1 0
226.64285278320312 928.3775634765625 1 847.576416015625 1171.2430419921875 1 0
477.4095458984375 1051.634521484375 1 984.53656005859375 1384.9691162109375 1 0
477.4095458984375 1051.634521484375 1 984.53656005859375 1384.9691162109375 1 0
617.36767578125 1013.9117431640625 1 1250.9354248046875 1378.806396484375 1 0
199.18084716796875 1097.4361572265625 1 572.0692138671875 1366.6845703125 1 0
780.8140869140625 1164.827392578125 1 958.79412841796875 1105.8970947265625 1 0
483.92855834960937 1475.1571044921875 1 327.25 1357.199951171875 1 0
1145.0806884765625 907.5 1 387.471435546875 1187.9857177734375 1 0
110.77777862548828 849.4444580078125 1 806.95611572265625 1053.7982177734375 1 0
585.40625 1061.875 1 1123.55908203125 1431.199951171875 1 0
585.40625 1061.875 1 1123.55908203125 1431.199951171875 1 0
275.45327758789062 1384.22900390625 1 710.4189453125 850.5 1 0
398.42904663085937 1175.63525390625 1 709.7918701171875 1516.6297607421875 1 0
398.42904663085937 1175.63525390625 1 709.7918701171875 1516.6297607421875 1 0
398.42904663085937 1175.63525390625 1 709.7918701171875 1516.6297607421875 1 0
50.871429443359375 1042.2142333984375 1 485.59524536132812 1269.1666259765625 1 0
346.99639892578125 1034.50244140625 1 844.130615234375 1328.538330078125 1 0
348.93630981445312 1034.7325439453125 1 844.130615234375 1328.538330078125 1 0
142.9342041015625 845.53948974609375 1 853.5072021484375 1054.917236328125 1 0
102 685.57501220703125 1 1023.2462768554687 848.723876953125 1 0
948.78570556640625 1239.1123046875 1 758.5250244140625 1466.425048828125 1 0
541.60455322265625 1056.643798828125 1 1071.5159912109375 1411.227294921875 1 0
541.60455322265625 1056.643798828125 1 1071.5159912109375 1411.227294921875 1 0
833.25677490234375 891.20269775390625 1 375.47726440429687 1062.4317626953125 1 0
430.76470947265625 997.26470947265625 1 394.10494995117187 1417.783935546875 1 0
599.04052734375 1073.4189453125 1 1126.5196533203125 1451.4019775390625 1 0
559.047607421875 945.26190185546875 1 1278.0135498046875 1270.5810546875 1 0
1323.6014404296875 870.9202880859375 1 400.14285278320312 941.76190185546875 1 0
138.72413635253906 1314.82763671875 1 235.85484313964844 1598.9031982421875 1 0
78.326087951660156 786.89129638671875 1 846.13116455078125 972.5655517578125 1 0
1218.06982421875 1004.1395263671875 1 713.73077392578125 1405.598876953125 1 0
425.86746215820313 1134.4578857421875 1 797.392578125 1473.611572265625 1 0
73.732879638671875 623.623291015625 1 1071.3543701171875 766.37005615234375 1 0
98.074073791503906 527.629638671875 1 1245.96728515625 642.84576416015625 1 0
96.416664123535156 1337.638916015625 1 152.77928161621094 1612.391845703125 1 0
210.73809814453125 907.86737060546875 1 858.80950927734375 1145.3809814453125 1 0
243.91169738769531 943.6082763671875 1 854.92633056640625 1189.1510009765625 1 0
256.65957641601562 943.96807861328125 1 861.701171875 1197.8907470703125 1 0
617.6199951171875 1177.6199951171875 1 993.39312744140625 1593.72900390625 1 0
100.56392669677734 860.72833251953125 1 781.16510009765625 1065.342041015625 1 0
229.2979736328125 867.146484375 1 932.55816650390625 1096.406982421875 1 0
294.69076538085937 1213.5115966796875 1 534.361083984375 1530.90283203125 1 0
205.88554382324219 999.04217529296875 1 719.47467041015625 1252.67724609375 1 0
146.02093505859375 668.65704345703125 1 1105.462890625 831.72784423828125 1 0
150.8228759765625 667.5538330078125 1 1113.0792236328125 831.34814453125 1 0
160.51130676269531 758.7598876953125 1 996.968994140625 950.759765625 1 0
146.02093505859375 668.65704345703125 1 1095.6024169921875 833.22265625 1 0
166.66546630859375 818.57916259765625 1 919.58599853515625 1025.3458251953125 1 0
42.279998779296875 1041.0400390625 1 477.26388549804687 1266.09716796875 1 0
42.279998779296875 1041.0400390625 1 477.26388549804687 1266.09716796875 1 0
444.89697265625 898.87188720703125 1 1177.3802490234375 1180.508544921875 1 0
444.89697265625 898.87188720703125 1 1177.3802490234375 1180.508544921875 1 0
75.582191467285156 842.08905029296875 1 772.5859375 1039.34375 1 0
196.45816040039062 1008.16943359375 1 687.570556640625 1263.570556640625 1 0
196.45816040039062 1008.16943359375 1 687.570556640625 1263.570556640625 1 0
196.45816040039062 1008.16943359375 1 687.570556640625 1263.570556640625 1 0
232.156982421875 1331.912841796875 1 303.51904296875 1648.9857177734375 1 0
232.156982421875 1331.912841796875 1 303.51904296875 1648.9857177734375 1 0
232.156982421875 1331.912841796875 1 303.51904296875 1648.9857177734375 1 0
193.34616088867187 782.82305908203125 1 1005.1848754882812 984.91815185546875 1 0
193.34616088867187 782.82305908203125 1 1005.1848754882812 984.91815185546875 1 0
128.77082824707031 836.3375244140625 1 850.63665771484375 1039.53515625 1 0
122.4549560546875 841.14862060546875 1 830.10870361328125 1046.4130859375 1 0
417.7774658203125 895.72833251953125 1 1146.510009765625 1170.4862060546875 1 0
412.06027221679687 900.2021484375 1 1128.4588623046875 1176.4794921875 1 0
412.06027221679687 900.2021484375 1 1128.4588623046875 1176.4794921875 1 0
369.44815063476562 1165.06005859375 1 689.3590087890625 1494.7359619140625 1 0
369.44815063476562 1165.06005859375 1 689.3590087890625 1494.7359619140625 1 0
368.42776489257812 1165.9759521484375 1 689.3590087890625 1494.7359619140625 1 0
368.42776489257812 1165.9759521484375 1 689.3590087890625 1494.7359619140625 1 0
377.44827270507812 1162.810302734375 1 701.0172119140625 1494.410400390625 1 0
562.8951416015625 960.774169921875 1 1256.40283203125 1292.4285888671875 1 0
777.51177978515625 506.31765747070313 1 1236.776611328125 1413.9893798828125 1 0
641.69512939453125 1055.7613525390625 1 1207.41650390625 1439.8690185546875 1 0
341.08621215820313 1259.7659912109375 1 517.30426025390625 1598.19873046875 1 0
639.9110107421875 1073.885986328125 1 1172.7203369140625 1462.4373779296875 1 0
639.9110107421875 1073.885986328125 1 1172.7203369140625 1462.4373779296875 1 0
316.67025756835937 1072.037109375 1 756.0220947265625 1365.9229736328125 1 0
492.14663696289062 930.02294921875 1 1206.104248046875 1231.9168701171875 1 0
557.72088623046875 1159.6656494140625 1 928.92498779296875 1546.9613037109375 1 0
555.48486328125 1160.8182373046875 1 923.0244140625 1547.6524658203125 1 0
322.5418701171875 1196.1221923828125 1 593.8914794921875 1516.9481201171875 1 0
322.5418701171875 1196.1221923828125 1 593.8914794921875 1516.9481201171875 1 0
335.89370727539062 1186.05517578125 1 619.822021484375 1510.35400390625 1 0
335.89370727539062 1186.05517578125 1 619.822021484375 1510.35400390625 1 0
276.91143798828125 1152.2943115234375 1 593.0118408203125 1451.073974609375 1 0
276.91143798828125 1152.2943115234375 1 593.0118408203125 1451.073974609375 1 0
1033.8333740234375 1137.351806640625 1 1164.51220703125 1187.1219482421875 1 0
82.954544067382813 1049.772705078125 1 506.70001220703125 1284.0230712890625 1 0
329.51071166992187 948.4547119140625 1 948.93743896484375 1222.3447265625 1 0
276.8365478515625 1060.5865478515625 1 719.66326904296875 1343.153076171875 1 0
70.939254760742188 1018.8457641601562 1 533.3446044921875 1246.9581298828125 1 0
186.5 1028.1666259765625 1 864.0999755859375 1291.199951171875 1 0
101.38095092773437 1027.5714111328125 1 556.189208984375 1262.5269775390625 1 0
73.84210205078125 1129.4473876953125 1 396.35244750976562 1374.0245361328125 1 0
43.815788269042969 1123.8289794921875 1 370.29830932617188 1359.8529052734375 1 0
957.99090576171875 487.93637084960937 1 955.26470947265625 1248.950927734375 1 0
120.57070922851562 526.7020263671875 1 1278.428955078125 642.915283203125 1 0
120.57070922851562 526.7020263671875 1 1278.428955078125 642.915283203125 1 0
186.36538696289062 1401.423095703125 1 77.333335876464844 1002.1041870117187 1 0
247.8880615234375 1284.141845703125 1 385.5069580078125 1598.40283203125 1 0
331.51922607421875 1096.826904296875 1 731.44183349609375 1401.755859375 1 0
72.017242431640625 798.17242431640625 1 1023.2462768554687 848.723876953125 1 0
157.58927917480469 709.51788330078125 1 1062.1500244140625 886.5374755859375 1 0
89.73529052734375 875.813720703125 1 748.88775634765625 1082.040771484375 1 0
444.60772705078125 1040.7906494140625 1 958.724853515625 1363.244384765625 1 0
1099.565673828125 1127.383544921875 1 589.0498046875 1303.288818359375 1 0
65.837425231933594 484.31594848632812 1 1264.1353759765625 580.770751953125 1 0
186.26470947265625 590.6123046875 1 1278.74267578125 733.73199462890625 1 0
76.896827697753906 699.0079345703125 1 971.086181640625 862.35345458984375 1 0
165.69999694824219 804.7545166015625 1 938.41766357421875 1007.305908203125 1 0
234.24418640136719 751.034912109375 1 1106.789306640625 950.65228271484375 1 0
91.080070495605469 578.00177001953125 1 1166.57763671875 708.5487060546875 1 0
187.08803734339634 1276.4510539973317 1 329.18225529516275 1570.5362280796671 1 1
404.67487640666388 813.28931682971347 1 1252.6654140701819 1061.5074686670189 1 1
183.89125330396141 849.35110883184268 1 898.57882506599913 1065.6530359599121 1 1
453.87466074734249 1120.6085253228739 1 856.58735774859542 1468.2906723598746 1 1
669.66125409206688 1171.9968066142815 1 1075.4015295699789 1604.8827476347317 1 1
54.260708969298712 565.84138315104929 1 1135.079640327516 688.31921505146863 1 1
93.363924906115813 991.92491410985599 1 594.75873669830162 1219.6997336095442 1 1
463.27776639900009 1008.5591461586531 1 1036.0075851863007 1329.8952272791744 1 1
