145.9044189453125 212.81985473632812 1 145.69438171386719 212.17915344238281 1 0
146.67646789550781 97.470588684082031 1 146.69999694824219 97.25 1 0
160.5245361328125 47.024539947509766 1 160.90432739257812 47.6949462890625 1 0
160.5245361328125 47.024539947509766 1 160.90432739257812 47.6949462890625 1 0
77.379310607910156 247.51148986816406 1 77.67791748046875 247.48773193359375 1 0
78.585716247558594 141.9857177734375 1 78.96875 142.21875 1 0
76.15625 141.75 1 76.202125549316406 141.56382751464844 1 0
63.717052459716797 175.67829895019531 1 63.5 175.45726013183594 1 0
194.58428955078125 180.2183837890625 1 191.45881652832031 182.78700256347656 1 0
54.722221374511719 214.27777099609375 1 54.950000762939453 214.38333129882812 1 0
54.722221374511719 214.27777099609375 1 54.950000762939453 214.38333129882812 1 0
161.38888549804687 59.527778625488281 1 160.53030395507812 59.166667938232422 1 0
161.38888549804687 59.527778625488281 1 160.53030395507812 59.166667938232422 1 0
273.53732299804687 179.1119384765625 1 273.85897827148437 179.54273986816406 1 0
174.26470947265625 66.029411315917969 1 174.56666564941406 65.900001525878906 1 0
146.66853332519531 70.275283813476563 1 146.73077392578125 70.74359130859375 1 0
64.0625 118.11250305175781 1 196.20732116699219 249.91462707519531 1 0
113.78571319580078 205.41429138183594 1 113.66666412353516 205.38095092773437 1 0
108.12264251708984 180.38679504394531 1 108 180.19642639160156 1 0
89.700864920943246 217.36124390810588 1 89.970538780372578 217.28586795757704 1 1
92.844009563670937 54.746848007817995 1 92.892225464249009 54.345813863706276 1 1
178.97950159849074 74.425481907502032 1 179.41464906140209 74.472082422702428 1 1
276.37511472408517 62.551732999020665 1 276.76764486951697 62.912661294961055 1 1
25.154529554267164 96.079217738408019 1 24.731908203015056 95.761414635763828 1 1
221.91593124599325 47.853041780376344 1 222.46577198160145 47.941125410120861 1 1
188.18271165807997 175.79610043991684 1 188.39780126280601 175.88170099418971 1 1
263.96834220386523 242.88923823248814 1 263.46388708399161 242.4417460881532 1 1
