333.29071044921875 641.344970703125 1 1044.6849365234375 62.191780090332031 1 0
376.71429443359375 655.31634521484375 1 1044.773681640625 78.878944396972656 1 0
523.35711669921875 677.73809814453125 1 1111.482177734375 161.98214721679687 1 0
523.35711669921875 677.73809814453125 1 1174.85595703125 126.17796325683594 1 0
251.9339599609375 643.5 1 956.71875 70.15625 1 0
251.9339599609375 643.5 1 956.71875 70.15625 1 0
251.9339599609375 643.5 1 956.71875 70.15625 1 0
752.87835693359375 663.6351318359375 1 1174.85595703125 126.17796325683594 1 0
419.79544067382812 720.68182373046875 1 1145.5369873046875 141.29629516601562 1 0
724.79412841796875 660.441162109375 1 1174.85595703125 126.17796325683594 1 0
724.79412841796875 660.441162109375 1 1174.85595703125 126.17796325683594 1 0
470.47958374023437 696.0714111328125 1 1111.482177734375 161.98214721679687 1 0
199.91462707519531 923.256103515625 1 929.6944580078125 252.97222900390625 1 0
496.52325439453125 685.98834228515625 1 1111.482177734375 161.98214721679687 1 0
864.0897216796875 690.21795654296875 1 1174.85595703125 126.17796325683594 1 0
864.0897216796875 690.21795654296875 1 1174.85595703125 126.17796325683594 1 0
278.45999145507812 634.64398193359375 1 985.3118896484375 60.509899139404297 1 0
235.12295532226562 667.5491943359375 1 939.76318359375 96.377189636230469 1 0
781.21875 630.04168701171875 1 1044.6849365234375 62.191780090332031 1 0
781.21875 630.04168701171875 1 1092.268798828125 58.231250762939453 1 0
818.36456298828125 628.72918701171875 1 1044.6849365234375 62.191780090332031 1 0
245.36956787109375 657.4652099609375 1 950.098388671875 85.377052307128906 1 0
245.36956787109375 657.4652099609375 1 950.098388671875 85.377052307128906 1 0
385.85714721679687 662.3214111328125 1 1102.9642333984375 82 1 0
354.739990234375 765.58001708984375 1 1066.7244873046875 195.68367004394531 1 0
106.09366607666016 875.6846923828125 1 818.393798828125 310.78204345703125 1 0
106.09366607666016 875.6846923828125 1 818.393798828125 310.78204345703125 1 0
707.94256591796875 276.57659912109375 1 963.783935546875 128.84375 1 0
584.18133544921875 635.77471923828125 1 1044.6849365234375 62.191780090332031 1 0
584.18133544921875 635.77471923828125 1 1044.6849365234375 62.191780090332031 1 0
743.10418701171875 631.34375 1 1044.6849365234375 62.191780090332031 1 0
743.10418701171875 631.34375 1 1092.268798828125 58.231250762939453 1 0
400.67776489257812 731.8778076171875 1 1145.5369873046875 141.29629516601562 1 0
400.67776489257812 731.8778076171875 1 1174.85595703125 126.17796325683594 1 0
304.0660400390625 633.26727294921875 1 1012.3920288085937 54.670455932617187 1 0
304.0660400390625 633.26727294921875 1 1059.578857421875 51.391624450683594 1 0
304.0660400390625 633.26727294921875 1 1107.2276611328125 47.035713195800781 1 0
543.16339111328125 637.09405517578125 1 1044.6849365234375 62.191780090332031 1 0
290.07608032226562 657.38043212890625 1 1044.773681640625 78.878944396972656 1 0
290.07608032226562 657.38043212890625 1 1044.773681640625 78.878944396972656 1 0
450.2674560546875 704.66278076171875 1 1145.5369873046875 141.29629516601562 1 0
450.2674560546875 704.66278076171875 1 1174.85595703125 126.17796325683594 1 0
425.01019287109375 717.5 1 1145.5369873046875 141.29629516601562 1 0
425.01019287109375 717.5 1 1174.85595703125 126.17796325683594 1 0
318.24508666992187 636.186279296875 1 1028.28662109375 57.273334503173828 1 0
319.79678344726562 632.712890625 1 1029.4085693359375 53.580646514892578 1 0
550.611083984375 670.85552978515625 1 1111.482177734375 161.98214721679687 1 0
550.611083984375 670.85552978515625 1 1174.85595703125 126.17796325683594 1 0
578.0897216796875 665.29486083984375 1 1174.85595703125 126.17796325683594 1 0
578.0897216796875 665.29486083984375 1 1111.482177734375 161.98214721679687 1 0
781.0294189453125 667.88232421875 1 1116.8260498046875 156.91304016113281 1 0
556.76190185546875 669.21429443359375 1 1174.85595703125 126.17796325683594 1 0
443.471435546875 706.67144775390625 1 1137.90478515625 144.42857360839844 1 0
378.471435546875 669.0714111328125 1 1021.9615478515625 96.0128173828125 1 0
402.07574462890625 636.80303955078125 1 1121.391845703125 52.527027130126953 1 0
365.59375 650.71875 1 1080.3055419921875 70.361114501953125 1 0
365.59375 650.71875 1 1032.271484375 74.5 1 0
289.52499389648438 671.7249755859375 1 1044.8111572265625 94.300003051757812 1 0
158.23333740234375 776.7166748046875 1 781.3125 342.60415649414062 1 0
206.05000305175781 852.54998779296875 1 911.62823486328125 288.26922607421875 1 0
245.16667175292969 672.45831298828125 1 950.522705078125 101.43181610107422 1 0
388.42855834960937 649.90478515625 1 1104.27783203125 68.472221374511719 1 0
361.6219482421875 764.3536376953125 1 1074.142822265625 194.23809814453125 1 0
836.32501220703125 681.6500244140625 1 1174.85595703125 126.17796325683594 1 0
417.8636474609375 725.5302734375 1 1137.423095703125 150.78205871582031 1 0
384 747.0294189453125 1 1125.5250244140625 157.57499694824219 1 0
384 747.0294189453125 1 1099.1153564453125 175.39743041992187 1 0
351.34616088867187 770.32049560546875 1 1062.9222412109375 201.14443969726562 1 0
898.68646240234375 638.4830322265625 1 997.739990234375 82.470001220703125 1 0
898.82049560546875 638.71795654296875 1 997.739990234375 82.470001220703125 1 0
349.18569946289062 775.24285888671875 1 1060.7564697265625 206.21794128417969 1 0
349.18569946289062 775.24285888671875 1 1060.7564697265625 206.21794128417969 1 0
442.65625 712.40625 1 1166.0526123046875 135.26315307617187 1 0
311.96340942382812 671.08538818359375 1 1044.8111572265625 94.300003051757812 1 0
432.01513671875 717.43939208984375 1 1099.1153564453125 175.39743041992187 1 0
68.352462768554688 907.48358154296875 1 781.3125 342.60415649414062 1 0
68.352462768554688 907.48358154296875 1 781.3125 342.60415649414062 1 0
372.79544067382812 608.3863525390625 1 1088.6785888671875 22.446428298950195 1 0
790.35186767578125 622.02593994140625 1 1059.578857421875 51.391624450683594 1 0
752.6751708984375 623.142333984375 1 1059.578857421875 51.391624450683594 1 0
727.26666259765625 626.316650390625 1 1108.2332763671875 50.593334197998047 1 0
513.9632568359375 630.098876953125 1 1059.578857421875 51.391624450683594 1 0
555.07470703125 629.09197998046875 1 1059.578857421875 51.391624450683594 1 0
779.54437255859375 647.61944580078125 1 1096.68798828125 144.37217712402344 1 0
344.58535766601562 664.69512939453125 1 1056.8125 87.104164123535156 1 0
344.58535766601562 664.69512939453125 1 1056.8125 87.104164123535156 1 0
344.58535766601562 664.69512939453125 1 1056.8125 87.104164123535156 1 0
344.58535766601562 664.69512939453125 1 1056.8125 87.104164123535156 1 0
320.10366821289062 602.6280517578125 1 1059.578857421875 51.391624450683594 1 0
595.68707275390625 627.848388671875 1 1012.3920288085937 54.670455932617187 1 0
595.68707275390625 627.848388671875 1 1059.578857421875 51.391624450683594 1 0
387.30572509765625 601.57427978515625 1 1029.4085693359375 53.580646514892578 1 0
675.32611083984375 625.63043212890625 1 1059.578857421875 51.391624450683594 1 0
635.79803466796875 626.8642578125 1 1059.578857421875 51.391624450683594 1 0
324.12222290039062 813.33331298828125 1 1033.558837890625 246.48039245605469 1 0
502.57318115234375 684.256103515625 1 1174.85595703125 126.17796325683594 1 0
362.17242431640625 631.936767578125 1 1029.4085693359375 53.580646514892578 1 0
290.50875854492187 641.96490478515625 1 998.61676025390625 65.850364685058594 1 0
290.50875854492187 641.96490478515625 1 998.61676025390625 65.850364685058594 1 0
376.72222900390625 747.45556640625 1 1090.846923828125 175.5 1 0
376.72222900390625 747.45556640625 1 1090.846923828125 175.5 1 0
376.72222900390625 747.45556640625 1 1174.85595703125 126.17796325683594 1 0
389.97369384765625 626.0526123046875 1 1108.068603515625 40.892158508300781 1 0
665.30950927734375 633.9095458984375 1 1044.6849365234375 62.191780090332031 1 0
476.18890380859375 693.5888671875 1 1174.85595703125 126.17796325683594 1 0
137.52127075195312 812.35107421875 1 843.7325439453125 249.03488159179687 1 0
137.52127075195312 812.35107421875 1 843.7325439453125 249.03488159179687 1 0
641.445068359375 596.68682861328125 1 1012.3920288085937 54.670455932617187 1 0
893 625.07611083984375 1 1092.268798828125 58.231250762939453 1 0
389.27597045898437 631.53826904296875 1 1012.3920288085937 54.670455932617187 1 0
389.27597045898437 631.53826904296875 1 1107.2276611328125 47.035713195800781 1 0
389.27597045898437 631.53826904296875 1 1107.2276611328125 47.035713195800781 1 0
347.12686157226563 635.51495361328125 1 1060.0421142578125 54.451808929443359 1 0
347.044921875 632.54193115234375 1 1012.3920288085937 54.670455932617187 1 0
347.044921875 632.54193115234375 1 1059.578857421875 51.391624450683594 1 0
347.044921875 632.54193115234375 1 1059.578857421875 51.391624450683594 1 0
460.2796630859375 639.3389892578125 1 1044.6849365234375 62.191780090332031 1 0
460.2796630859375 639.3389892578125 1 1044.6849365234375 62.191780090332031 1 0
476.18890380859375 693.5888671875 1 1145.5369873046875 141.29629516601562 1 0
476.18890380859375 693.5888671875 1 1174.85595703125 126.17796325683594 1 0
158.34353637695312 804.2210693359375 1 864.30767822265625 240.71153259277344 1 0
272.90841674804687 833.47369384765625 1 986.89398193359375 264.3887939453125 1 0
272.90841674804687 833.47369384765625 1 986.89398193359375 264.3887939453125 1 0
837.75762939453125 479.3983154296875 1 810.11810302734375 385.96343994140625 1 0
403.137939453125 625.5172119140625 1 1122.9444580078125 39.185184478759766 1 0
403.137939453125 625.5172119140625 1 1122.9444580078125 39.185184478759766 1 0
472.67514038085937 631.1158447265625 1 1059.578857421875 51.391624450683594 1 0
445.86572265625 631.36859130859375 1 1029.4085693359375 53.580646514892578 1 0
749.662353515625 645.59088134765625 1 1096.68798828125 144.37217712402344 1 0
749.662353515625 645.59088134765625 1 1096.68798828125 144.37217712402344 1 0
300.8663330078125 665.4010009765625 1 1080.9375 84.395835876464844 1 0
257.192138671875 699.08697509765625 1 963.783935546875 128.84375 1 0
376.11984252929687 640.1942138671875 1 1092.268798828125 58.231250762939453 1 0
766.45330810546875 622.97332763671875 1 1029.4085693359375 53.580646514892578 1 0
381.26229858398437 718.713134765625 1 1096.68798828125 144.37217712402344 1 0
381.26229858398437 718.713134765625 1 1096.68798828125 144.37217712402344 1 0
381.94775390625 861.02239990234375 1 1112.091796875 297.75509643554687 1 0
679.42474365234375 658.81182861328125 1 1102.210693359375 169.71487426757812 1 0
791.60589599609375 671.85296630859375 1 1129.8851318359375 152.54444885253906 1 0
763.90216064453125 666.43475341796875 1 1129.8851318359375 152.54444885253906 1 0
384.4534912109375 888.38372802734375 1 1100.787109375 337.69802856445312 1 0
384.4534912109375 888.38372802734375 1 1100.787109375 337.69802856445312 1 0
581.2930908203125 825.9827880859375 1 1177.739990234375 286.82000732421875 1 0
346.15853881835937 856.45123291015625 1 917.64788818359375 399.24649047851562 1 0
528.11663818359375 825.51666259765625 1 1177.739990234375 286.82000732421875 1 0
461.66058349609375 842.5438232421875 1 1146.7945556640625 303.43023681640625 1 0
598.7545166015625 828.0999755859375 1 1177.739990234375 286.82000732421875 1 0
191.67391967773437 945.7174072265625 1 905.0535888671875 380.07144165039063 1 0
422.5 806.8658447265625 1 1157.768310546875 239.69512939453125 1 0
413.23959350585937 867.10418701171875 1 1146.7945556640625 303.43023681640625 1 0
413.23959350585937 867.10418701171875 1 1146.7945556640625 303.43023681640625 1 0
78.961540222167969 903.9615478515625 1 794.5 337.38461303710937 1 0
78.961540222167969 903.9615478515625 1 794.5 337.38461303710937 1 0
423.96340942382812 834.4755859375 1 1158.1824951171875 269.67459106445312 1 0
101.88235473632812 873.17645263671875 1 813.229736328125 309.31082153320312 1 0
298.5181884765625 684.33636474609375 1 1006.7884521484375 110.86538696289062 1 0
423.96340942382812 834.4755859375 1 1158.1824951171875 269.67459106445312 1 0
521.4185791015625 354.24417114257812 1 1095.4031982421875 326.14517211914062 1 0
434.78204345703125 713.025634765625 1 1129.8851318359375 152.54444885253906 1 0
386.12338256835937 741.902587890625 1 1102.210693359375 169.71487426757812 1 0
264.98236083984375 735.9117431640625 1 971.9835205078125 167.23626708984375 1 0
264.98236083984375 735.9117431640625 1 971.9835205078125 167.23626708984375 1 0
328.17440795898437 845.61627197265625 1 529.3536376953125 446.08535766601562 1 0
367.87838745117187 637.9053955078125 1 1082.521240234375 56.372341156005859 1 0
367.87838745117187 637.9053955078125 1 1082.521240234375 56.372341156005859 1 0
1103.72216796875 856.27777099609375 1 911.308837890625 343.36764526367187 1 0
486.14556884765625 690.22149658203125 1 1129.8851318359375 152.54444885253906 1 0
513.54852294921875 681.27667236328125 1 156.39949035644531 533.72613525390625 1 0
536.95947265625 763.06756591796875 1 1167.772705078125 206.43182373046875 1 0
536.95947265625 763.06756591796875 1 1167.772705078125 206.43182373046875 1 0
335.6212158203125 895.8485107421875 1 1062.230712890625 333.4615478515625 1 0
360.10000610351562 895.1221923828125 1 1088.68603515625 332.43023681640625 1 0
397.43649291992187 831.0714111328125 1 1129.2830810546875 265.57229614257812 1 0
397.43649291992187 831.0714111328125 1 1129.2830810546875 265.57229614257812 1 0
204.67788696289062 723.9302978515625 1 909.6207275390625 157.50201416015625 1 0
180.13957214355469 912.224365234375 1 891.47406005859375 347.49630737304687 1 0
338.7716064453125 855.83331298828125 1 1065.819580078125 291.726806640625 1 0
89.800697326660156 884.43707275390625 1 800.84051513671875 321.87069702148437 1 0
90.580459594726563 882.30462646484375 1 801.80084228515625 318.7845458984375 1 0
230.36465454101562 808.96990966796875 1 945.639892578125 241.59173583984375 1 0
237.56817626953125 808.43182373046875 1 948.74322509765625 242.82432556152344 1 0
1146.2840576171875 843.772705078125 1 980.3653564453125 452.05767822265625 1 0
413.265625 800.921875 1 1147.8466796875 233.36666870117187 1 0
413.265625 800.921875 1 1147.8466796875 233.36666870117187 1 0
646.275390625 422.49276733398438 1 65.257575988769531 581.742431640625 1 0
172.4208984375 763.69207763671875 1 878.0877685546875 200.63468933105469 1 0
190.63845825195312 886.5 1 900.585693359375 322.08572387695312 1 0
190.63845825195312 886.5 1 900.585693359375 322.08572387695312 1 0
214.35134887695312 843.64862060546875 1 920.85382080078125 279.53076171875 1 0
168.64472961425781 924.21051025390625 1 877.558837890625 359.08822631835937 1 0
563.65875244140625 824.64288330078125 1 1177.739990234375 286.82000732421875 1 0
478.77777099609375 836.3819580078125 1 1146.7945556640625 303.43023681640625 1 0
475.01065063476562 837.24468994140625 1 1177.739990234375 286.82000732421875 1 0
615.61322021484375 831.8585205078125 1 1177.739990234375 286.82000732421875 1 0
510.34210205078125 828.2017822265625 1 1177.739990234375 286.82000732421875 1 0
329.25 878.5999755859375 1 1055.75 315.02499389648438 1 0
553.2491455078125 502.32943725585938 1 1092.1522216796875 673.7174072265625 1 0
611.42669677734375 502.05667114257812 1 1092.1522216796875 673.7174072265625 1 0
130.74282836914063 838.60284423828125 1 841.74969482421875 273.48895263671875 1 0
130.74282836914063 838.60284423828125 1 841.74969482421875 273.48895263671875 1 0
536.58477783203125 502.5035400390625 1 1092.1522216796875 673.7174072265625 1 0
123.41025543212891 837.5384521484375 1 832.4739990234375 274.77273559570312 1 0
227.30328369140625 829.0081787109375 1 936.31317138671875 264.73077392578125 1 0
606.484130859375 772.76983642578125 1 875.744873046875 443.86734008789062 1 0
124.32926940917969 876.4024658203125 1 771.2825927734375 466.478271484375 1 0
124.32926940917969 876.4024658203125 1 771.2825927734375 466.478271484375 1 0
447.59247509407083 685.73991078305903 1 1173.2930747966311 104.45848128945492 1 1
319.43276662980929 786.77100392807881 1 1028.2092543365061 219.76171333101334 1 1
366.07590826562716 684.81300139952828 1 1080.1067249179498 108.24198876315324 1 1
141.53215773473536 799.2552395774735 1 847.37919693069193 236.42881043588653 1 1
290.90600725866511 602.57592423472363 1 997.95583332843432 22.739408593983882 1 1
418.7942649539246 607.17008300504608 1 1141.7846314201511 17.148255067527604 1 1
95.707467634550341 863.6290663297691 1 805.45655900455347 299.98542995073558 1 1
225.91280966181469 930.26863073826564 1 932.30105742449587 365.5187929686067 1 1
