981.53997802734375 653.32000732421875 1 872.98486328125 713.6363525390625 1 0
1258.367431640625 785.572265625 1 872.98486328125 713.6363525390625 1 0
886.64288330078125 432.5 1 644.933349609375 721.73333740234375 1 0
243.21739196777344 266.84783935546875 1 864.925537109375 841.88299560546875 1 0
243.21739196777344 266.84783935546875 1 864.925537109375 841.88299560546875 1 0
59.602039337158203 171.25509643554687 1 1337.8809814453125 881.85711669921875 1 0
1456.8636474609375 178.22727966308594 1 1386.4013671875 653.542236328125 1 0
649.173095703125 153.93269348144531 1 1081.357177734375 458.74490356445313 1 0
1117.5 628.57550048828125 1 1350.4853515625 521.85296630859375 1 0
1117.5 628.57550048828125 1 1350.4853515625 521.85296630859375 1 0
1022.4326782226562 805.94232177734375 1 1107.789794921875 545.2391357421875 1 0
1101.11376953125 798.55963134765625 1 827.3499755859375 541.2750244140625 1 0
1101.432373046875 798.44158935546875 1 827.3499755859375 541.2750244140625 1 0
131.34762573242187 938.34759521484375 1 1081.357177734375 458.74490356445313 1 0
1234.0943603515625 282.1761474609375 1 1142.915771484375 546.30963134765625 1 0
931.95306396484375 609.8226318359375 1 1262.74560546875 501.90350341796875 1 0
1186.4306640625 623.3118896484375 1 1350.4853515625 521.85296630859375 1 0
955.122802734375 286.97146606445312 1 1142.915771484375 546.30963134765625 1 0
955.122802734375 286.97146606445312 1 1142.915771484375 546.30963134765625 1 0
169.92405700683594 878.97467041015625 1 164.82432556152344 564.97296142578125 1 0
717.34210205078125 296.44735717773438 1 574.9693603515625 414.7244873046875 1 0
925.28900146484375 787.041259765625 1 811.44873046875 540.0897216796875 1 0
755.41668701171875 818.14581298828125 1 1194.9000244140625 393.29998779296875 1 0
985.70367431640625 53.185184478759766 1 768.29998779296875 416.83334350585937 1 0
704.0428466796875 26.614286422729492 1 768.34405517578125 925.4908447265625 1 0
437.09323120117187 985.46612548828125 1 768.34405517578125 925.4908447265625 1 0
437.09323120117187 985.46612548828125 1 768.34405517578125 925.4908447265625 1 0
508.06097412109375 503.03659057617187 1 1253.8333740234375 598.83331298828125 1 0
481.28125 988.765625 1 768.34405517578125 925.4908447265625 1 0
481.28125 988.765625 1 768.34405517578125 925.4908447265625 1 0
1230.12158203125 142.82432556152344 1 785.01513671875 921.4697265625 1 0
364.33950805664062 768.80218505859375 1 711.35711669921875 539.63446044921875 1 0
810.2176513671875 706.2764892578125 1 1460.54833984375 629.51611328125 1 0
810.2176513671875 706.2764892578125 1 1460.54833984375 629.51611328125 1 0
1257.8907470703125 241.68862915039063 1 849.0640869140625 453.88461303710937 1 0
561.79901123046875 809.4052734375 1 742.67071533203125 545.6219482421875 1 0
561.12567138671875 809.61322021484375 1 742.67071533203125 545.6219482421875 1 0
446.58087158203125 807.36328125 1 725.0384521484375 545.392333984375 1 0
1177.96923828125 838.404541015625 1 838.90911865234375 547.40911865234375 1 0
1059.6712646484375 835.055908203125 1 820.66668701171875 547.4761962890625 1 0
1063.22265625 838.70233154296875 1 820.66668701171875 547.4761962890625 1 0
1063.22265625 838.70233154296875 1 820.66668701171875 547.4761962890625 1 0
1063.22265625 838.70233154296875 1 820.66668701171875 547.4761962890625 1 0
146.61688232421875 883.88702392578125 1 127.52198028564453 565.9285888671875 1 0
419.81988525390625 482.30978393554687 1 718.0689697265625 495.22415161132812 1 0
805.91998291015625 814.760009765625 1 339.10824584960937 523.13916015625 1 0
805.91998291015625 814.760009765625 1 339.10824584960937 523.13916015625 1 0
533.927001953125 564.3284912109375 1 658.0740966796875 570.5740966796875 1 0
535.962158203125 700.19329833984375 1 435.375 483.875 1 0
999.12017822265625 790.45880126953125 1 811.44873046875 540.0897216796875 1 0
51.462265014648438 166.38679504394531 1 112.22972869873047 494.65133666992187 1 0
801.4460808482861 596.49012718364497 1 779.10479869832534 510.6604509128012 1 1
1282.9165333720525 618.76909005438142 1 853.98309999394871 512.13519779315686 1 1
813.44196670933206 670.85779139132842 1 781.26837833152956 522.16503259216029 1 1
1273.0254753617894 785.49810125197973 1 852.99751410927638 538.04073883860679 1 1
1182.7991028910558 454.79184941428139 1 837.86860019903247 487.02531701247216 1 1
776.52230766403909 406.44869228687571 1 774.45341805620887 481.15856890991893 1 1
900.29921011694728 323.24162199361695 1 793.40034274826246 467.65113614337281 1 1
220.28493945953858 326.08980832538265 1 687.41289885480126 470.8971280599734 1 1
