175.776123046875 520.14178466796875 1 193.19892883300781 483.5 1 0
401.77584838867187 191.62069702148437 1 417.96340942382812 221.28048706054687 1 0
494.79196166992187 491.52191162109375 1 392.3873291015625 504.31689453125 1 0
297.57998657226563 148.13999938964844 1 371.528564453125 156.78572082519531 1 0
297.57998657226563 148.13999938964844 1 371.528564453125 156.78572082519531 1 0
316.73489379882813 161.5 1 378.0076904296875 174.11538696289062 1 0
294.61160278320312 141.18240356445312 1 372.70455932617187 149.03787231445312 1 0
402.46609497070312 497.5423583984375 1 339.11642456054687 496.40411376953125 1 0
361.16000366210937 293.05999755859375 1 368.52499389648437 304.27499389648437 1 0
331.81610107421875 189.08662414550781 1 379.9986572265625 202.76274108886719 1 0
331.39617919921875 189.27508544921875 1 379.9986572265625 202.76274108886719 1 0
331.39617919921875 189.27508544921875 1 379.9986572265625 202.76274108886719 1 0
333.89114379882812 191.32661437988281 1 380.48611450195312 205.38888549804687 1 0
334.04098510742187 191.34700012207031 1 380.63265991210937 205.23469543457031 1 0
290.33694458007812 383.05435180664062 1 303.33999633789062 372.54000854492187 1 0
290.33694458007812 383.05435180664062 1 303.33999633789062 372.54000854492187 1 0
263.00259399414062 312.28756713867187 1 306.22952270507812 300.76229858398437 1 0
555.586181640625 500.32757568359375 1 422.12161254882812 519.47296142578125 1 0
553.28460693359375 528.45794677734375 1 417.39398193359375 544.81097412109375 1 0
544.71026611328125 529.607666015625 1 412.60638427734375 545.2021484375 1 0
375.8419189453125 534.308837890625 1 318.10125732421875 527.23419189453125 1 0
375.8419189453125 534.308837890625 1 318.10125732421875 527.23419189453125 1 0
310.07144165039062 248.86508178710937 1 350.88833618164062 252.13107299804687 1 0
526.1453857421875 221.13829040527344 1 475.65625 274.0625 1 0
357.16232299804687 224.52597045898437 1 384.22091674804687 241.43023681640625 1 0
339.40963745117187 218.93025207519531 1 380.97518920898437 232.51240539550781 1 0
539.7080078125 497.02801513671875 1 414.43331909179687 515.816650390625 1 0
456.25656127929687 490.67041015625 1 370.60125732421875 497.50888061523437 1 0
456.25656127929687 490.67041015625 1 370.60125732421875 497.50888061523437 1 0
331.81610107421875 189.08662414550781 1 379.9986572265625 202.76274108886719 1 0
405.59014892578125 218.87704467773437 1 413.3636474609375 246.54545593261719 1 0
467.19955444335937 299.70614624023437 1 426.1990966796875 330.78280639648437 1 0
481.67898559570312 324.66348266601562 1 427.26681518554687 355.54327392578125 1 0
481.67898559570312 324.66348266601562 1 427.26681518554687 355.54327392578125 1 0
258.18084716796875 452.30850219726562 1 264.97369384765625 432.15789794921875 1 0
258.18084716796875 452.30850219726562 1 264.97369384765625 432.15789794921875 1 0
281.97592163085937 160.16043090820312 1 359.61343383789062 163.36553955078125 1 0
106.21568298339844 271.39215087890625 1 218.47561645507812 226.58537292480469 1 0
106.40277862548828 271.23611450195312 1 217.99057006835937 226.38679504394531 1 0
106.40277862548828 271.23611450195312 1 217.99057006835937 226.38679504394531 1 0
555.65838623046875 537.1534423828125 1 416.51885986328125 552.839599609375 1 0
610.22808837890625 431.28976440429687 1 468.02587890625 467.33380126953125 1 0
611.3211669921875 430.30752563476562 1 468.02587890625 467.33380126953125 1 0
611.3211669921875 430.30752563476562 1 468.02587890625 467.33380126953125 1 0
611.766357421875 430.14447021484375 1 468.02587890625 467.33380126953125 1 0
611.766357421875 430.14447021484375 1 468.02587890625 467.33380126953125 1 0
337.21771240234375 249.43780517578125 1 366.87313842773437 259.4403076171875 1 0
337.5335693359375 249.39262390136719 1 366.9444580078125 258.9666748046875 1 0
84.555557250976563 562.96295166015625 1 125.47183227539062 511.89437866210937 1 0
411.16531372070312 349.19354248046875 1 382.526123046875 364.9141845703125 1 0
410.56369018554688 351.85031127929687 1 381.6197509765625 367.00897216796875 1 0
384.5 348.01351928710937 1 368.0565185546875 358.75216674804687 1 0
384.5 348.01351928710937 1 368.0565185546875 358.75216674804687 1 0
384.5 348.01351928710937 1 368.0565185546875 358.75216674804687 1 0
460.36614990234375 238.73031616210937 1 437.69522094726562 275.8306884765625 1 0
58.325397491455078 615.5 1 92.277778625488281 560.4111328125 1 0
405.59014892578125 218.87704467773437 1 413.3636474609375 246.54545593261719 1 0
98.546051025390625 502.5 1 147.5 453.15179443359375 1 0
189.95370483398438 463.21295166015625 1 218.1778564453125 430.67449951171875 1 0
189.95370483398438 463.21295166015625 1 218.1778564453125 430.67449951171875 1 0
21.648147583007812 370.51852416992187 1 132.73809814453125 304.38095092773437 1 0
126.77610015869141 605.2493896484375 1 142.52294921875 560.2672119140625 1 0
126.77610015869141 605.2493896484375 1 142.52294921875 560.2672119140625 1 0
126.77610015869141 605.2493896484375 1 142.52294921875 560.2672119140625 1 0
209.91572570800781 483.7640380859375 1 225.53279113769531 453.87704467773437 1 0
437.7974853515625 303.2974853515625 1 409.27743530273437 328.23886108398437 1 0
437.7974853515625 303.2974853515625 1 409.27743530273437 328.23886108398437 1 0
437.7974853515625 303.2974853515625 1 409.27743530273437 328.23886108398437 1 0
437.72671508789062 303.14129638671875 1 409.27743530273437 328.23886108398437 1 0
437.72671508789062 303.14129638671875 1 409.27743530273437 328.23886108398437 1 0
437.72671508789062 303.14129638671875 1 409.27743530273437 328.23886108398437 1 0
438.77706909179687 303.16665649414062 1 409.87197875976562 328.55313110351562 1 0
438.77706909179687 303.16665649414062 1 409.27743530273437 328.23886108398437 1 0
617.51910400390625 435.83438110351562 1 469.46969604492187 473.3712158203125 1 0
617.51910400390625 435.83438110351562 1 469.46969604492187 473.3712158203125 1 0
618.5042724609375 436.74786376953125 1 469.46969604492187 473.3712158203125 1 0
93.394180297851563 571.01849365234375 1 129.1734619140625 521.36395263671875 1 0
288.06585693359375 566.8609619140625 1 256.72772216796875 545.61883544921875 1 0
288.06585693359375 566.8609619140625 1 256.72772216796875 545.61883544921875 1 0
288.06585693359375 566.8609619140625 1 256.72772216796875 545.61883544921875 1 0
287.31594848632812 567.03985595703125 1 256.72772216796875 545.61883544921875 1 0
249.93269348144531 477.98077392578125 1 252.90740966796875 455.129638671875 1 0
266.91790771484375 540.79351806640625 1 250.91270446777344 518.32537841796875 1 0
112.35092926025391 589.73291015625 1 136.70475769042969 542.69525146484375 1 0
112.31919097900391 589.58856201171875 1 136.70475769042969 542.69525146484375 1 0
98.546051025390625 502.5 1 147.5 453.15179443359375 1 0
98.546051025390625 502.5 1 147.5 453.15179443359375 1 0
461.68917846679687 275.14865112304688 1 428.97222900390625 307.83334350585937 1 0
460.04348754882812 274.67391967773438 1 428.97222900390625 307.83334350585937 1 0
384.88027954101562 275.908447265625 1 386.60809326171875 293.44595336914062 1 0
393.4384765625 271.5 1 392.39474487304687 291.28945922851562 1 0
375.66128540039062 263.6290283203125 1 384.57693481445312 280.32693481445312 1 0
264.16513061523437 376.13720703125 1 289.32644653320312 362.02066040039062 1 0
264.16513061523437 376.13720703125 1 289.32644653320312 362.02066040039062 1 0
264.28363037109375 376.48245239257812 1 289.32644653320312 362.02066040039062 1 0
264.28363037109375 376.48245239257812 1 289.32644653320312 362.02066040039062 1 0
492.30447387695312 259.92459106445313 1 449.34158325195312 301.30197143554687 1 0
547.47869873046875 405.30850219726562 1 440.942626953125 436.86065673828125 1 0
547.47869873046875 405.30850219726562 1 440.942626953125 436.86065673828125 1 0
461.68917846679687 275.14865112304688 1 428.97222900390625 307.83334350585937 1 0
578.1129150390625 488.93011474609375 1 437.0596923828125 511.58209228515625 1 0
154.73931884765625 382.08975219726562 1 218.98863220214844 348.28408813476562 1 0
373.1944580078125 417.082763671875 1 340.33236694335937 417.93765258789062 1 0
370.80856323242187 415.58175659179687 1 340.33236694335937 417.93765258789062 1 0
166.46875 129.984375 1 296.92755126953125 104.77536010742187 1 0
166.46875 129.984375 1 296.92755126953125 104.77536010742187 1 0
445.441162109375 591.73529052734375 1 343.59091186523437 587.772705078125 1 0
445.441162109375 591.73529052734375 1 343.59091186523437 587.772705078125 1 0
45.912113189697266 331.47784423828125 1 160.3626708984375 272.05511474609375 1 0
45.912113189697266 331.47784423828125 1 160.3626708984375 272.05511474609375 1 0
370.02459716796875 396.51638793945312 1 347.125 400 1 0
370.6395263671875 413.80233764648437 1 342.56668090820312 415.85556030273437 1 0
507.64999389648437 294.12741088867187 1 448.41452026367187 332.39913940429687 1 0
279.17691040039062 195.57691955566406 1 348.59722900390625 195.72222900390625 1 0
279.46469116210937 196.58235168457031 1 347.61111450195312 197.74444580078125 1 0
279.53509521484375 197.35964965820312 1 347.61111450195312 197.74444580078125 1 0
279.53509521484375 197.35964965820312 1 347.61111450195312 197.74444580078125 1 0
26.75 601.9444580078125 1 74.554054260253906 542.04052734375 1 0
425.55767822265625 258.7884521484375 1 413.74075317382812 286.25924682617187 1 0
202.86363220214844 476.60910034179687 1 222.89999389648437 445.85556030273437 1 0
578.3299560546875 487.43118286132812 1 437.0596923828125 511.58209228515625 1 0
383.95394897460938 228.94325256347656 1 399.69073486328125 251.04238891601562 1 0
378.61386108398437 235.88056945800781 1 393.41970825195312 255.89393615722656 1 0
378.61386108398437 235.88056945800781 1 393.41970825195312 255.89393615722656 1 0
376.02447509765625 237.14366149902344 1 392.09954833984375 256.38494873046875 1 0
376.02447509765625 237.14366149902344 1 392.09954833984375 256.38494873046875 1 0
483.0555419921875 355.69192504882812 1 420.3780517578125 382.78048706054687 1 0
285.17913818359375 403.58050537109375 1 294.53662109375 390.96627807617187 1 0
285.17913818359375 403.58050537109375 1 294.53662109375 390.96627807617187 1 0
285.17913818359375 403.58050537109375 1 440.942626953125 436.86065673828125 1 0
283.54583740234375 403.4197998046875 1 293.68994140625 390.55865478515625 1 0
523.7156982421875 500.54483032226562 1 405.94790649414062 515.56768798828125 1 0
522.6158447265625 502.36871337890625 1 405.94790649414062 515.56768798828125 1 0
347.48553466796875 416.548828125 1 329.59136962890625 409.46954345703125 1 0
347.06558227539062 411.314208984375 1 329.59136962890625 409.46954345703125 1 0
347.32647705078125 407.20318603515625 1 329.59136962890625 409.46954345703125 1 0
467.38235473632812 263.691162109375 1 434.79730224609375 299.44595336914062 1 0
467.38235473632812 263.691162109375 1 434.79730224609375 299.44595336914062 1 0
468.184814453125 359.05874633789062 1 411.47207641601562 383.53350830078125 1 0
537.1380615234375 233.16162109375 1 478.936767578125 286.7567138671875 1 0
537.1380615234375 233.16162109375 1 478.936767578125 286.7567138671875 1 0
539.53167724609375 233.88616943359375 1 479.66305541992187 287.00543212890625 1 0
539.53167724609375 233.88616943359375 1 479.66305541992187 287.00543212890625 1 0
394.01898193359375 227.27215576171875 1 404.5 251.40475463867187 1 0
394.01898193359375 227.27215576171875 1 404.5 251.40475463867187 1 0
394.01898193359375 227.27215576171875 1 404.5 251.40475463867187 1 0
218.46000671386719 524.1240234375 1 222.69276428222656 494.4638671875 1 0
385.7813720703125 228.83880615234375 1 399.69073486328125 251.04238891601562 1 0
385.7813720703125 228.83880615234375 1 399.69073486328125 251.04238891601562 1 0
385.7813720703125 228.83880615234375 1 399.69073486328125 251.04238891601562 1 0
383.95394897460938 228.94325256347656 1 399.69073486328125 251.04238891601562 1 0
421.21771240234375 493.84738159179687 1 350.75946044921875 496.37387084960937 1 0
358.235107421875 396.94369506835937 1 340.45364379882812 396.95693969726562 1 0
415.45053100585937 367.26654052734375 1 379.84078979492187 381.60678100585937 1 0
415.45053100585937 367.26654052734375 1 379.84078979492187 381.60678100585937 1 0
353.14425659179687 313.57113647460938 1 359.11679077148437 321.08395385742187 1 0
353.14425659179687 313.57113647460938 1 359.11679077148437 321.08395385742187 1 0
476.59976196289062 494.08786010742187 1 381.610107421875 504.2752685546875 1 0
476.59976196289062 494.08786010742187 1 381.610107421875 504.2752685546875 1 0
476.59976196289062 494.08786010742187 1 381.610107421875 504.2752685546875 1 0
316.22311401367187 365.52850341796875 1 323.64865112304687 361.54107666015625 1 0
317.35543823242187 360.678955078125 1 326.123779296875 356.21383666992187 1 0
317.35543823242187 360.678955078125 1 326.123779296875 356.21383666992187 1 0
317.35543823242187 360.678955078125 1 326.123779296875 356.21383666992187 1 0
317.66683959960937 358.5926513671875 1 326.123779296875 356.21383666992187 1 0
317.66683959960937 358.5926513671875 1 326.123779296875 356.21383666992187 1 0
317.66683959960937 358.5926513671875 1 326.123779296875 356.21383666992187 1 0
305.43621826171875 521.302490234375 1 277.88687133789062 505.15573120117187 1 0
497.1981201171875 244.84906005859375 1 455.13461303710937 287.86538696289062 1 0
441.0333251953125 262.70001220703125 1 421.65908813476562 292.79544067382812 1 0
441.78378295898437 262.5946044921875 1 421.65908813476562 292.79544067382812 1 0
441.78378295898437 262.5946044921875 1 421.65908813476562 292.79544067382812 1 0
556.55450439453125 217.63681030273437 1 492.33905029296875 276.38653564453125 1 0
441.8466796875 497.01333618164062 1 361.74050903320312 501.7911376953125 1 0
441.8466796875 497.01333618164062 1 361.74050903320312 501.7911376953125 1 0
533.44708251953125 264.10000610351562 1 469.45834350585937 312.77777099609375 1 0
642.49249267578125 356.1558837890625 1 500.69732666015625 409.6546630859375 1 0
642.49249267578125 356.1558837890625 1 500.69732666015625 409.6546630859375 1 0
642.4849853515625 355.16058349609375 1 500.69732666015625 409.6546630859375 1 0
643.1585693359375 354.21044921875 1 500.69732666015625 409.6546630859375 1 0
531.51092529296875 226.4776611328125 1 476.9381103515625 279.21755981445312 1 0
502.71212768554687 204.02272033691406 1 468.76773071289062 253.69685363769531 1 0
108.02924346923828 299.45321655273437 1 211.67796325683594 254.61016845703125 1 0
108.02924346923828 299.45321655273437 1 211.67796325683594 254.61016845703125 1 0
108.02924346923828 299.45321655273437 1 211.67796325683594 254.61016845703125 1 0
264.84866333007812 183.74520874023437 1 342.56430053710937 181.75 1 0
264.84866333007812 183.74520874023437 1 342.56430053710937 181.75 1 0
265.432373046875 184.65458679199219 1 342.56430053710937 181.75 1 0
267.36111450195312 184.20370483398438 1 343.67105102539062 182.71052551269531 1 0
222.57913208007813 376.08673095703125 1 263.57089233398437 354.582275390625 1 0
220.91175842285156 363.28732299804687 1 265.6436767578125 340.10345458984375 1 0
222.26922607421875 363.64614868164062 1 266.82955932617187 340.7613525390625 1 0
223.39041137695312 364.41781616210937 1 266.82955932617187 340.7613525390625 1 0
223.39041137695312 364.41781616210937 1 266.82955932617187 340.7613525390625 1 0
182.40060424804687 220.28915405273437 1 281.72222900390625 195.89506530761719 1 0
297.996337890625 189.37347412109375 1 360.5 194.77799987792969 1 0
297.996337890625 189.37347412109375 1 360.5 194.77799987792969 1 0
225.19548034667969 500.11727905273437 1 230.68867492675781 472.03457641601562 1 0
627.69854736328125 458.503662109375 1 469.5107421875 492.17742919921875 1 0
627.69854736328125 458.503662109375 1 469.5107421875 492.17742919921875 1 0
627.9525146484375 455.81283569335938 1 469.5107421875 492.17742919921875 1 0
627.9525146484375 455.81283569335938 1 469.5107421875 492.17742919921875 1 0
627.9525146484375 455.81283569335938 1 469.5107421875 492.17742919921875 1 0
627.9962158203125 455.3721923828125 1 469.66921997070312 491.25384521484375 1 0
628.423095703125 455.25961303710937 1 469.66921997070312 491.25384521484375 1 0
236.84156799316406 512.639892578125 1 235.30255126953125 486.0350341796875 1 0
236.84156799316406 512.639892578125 1 235.30255126953125 486.0350341796875 1 0
586.04205322265625 71.300621032714844 1 542.87335205078125 159.36000061035156 1 0
582.85595703125 66.008476257324219 1 217.9375 522.53125 1 0
107.11003875732422 281.666015625 1 216 236.88272094726562 1 0
107.11003875732422 281.666015625 1 216 236.88272094726562 1 0
343.4332275390625 180.06748962402344 1 388.63021850585937 196.48371887207031 1 0
343.4332275390625 180.06748962402344 1 388.63021850585937 196.48371887207031 1 0
237.40237426757812 403.72781372070312 1 265.10101318359375 382.18685913085937 1 0
240.48936462402344 404.46807861328125 1 266.6199951171875 383.66000366210937 1 0
205.10499572753906 177.83000183105469 1 308.74771118164062 161.01376342773437 1 0
206.80718994140625 177.66339111328125 1 308.74771118164062 161.01376342773437 1 0
375.46694946289062 172.73135375976562 1 408.6959228515625 198.05267333984375 1 0
375.46694946289062 172.73135375976562 1 408.6959228515625 198.05267333984375 1 0
375.46694946289062 172.73135375976562 1 408.6959228515625 198.05267333984375 1 0
376.24969482421875 173.59825134277344 1 408.6959228515625 198.05267333984375 1 0
376.24969482421875 173.59825134277344 1 408.6959228515625 198.05267333984375 1 0
381.80722045898437 189.259033203125 1 408.52297973632812 214.05172729492187 1 0
382.22726440429688 189.93637084960937 1 408.52297973632812 214.05172729492187 1 0
224.20748901367187 547.211181640625 1 222.38888549804687 518.3070068359375 1 0
222.99034118652344 549.08697509765625 1 222.38888549804687 518.3070068359375 1 0
219.48629760742187 552.623291015625 1 217.9375 522.53125 1 0
219.48629760742187 552.623291015625 1 217.9375 522.53125 1 0
175.14044189453125 216.11798095703125 1 278.42156982421875 189.63725280761719 1 0
175.09259033203125 215.66667175292969 1 278.42156982421875 189.63725280761719 1 0
595.90509033203125 109.7911376953125 1 538.42156982421875 194.40196228027344 1 0
595.90509033203125 109.7911376953125 1 538.42156982421875 194.40196228027344 1 0
425.94204711914062 533.4764404296875 1 347.2462158203125 533.367431640625 1 0
425.94204711914062 533.4764404296875 1 347.2462158203125 533.367431640625 1 0
425.94204711914062 533.4764404296875 1 347.2462158203125 533.367431640625 1 0
324.79290771484375 148.43592834472656 1 386.758544921875 163.59124755859375 1 0
324.79290771484375 148.43592834472656 1 386.758544921875 163.59124755859375 1 0
320.5142822265625 147.61785888671875 1 384.67901611328125 161.98147583007812 1 0
320.5142822265625 147.61785888671875 1 384.67901611328125 161.98147583007812 1 0
319.5841064453125 147.65420532226562 1 384.29364013671875 161.66667175292969 1 0
319.5841064453125 147.65420532226562 1 384.29364013671875 161.66667175292969 1 0
318.9444580078125 147.82716369628906 1 384.29364013671875 161.66667175292969 1 0
332.21414184570312 187.78535461425781 1 380.84896850585937 201.16253662109375 1 0
515.05108895910189 343.83942779140995 1 439.71691145617984 378.23131389758282 1 1
333.2820887548088 191.85287360492106 1 380.36644667298293 206.19047516524412 1 1
452.34783120615674 482.73879300484793 1 370.80506512035146 490.18216653021165 1 1
768.98891608958832 281.26266799718184 1 575.95585990794541 368.47105925711696 1 1
681.03432684137579 51.746797758812271 1 590.2262321732029 166.40740551685425 1 1
303.38422406931323 408.02735015472473 1 304.65142306249464 398.84410122866501 1 1
123.39818389420479 316.2959250682195 1 215.97134996190616 274.3779680222043 1 1
187.02295550030593 133.18925576762265 1 309.53254232349769 113.35716555592201 1 1
