268.09573364257813 206.11701965332031 1 138.52702331542969 159.770263671875 1 0
110.61267852783203 227.58450317382812 1 138.52702331542969 159.770263671875 1 0
129.05555725097656 206.26388549804687 1 177.73728942871094 154.80508422851563 1 0
195.34210205078125 229.28947448730469 1 138.52702331542969 159.770263671875 1 0
257.057373046875 218.87704467773437 1 252.48275756835937 175.51724243164062 1 0
221.539794921875 270.95770263671875 1 158.98623657226562 187.19725036621094 1 0
223.3787841796875 272.34848022460937 1 158.98623657226562 187.19725036621094 1 0
173.09043884277344 278.7744140625 1 114.86809539794922 183.88650512695312 1 0
499.54193115234375 195.63922119140625 1 375.19564819335938 184.30435180664062 1 0
200.11920166015625 230.0794677734375 1 196.55503845214844 172.46330261230469 1 0
210.3858642578125 181.69564819335937 1 268.515869140625 156.13491821289062 1 0
204.35211181640625 218.67605590820312 1 214.29278564453125 168.78828430175781 1 0
301.11972045898437 224.58450317382812 1 277.41891479492187 183.20269775390625 1 0
208.04698181152344 190.77180480957031 1 254.30870056152344 158.82173156738281 1 0
204.29237365722656 208.34321594238281 1 227.61904907226562 164.70237731933594 1 0
204.29237365722656 208.34321594238281 1 227.61904907226562 164.70237731933594 1 0
255.40983581542969 232.90573120117187 1 231.77272033691406 180.72994995117187 1 0
255.40983581542969 232.90573120117187 1 231.77272033691406 180.72994995117187 1 0
254.45732116699219 248.83740234375 1 210.78260803222656 186.26811218261719 1 0
254.45732116699219 248.83740234375 1 210.78260803222656 186.26811218261719 1 0
257.66259765625 218.72222900390625 1 252.45620727539062 175.47810363769531 1 0
257.66259765625 218.72222900390625 1 252.45620727539062 175.47810363769531 1 0
361.44317626953125 205.96591186523437 1 346.11428833007812 184.42857360839844 1 0
500.96340942382812 203.32926940917969 1 375.19564819335938 184.30435180664062 1 0
320.08975219726562 201.44871520996094 1 322.15151977539062 177.34848022460937 1 0
320.08975219726562 201.44871520996094 1 322.15151977539062 177.34848022460937 1 0
338.31396484375 167.10464477539062 1 319.49237060546875 184.01908874511719 1 0
336.80767822265625 232.98077392578125 1 292.0294189453125 190.82353210449219 1 0
336.44000244140625 193.41999816894531 1 346.5 177.01612854003906 1 0
208.01162719726562 252.423583984375 1 173.5238037109375 181.09524536132812 1 0
131.76739501953125 190.13369750976562 1 202.40290832519531 149.50970458984375 1 0
130.3779296875 155.79090881347656 1 245.9375 136.84375 1 0
116.42179107666016 229.59217834472656 1 139.93919372558594 161.33108520507812 1 0
132.1636962890625 173.11210632324219 1 224.36579895019531 143.39610290527344 1 0
132.1636962890625 173.11210632324219 1 224.36579895019531 143.39610290527344 1 0
376.15798950195312 155.55204772949219 1 432.54574584960937 167.56535339355469 1 0
281.77499389648437 159.80000305175781 1 352.72222900390625 157.72222900390625 1 0
258.03826904296875 206.281005859375 1 269.95858764648437 170.83758544921875 1 0
258.03826904296875 206.281005859375 1 269.95858764648437 170.83758544921875 1 0
258.03826904296875 206.281005859375 1 269.95858764648437 170.83758544921875 1 0
260.44903564453125 183.33439636230469 1 301.558837890625 163.38235473632812 1 0
259.927978515625 177.03813171386719 1 310.76504516601562 161.3795166015625 1 0
262.79302978515625 191.46743774414062 1 292.80767822265625 166.30000305175781 1 0
200.11920166015625 230.0794677734375 1 196.55503845214844 172.46330261230469 1 0
319.902587890625 220.12338256835937 1 322.15151977539062 177.34848022460937 1 0
319.38742065429687 238.46026611328125 1 271.64999389648437 190.64999389648437 1 0
116.70065399604869 148.85566146631476 1 242.75531435948014 132.72981105494534 1 1
129.74621803520515 287.82991700991198 1 72.14302751544983 181.72966532796542 1 1
518.40146495758745 282.20992683043528 1 366.56801265205911 231.22698300138174 1 1
492.98059394599335 139.79078218882674 1 548.31747522088551 177.33667291912249 1 1
182.43999801659476 181.73382618393569 1 247.67167411093789 152.16898252707935 1 1
230.42439181379601 256.98824871247393 1 183.54651673346211 184.05192591019213 1 1
370.78210978135206 235.53601403294681 1 316.75869645390247 194.94221033593743 1 1
332.67181126874232 191.51043736120738 1 347.73578155012734 174.5973921457298 1 1
