135 202.5 1 219.57594299316406 191.80380249023437 1 0
135 202.5 1 214.5 227.80769348144531 1 0
362.51922607421875 323.15383911132812 1 305.6136474609375 321.72726440429687 1 0
195.29730224609375 246.3648681640625 1 240.21875 235.71875 1 0
121 241.53509521484375 1 214.5 227.80769348144531 1 0
428.48782348632812 333.4736328125 1 332.01553344726562 341.41305541992187 1 0
240.2755126953125 204.74490356445312 1 214.5 227.80769348144531 1 0
240.2755126953125 204.74490356445312 1 214.5 227.80769348144531 1 0
183.85664367675781 220.31118774414062 1 236.62962341308594 209.57408142089844 1 0
183.85664367675781 220.31118774414062 1 236.62962341308594 209.57408142089844 1 0
146.5 66.159576416015625 1 354.4466552734375 326.086669921875 1 0
166.97422790527344 66.097938537597656 1 354.4466552734375 326.086669921875 1 0
317.091552734375 325.74526977539062 1 286.70428466796875 320.6448974609375 1 0
317.091552734375 325.74526977539062 1 286.70428466796875 320.6448974609375 1 0
249.2391357421875 228.625 1 260.34930419921875 221.29452514648437 1 0
249.2391357421875 228.625 1 260.34930419921875 221.29452514648437 1 0
135.05026245117187 66.203704833984375 1 354.4466552734375 326.086669921875 1 0
369.16665649414062 342.1875 1 300.20211791992187 341.11703491210937 1 0
224.34075927734375 324.003173828125 1 251.0625 310.72500610351562 1 0
221.3125 322.62847900390625 1 251.0625 310.72500610351562 1 0
253.35000610351562 114.53749847412109 1 267.30850219726562 110.11701965332031 1 0
253.35000610351562 114.53749847412109 1 267.30850219726562 110.11701965332031 1 0
156 66 1 354.4466552734375 326.086669921875 1 0
114.91269683837891 66.24603271484375 1 354.4466552734375 326.086669921875 1 0
260.73617553710937 300.37435913085937 1 266.5555419921875 292.60000610351562 1 0
311.14443969726562 141.31111145019531 1 79.081398010253906 93.965118408203125 1 0
257.97271728515625 204.4818115234375 1 214.5 227.80769348144531 1 0
159 66 1 354.4466552734375 326.086669921875 1 0
350.56869506835937 343.01907348632812 1 300.20211791992187 341.11703491210937 1 0
350.56869506835937 343.01907348632812 1 300.20211791992187 341.11703491210937 1 0
241.68919372558594 124.33783721923828 1 261.85293579101562 119.91176605224609 1 0
180.46522521972656 334.23861694335937 1 238.05868530273437 321.52816772460937 1 0
199.01048278808594 247.93809509277344 1 241.27777099609375 237.75730895996094 1 0
249.21427917480469 228.616455078125 1 260.38888549804687 221.15812683105469 1 0
249.21427917480469 228.616455078125 1 260.38888549804687 221.15812683105469 1 0
463.9666748046875 136.11666870117187 1 351.98486328125 134.95454406738281 1 0
463.9666748046875 136.11666870117187 1 351.98486328125 134.95454406738281 1 0
461.87167358398437 94.039825439453125 1 355.20907592773437 89.736366271972656 1 0
462.69232177734375 148.68461608886719 1 350.75396728515625 147.64285278320312 1 0
462.69232177734375 148.68461608886719 1 350.75396728515625 147.64285278320312 1 0
462.69232177734375 148.68461608886719 1 350.75396728515625 147.64285278320312 1 0
461.72726440429688 76.681816101074219 1 357.31817626953125 71.977272033691406 1 0
461.72726440429688 76.681816101074219 1 357.31817626953125 71.977272033691406 1 0
247.99024963378906 283.48959350585937 1 259.98779296875 274.43902587890625 1 0
247.99024963378906 283.48959350585937 1 259.98779296875 274.43902587890625 1 0
462.5347900390625 103.98695373535156 1 354.25439453125 100.88596343994141 1 0
462.98123168945312 308.39981079101562 1 391.15573120117187 229.11476135253906 1 0
249 302.5 1 260.52041625976562 293.20407104492188 1 0
249 302.5 1 260.52041625976562 293.20407104492188 1 0
202.4930419921875 267.495361328125 1 243.3712158203125 256.6136474609375 1 0
202.4930419921875 267.495361328125 1 243.3712158203125 256.6136474609375 1 0
463.18966674804687 197.12069702148437 1 348.33999633789062 197.82000732421875 1 0
463 174.78572082519531 1 349.33636474609375 174.89999389648437 1 0
461.95071411132812 84.415489196777344 1 356.59756469726562 80.012191772460938 1 0
461.95071411132812 84.415489196777344 1 356.59756469726562 80.012191772460938 1 0
462.79998779296875 346.20001220703125 1 346.89999389648437 354.15713500976563 1 0
461.59524536132812 250.07142639160156 1 347.6842041015625 253.84210205078125 1 0
461.59524536132812 250.07142639160156 1 347.6842041015625 253.84210205078125 1 0
461.59524536132812 250.07142639160156 1 347.6842041015625 253.84210205078125 1 0
202 191 1 243.8831787109375 183.12617492675781 1 0
249.5 187.5 1 261.10360717773437 181.2747802734375 1 0
249.5 187.5 1 261.10360717773437 181.2747802734375 1 0
249.5 187.5 1 261.10360717773437 181.2747802734375 1 0
249.5 187.5 1 261.10360717773437 181.2747802734375 1 0
249.43046569824219 159.51324462890625 1 262.94735717773437 154.1842041015625 1 0
249.43046569824219 159.51324462890625 1 262.94735717773437 154.1842041015625 1 0
252.35475158691406 176.31564331054687 1 262.83847045898437 170.74615478515625 1 0
204.31388854980469 155.26943969726562 1 246.66935729980469 148.68548583984375 1 0
204.31388854980469 155.26943969726562 1 246.66935729980469 148.68548583984375 1 0
249.38749694824219 146.60624694824219 1 263.5736083984375 141.65951538085937 1 0
282.5748291015625 320.29592895507812 1 273.40740966796875 312.4444580078125 1 0
249.33949279785156 205.5625 1 261.00607299804687 198.79959106445312 1 0
202.025634765625 207.96665954589844 1 243.48399353027344 199.92399597167969 1 0
202.025634765625 207.96665954589844 1 243.48399353027344 199.92399597167969 1 0
203.93011474609375 173.53225708007812 1 245.37939453125 166.38441467285156 1 0
203.93011474609375 173.53225708007812 1 245.37939453125 166.38441467285156 1 0
248.36495971679687 254.98297119140625 1 259.72994995117187 247.09930419921875 1 0
248.36495971679687 254.98297119140625 1 259.72994995117187 247.09930419921875 1 0
201.89634704589844 227.4532470703125 1 243.06329345703125 218.082275390625 1 0
201.89634704589844 227.4532470703125 1 243.06329345703125 218.082275390625 1 0
248.7911376953125 124.84809875488281 1 264.75247192382812 120.02970123291016 1 0
202 191 1 261.10360717773437 181.2747802734375 1 0
414.85775756835937 142.8189697265625 1 330.2833251953125 138.39166259765625 1 0
414.85775756835937 142.8189697265625 1 330.2833251953125 138.39166259765625 1 0
428.4901123046875 190.17326354980469 1 333.39361572265625 189.77659606933594 1 0
428.4901123046875 190.17326354980469 1 333.39361572265625 189.77659606933594 1 0
427.65713500976562 189.25714111328125 1 333.39361572265625 189.77659606933594 1 0
462.28787231445312 303.52273559570312 1 346.90676879882812 309.73727416992187 1 0
462.28787231445312 303.52273559570312 1 346.90676879882812 309.73727416992187 1 0
462.8712158203125 277.82574462890625 1 347.23214721679687 283.23214721679687 1 0
462.58621215820312 267.4569091796875 1 347.637939453125 272.03448486328125 1 0
462.58621215820312 267.4569091796875 1 347.637939453125 272.03448486328125 1 0
462.59149169921875 234.74183654785156 1 348.20730590820312 241.58537292480469 1 0
463.48077392578125 240.86538696289062 1 348.32608032226562 244.58695983886719 1 0
462.78570556640625 205.80252075195312 1 347.9385986328125 207.57017517089844 1 0
463.44931030273437 130.30645751953125 1 352.59259033203125 128.17591857910156 1 0
463.44931030273437 130.30645751953125 1 352.59259033203125 128.17591857910156 1 0
463.39422607421875 126.09615325927734 1 352.66000366210937 123.87999725341797 1 0
463.39422607421875 126.09615325927734 1 352.66000366210937 123.87999725341797 1 0
462.5 259.5 1 348.04840087890625 263.69354248046875 1 0
461.308837890625 226.69117736816406 1 347.6212158203125 229.5 1 0
462.25341796875 185.52055358886719 1 348.58694458007812 186.44203186035156 1 0
463.921875 166.109375 1 350.52703857421875 166.3648681640625 1 0
463.921875 166.109375 1 350.52703857421875 166.3648681640625 1 0
463.200927734375 292.61215209960937 1 347.20211791992187 298.45745849609375 1 0
463.200927734375 292.61215209960937 1 347.20211791992187 298.45745849609375 1 0
461.19564819335938 214.68840026855469 1 347.41665649414062 216.83332824707031 1 0
461.19564819335938 214.68840026855469 1 347.41665649414062 216.83332824707031 1 0
462.48684692382812 113.63157653808594 1 353.40475463867187 110.42857360839844 1 0
201.65425109863281 117.56914520263672 1 249.00505065917969 111.97474670410156 1 0
268.57196044921875 110.75 1 274.7890625 106.0625 1 0
266.5 109.10584259033203 1 271.76922607421875 104.75 1 0
303.3253173828125 264.844970703125 1 281.41802978515625 264.23770141601562 1 0
304.15383911132812 191.94230651855469 1 282.0625 187.40625 1 0
303.66873168945312 231.90740966796875 1 281.1300048828125 226.14999389648437 1 0
303.66873168945312 231.90740966796875 1 281.1300048828125 226.14999389648437 1 0
287.36917114257812 239.99533081054687 1 274.88775634765625 233.84693908691406 1 0
287.36917114257812 239.99533081054687 1 274.88775634765625 233.84693908691406 1 0
134.07159423828125 335.091552734375 1 221.41769409179687 315.77572631835937 1 0
134.07159423828125 335.091552734375 1 221.41769409179687 315.77572631835937 1 0
134.93905639648437 295.20333862304687 1 220.07041931152344 278.83804321289062 1 0
134.93905639648437 295.20333862304687 1 220.07041931152344 278.83804321289062 1 0
106.66778564453125 170.77516174316406 1 210.625 161.52082824707031 1 0
134.91085815429687 202.40573120117187 1 219.64195251464844 191.64195251464844 1 0
130.32792663574219 101.42242431640625 1 220.88888549804687 96.964286804199219 1 0
125.88706970214844 244.73738098144531 1 216.524658203125 230.90548706054687 1 0
125.88706970214844 244.73738098144531 1 216.524658203125 230.90548706054687 1 0
135.45938110351562 170.77272033691406 1 221.13841247558594 161.97457885742187 1 0
133.75 136.41567993164062 1 221.28054809570312 130.32221984863281 1 0
133.75 136.41567993164062 1 221.28054809570312 130.32221984863281 1 0
319.13888549804687 182.04167175292969 1 288.68917846679688 178.31080627441406 1 0
319.5406494140625 163.85772705078125 1 289.375 159.78572082519531 1 0
287.156494140625 179.385498046875 1 276.02459716796875 174.61476135253906 1 0
287.156494140625 179.385498046875 1 276.02459716796875 174.61476135253906 1 0
281.45376586914062 293.875732421875 1 273.38461303710938 287.61538696289062 1 0
380.241943359375 312.19354248046875 1 313.1383056640625 312.47872924804687 1 0
427.01962280273437 319.37255859375 1 331.62765502929687 323.074462890625 1 0
355.021240234375 279.95175170898437 1 302.75662231445312 278.77432250976563 1 0
208.64753723144531 287.64755249023437 1 245.721435546875 275.9571533203125 1 0
318.47402954101562 256.04544067382812 1 287.44735717773437 251.84210205078125 1 0
318.47402954101562 256.04544067382812 1 274.88775634765625 233.84693908691406 1 0
320.38888549804687 242.11904907226562 1 288.0428466796875 238.21427917480469 1 0
304.39254760742187 296.38430786132812 1 282.21054077148437 290.60525512695312 1 0
304.39254760742187 296.38430786132812 1 282.21054077148437 290.60525512695312 1 0
116.44094031050807 89.712413282126278 1 215.805682269839 85.492502252963718 1 1
145.56690569722406 352.96249412152781 1 223.26859413040444 332.1867669057022 1 1
469.51587861017265 342.03737162998146 1 349.46293065270277 350.71111917765614 1 1
462.277496384899 73.079972716415838 1 355.38343837272339 66.650421498193197 1 1
180.94699500686886 152.39528528064548 1 238.30057361167599 146.67291750203592 1 1
228.32717285965037 296.8639042030552 1 253.62184005918471 286.72409134551361 1 1
346.60181531756632 256.33258898678332 1 300.19275997235758 255.1674449305948 1 1
314.27967822733797 174.21667477954841 1 289.05515532962352 171.53325846139063 1 1
