110.61267852783203 227.58450317382812 1 210.6219482421875 151.32926940917969 1 0
129.05555725097656 206.26388549804687 1 309.0537109375 154.02066040039062 1 0
129.05555725097656 206.26388549804687 1 309.0537109375 154.02066040039062 1 0
129.05555725097656 206.26388549804687 1 309.0537109375 154.02066040039062 1 0
129.05555725097656 206.26388549804687 1 309.0537109375 154.02066040039062 1 0
114.82558441162109 254.89535522460938 1 210.6219482421875 151.32926940917969 1 0
114.82558441162109 254.89535522460938 1 210.6219482421875 151.32926940917969 1 0
375.75274658203125 282.92855834960937 1 144.07316589355469 267.3658447265625 1 0
272.32000732421875 258.6300048828125 1 197.16929626464844 219.49212646484375 1 0
257.057373046875 218.87704467773437 1 309.0537109375 154.02066040039062 1 0
257.057373046875 218.87704467773437 1 278.53359985351563 210.239501953125 1 0
330.51846313476562 273.96597290039062 1 165.45249938964844 246.2235107421875 1 0
426.91754150390625 242.17166137695312 1 225.38377380371094 292.23611450195312 1 0
174.68032836914062 254.02459716796875 1 213.78846740722656 177.69230651855469 1 0
192.01219177246094 259.52438354492187 1 201.87142944335937 185.10000610351562 1 0
221.539794921875 270.95770263671875 1 175.12791442871094 198.67829895019531 1 0
221.539794921875 270.95770263671875 1 175.12791442871094 198.67829895019531 1 0
223.3787841796875 272.34848022460937 1 175.12791442871094 198.67829895019531 1 0
500.3599853515625 208.10000610351562 1 301.27420043945313 331.41397094726562 1 0
500.1903076171875 204.45149230957031 1 309.51901245117187 330.96554565429687 1 0
506.625 260.59722900390625 1 183.75509643554687 331.551025390625 1 0
498.69671630859375 197.46720886230469 1 325.66815185546875 330.6239013671875 1 0
498.69671630859375 197.46720886230469 1 325.66815185546875 330.6239013671875 1 0
497.6129150390625 169.46774291992187 1 392.36624145507812 331.48727416992187 1 0
497.6129150390625 169.46774291992187 1 392.36624145507812 331.48727416992187 1 0
210.3858642578125 181.69564819335937 1 360.24227905273437 187.69587707519531 1 0
258.734375 197.015625 1 324.51025390625 209.83845520019531 1 0
204.35211181640625 218.67605590820312 1 281.2520751953125 187.09916687011719 1 0
204.35211181640625 218.67605590820312 1 281.2520751953125 187.09916687011719 1 0
301.11972045898437 224.58450317382812 1 264.75 230.05555725097656 1 0
301.11972045898437 224.58450317382812 1 264.75 230.05555725097656 1 0
208.04698181152344 190.77180480957031 1 340.2947998046875 187.13844299316406 1 0
208.04698181152344 190.77180480957031 1 340.2947998046875 187.13844299316406 1 0
204.29237365722656 208.34321594238281 1 301.9676513671875 186.63432312011719 1 0
204.29237365722656 208.34321594238281 1 301.9676513671875 186.63432312011719 1 0
255.40983581542969 232.90573120117187 1 248.98275756835937 210.01954650878906 1 0
255.40983581542969 232.90573120117187 1 248.98275756835937 210.01954650878906 1 0
254.45732116699219 248.83740234375 1 217.639892578125 210.76425170898437 1 0
254.45732116699219 248.83740234375 1 217.639892578125 210.76425170898437 1 0
257.66259765625 218.72222900390625 1 278.61715698242187 210.16856384277344 1 0
257.66259765625 218.72222900390625 1 278.61715698242187 210.16856384277344 1 0
201.90458679199219 240.95419311523437 1 236.71304321289062 188.34782409667969 1 0
201.90458679199219 240.95419311523437 1 236.71304321289062 188.34782409667969 1 0
469.72500610351562 144.875 1 450.80950927734375 316.23809814453125 1 0
465.26272583007812 247.19491577148437 1 213.25437927246094 310.95614624023437 1 0
472.86471557617187 173.34706115722656 1 381.01922607421875 317.24038696289062 1 0
358.06121826171875 208.1734619140625 1 298.30831909179687 256.72500610351562 1 0
376.36956787109375 206.2608642578125 1 303.15115356445312 265.593017578125 1 0
420.78570556640625 183.24285888671875 1 354.471435546875 289.07144165039063 1 0
509.48361206054687 271.59835815429687 1 158.47500610351562 331.75 1 0
180.58000183105469 258.72000122070313 1 202.5 180.051025390625 1 0
507.452392578125 254.54762268066406 1 196.44871520996094 331.9871826171875 1 0
507.452392578125 254.54762268066406 1 196.44871520996094 331.9871826171875 1 0
495.10604858398437 156.5 1 424.04544067382812 330.125 1 0
505.5294189453125 246.45588684082031 1 214.22825622558594 332.11956787109375 1 0
469.41162109375 230.87673950195312 1 250.75852966308594 314.03659057617187 1 0
337.39794921875 202.84693908691406 1 310.58108520507812 246.31080627441406 1 0
335.92498779296875 263.60000610351562 1 184.35000610351562 248.67500305175781 1 0
338.31396484375 167.10464477539062 1 393.57144165039062 247.57142639160156 1 0
336.80767822265625 232.98077392578125 1 245.84616088867187 246.96153259277344 1 0
208.01162719726562 252.423583984375 1 214.52272033691406 191.41363525390625 1 0
131.76739501953125 190.13369750976562 1 343.16165161132812 154.34962463378906 1 0
130.3779296875 155.79090881347656 1 417.52850341796875 151.02590942382812 1 0
129.13043212890625 206.61370849609375 1 309.10598754882812 154.22799682617187 1 0
116.42179107666016 229.59217834472656 1 263.64794921875 151.0986328125 1 0
318.60000610351562 242.625 1 226.40740966796875 238.85185241699219 1 0
122.78932189941406 255.78155517578125 1 209.51771545410156 154.91535949707031 1 0
122.78932189941406 255.78155517578125 1 209.51771545410156 154.91535949707031 1 0
132.1636962890625 173.11210632324219 1 380.16116333007812 153.20878601074219 1 0
132.1636962890625 173.11210632324219 1 380.16116333007812 153.20878601074219 1 0
99.571426391601562 190.39285278320312 1 342.98001098632812 140.6199951171875 1 0
320.75 256.25 1 200.45713806152344 240.75714111328125 1 0
301.60809326171875 214.5 1 285.93637084960937 229.86363220214844 1 0
301.60809326171875 214.5 1 285.93637084960937 229.86363220214844 1 0
339.32925415039062 225.89024353027344 1 261.39361572265625 247.7127685546875 1 0
376.15798950195312 155.55204772949219 1 422.06369018554688 267.9649658203125 1 0
338.17498779296875 213.875 1 351.42855834960937 246.65475463867187 1 0
301.82540893554687 202.79762268066406 1 311.07705688476562 229.64753723144531 1 0
258.03826904296875 206.281005859375 1 304.4537353515625 209.8907470703125 1 0
204.18153381347656 199.58917236328125 1 320.978271484375 186.06521606445312 1 0
259.41372680664062 166.86421203613281 1 394.37789916992187 210.43605041503906 1 0
259.927978515625 177.03813171386719 1 370.48974609375 210.03584289550781 1 0
262.79302978515625 191.46743774414062 1 337.3604736328125 211.61627197265625 1 0
200.11920166015625 230.0794677734375 1 258.30459594726562 185.44253540039062 1 0
319.902587890625 220.12338256835937 1 273.81707763671875 238.506103515625 1 0
402.39361572265625 272.22341918945312 1 164.38372802734375 279.68603515625 1 0
402.39361572265625 272.22341918945312 1 164.38372802734375 279.68603515625 1 0
319.38742065429687 238.46026611328125 1 236.6741943359375 239.03547668457031 1 0
104.21144476765292 153.29449863689806 1 419.79632732310466 138.43167866109229 1 1
129.81820743223048 287.43434479653058 1 146.92623232829632 159.94397138076684 1 1
518.31853837098095 282.29070935005404 1 136.66332027117178 337.25765415221861 1 1
493.12838465755635 140.18015787281664 1 461.19999721211786 328.52136591899443 1 1
182.48279924232014 180.25031851476953 1 362.1019457335363 175.19917776378986 1 1
231.35412296344171 256.80631500486714 1 202.00339152301314 201.36887931072178 1 1
370.76807280157209 235.11489566098058 1 242.25699216405118 264.90293388232266 1 1
332.45910948520788 191.38846050712704 1 337.96275342582675 245.61873509143871 1 1
