493.01162719726562 363.62789916992187 1 642.2410888671875 695.31219482421875 1 0
242.38888549804687 535.0333251953125 1 272.870361328125 929.47528076171875 1 0
699.81427001953125 154.471435546875 1 923.5714111328125 409.25 1 0
589.1190185546875 354.57144165039062 1 777.2205810546875 699.76470947265625 1 0
589.1190185546875 354.57144165039062 1 777.2205810546875 699.76470947265625 1 0
705.84832763671875 402.42135620117187 1 935.04486083984375 801.525634765625 1 0
705.84832763671875 402.42135620117187 1 935.04486083984375 801.525634765625 1 0
617.46875 443.78125 1 818.48516845703125 849.58148193359375 1 0
617.46875 443.78125 1 818.48516845703125 849.58148193359375 1 0
182.67646789550781 511.70587158203125 1 176.24359130859375 875.65386962890625 1 0
178.2391357421875 669.5362548828125 1 174.13888549804687 1155.795166015625 1 0
709.5 313.6639404296875 1 938.22998046875 663.1400146484375 1 0
709.5 313.6639404296875 1 938.22998046875 663.1400146484375 1 0
678.4459228515625 407.43243408203125 1 898.97998046875 803.427978515625 1 0
678.4459228515625 407.43243408203125 1 898.97998046875 803.427978515625 1 0
497.70513916015625 404.44873046875 1 651 761.7069091796875 1 0
617.46875 443.78125 1 818.48516845703125 849.58148193359375 1 0
663.025634765625 403.56411743164063 1 878.5692138671875 794.546142578125 1 0
663.025634765625 403.56411743164063 1 878.5692138671875 794.546142578125 1 0
617.6038818359375 406.82467651367187 1 817.1190185546875 790.23809814453125 1 0
617.6038818359375 406.82467651367187 1 817.1190185546875 790.23809814453125 1 0
1110.1097412109375 597.719482421875 1 266.10525512695312 207.02632141113281 1 0
1042.0238037109375 724.30950927734375 1 235.03192138671875 815.2021484375 1 0
183.88636779785156 80.113639831542969 1 163.890625 112 1 0
122.11111450195312 79.861114501953125 1 60.770271301269531 86.783782958984375 1 0
107.64633941650391 123.10975646972656 1 38.166667938232422 160.68888854980469 1 0
557.32049560546875 154.60897827148437 1 730.4959716796875 368.04840087890625 1 0
557.32049560546875 154.60897827148437 1 730.4959716796875 368.04840087890625 1 0
212.14508056640625 419.06594848632812 1 221.565673828125 721.52880859375 1 0
212.14508056640625 419.06594848632812 1 221.565673828125 721.52880859375 1 0
326.477783203125 119.09999847412109 1 391.9891357421875 233.10868835449219 1 0
326.477783203125 119.09999847412109 1 391.9891357421875 233.10868835449219 1 0
809.5574951171875 303.12069702148437 1 807.8697509765625 707.239501953125 1 0
618.40911865234375 315.15908813476562 1 815.84613037109375 643.525634765625 1 0
171.06097412109375 121.08536529541016 1 144.92424011230469 180.85353088378906 1 0
371.67498779296875 122.27500152587891 1 461.56668090820312 255.086669921875 1 0
371.67498779296875 122.27500152587891 1 375.63558959960937 233.75424194335937 1 0
694.63336181640625 311.9666748046875 1 918.76666259765625 657.23333740234375 1 0
1110.1097412109375 597.719482421875 1 266.10525512695312 207.02632141113281 1 0
571.3536376953125 322.23171997070312 1 752.158203125 643.99365234375 1 0
165.9342041015625 408.58554077148437 1 145.65269470214844 690.874267578125 1 0
165.9342041015625 408.58554077148437 1 145.65269470214844 690.874267578125 1 0
702.611083984375 606 1 798.5810546875 641.25677490234375 1 0
203.55030822753906 673.16668701171875 1 215.25271606445312 1164.4266357421875 1 0
203.55030822753906 673.16668701171875 1 215.25271606445312 1164.4266357421875 1 0
203.55030822753906 673.16668701171875 1 215.25271606445312 1164.4266357421875 1 0
150.1119384765625 516.291015625 1 122.76174163818359 877.5537109375 1 0
150.1119384765625 516.291015625 1 122.76174163818359 877.5537109375 1 0
1047.655517578125 309.65554809570312 1 157.64285278320312 1021.7352905273437 1 0
141.71052551269531 671.01318359375 1 113.40285491943359 1153.1400146484375 1 0
141.71052551269531 671.01318359375 1 113.40285491943359 1153.1400146484375 1 0
666.94000244140625 354.79998779296875 1 882.65850830078125 718.256103515625 1 0
666.94000244140625 354.79998779296875 1 882.65850830078125 718.256103515625 1 0
581.74285888671875 415.88571166992187 1 768.94537353515625 797.57562255859375 1 0
581.74285888671875 415.88571166992187 1 768.94537353515625 797.57562255859375 1 0
668.20831298828125 439.3125 1 886.54998779296875 851.92498779296875 1 0
668.20831298828125 439.3125 1 886.54998779296875 851.92498779296875 1 0
570.8980712890625 411.03396606445312 1 754.0128173828125 786.65386962890625 1 0
643.29998779296875 411.24285888671875 1 852.58331298828125 802.94793701171875 1 0
643.29998779296875 411.24285888671875 1 852.58331298828125 802.94793701171875 1 0
159.4534912109375 675.8720703125 1 143.70832824707031 1162.7916259765625 1 0
1176.34619140625 640.1346435546875 1 140.06849670410156 639.72601318359375 1 0
170.257568359375 626.8636474609375 1 160.16233825683594 1078.2532958984375 1 0
170.257568359375 626.8636474609375 1 160.16233825683594 1078.2532958984375 1 0
170.257568359375 626.8636474609375 1 160.16233825683594 1078.2532958984375 1 0
252.15715026855469 534.64288330078125 1 86.766670227050781 168.5 1 0
243.17948913574219 419.26922607421875 1 270.63461303710938 729.01922607421875 1 0
243.17948913574219 419.26922607421875 1 270.63461303710938 729.01922607421875 1 0
508.29269409179687 431.59756469726562 1 667.34246826171875 807.5479736328125 1 0
635.41259765625 442.13107299804687 1 842.4112548828125 849.90826416015625 1 0
648.2838134765625 353.21621704101562 1 857.59088134765625 711.6727294921875 1 0
499.5157470703125 410.96456909179687 1 653.79998779296875 771.9473876953125 1 0
499.5157470703125 410.96456909179687 1 653.79998779296875 771.9473876953125 1 0
1225.6463623046875 708.4755859375 1 344.82559204101562 227.36045837402344 1 0
611.5714111328125 356.13095092773437 1 807.8697509765625 707.239501953125 1 0
611.5714111328125 356.13095092773437 1 807.8697509765625 707.239501953125 1 0
605.5810546875 314.82431030273437 1 798.8194580078125 640.09722900390625 1 0
498.23684692382812 381.39474487304687 1 649.283935546875 723.216064453125 1 0
498.23684692382812 381.39474487304687 1 649.283935546875 723.216064453125 1 0
721.75531005859375 405.90426635742187 1 956.154296875 809.99383544921875 1 0
721.75531005859375 405.90426635742187 1 956.154296875 809.99383544921875 1 0
604.83331298828125 445.97369384765625 1 801.3043212890625 850.5325927734375 1 0
604.83331298828125 445.97369384765625 1 801.3043212890625 850.5325927734375 1 0
685.14544677734375 442.16363525390625 1 909.32122802734375 859.65081787109375 1 0
685.14544677734375 442.16363525390625 1 909.32122802734375 859.65081787109375 1 0
685.14544677734375 442.16363525390625 1 909.32122802734375 859.65081787109375 1 0
652.7294921875 442.76229858398437 1 865.80523681640625 854.8157958984375 1 0
274.8348388671875 459.40045166015625 1 316.706787109375 804.00927734375 1 0
274.8348388671875 459.40045166015625 1 316.706787109375 804.00927734375 1 0
635.83331298828125 359.0079345703125 1 840.7474365234375 717.71649169921875 1 0
635.83331298828125 359.0079345703125 1 840.7474365234375 717.71649169921875 1 0
574.58221435546875 362.54110717773437 1 757.48114013671875 710.2735595703125 1 0
859.31353759765625 304.68643188476562 1 305.32608032226562 218.39131164550781 1 0
680.220947265625 355.01162719726562 1 900.07574462890625 721.3485107421875 1 0
217.42308044433594 599.9000244140625 1 235.22257995605469 1038.3258056640625 1 0
217.42308044433594 599.9000244140625 1 235.22257995605469 1038.3258056640625 1 0
184.07142639160156 558.39794921875 1 180 961.5439453125 1 0
196.07894897460937 624.15789794921875 1 202.13107299804687 1077.286376953125 1 0
708.16668701171875 572.84783935546875 1 895.846923828125 413.09182739257812 1 0
191.43965148925781 467.21551513671875 1 189.5118408203125 801.28399658203125 1 0
191.43965148925781 467.21551513671875 1 189.5118408203125 801.28399658203125 1 0
257.15957641601562 591.39361572265625 1 298.21929931640625 1030.77197265625 1 0
257.15957641601562 591.39361572265625 1 298.21929931640625 1030.77197265625 1 0
269.09182739257812 592.41839599609375 1 316.61428833007812 1033.65234375 1 0
158.03488159179687 625.15118408203125 1 140.25221252441406 1073.4381103515625 1 0
213.92240905761719 723.3448486328125 1 807.8697509765625 707.239501953125 1 0
1093.375 629.29168701171875 1 688.022705078125 385.22726440429688 1 0
149.64375305175781 600.5374755859375 1 125.82499694824219 1028.19091796875 1 0
1019.3306274414062 732.18548583984375 1 833.01611328125 799.19354248046875 1 0
239.8221435546875 598.775146484375 1 270.8187255859375 1039.9720458984375 1 0
135.91539001464844 628.0076904296875 1 103.53351593017578 1074.634033203125 1 0
145.93548583984375 601.3548583984375 1 119.24390411376953 1029.969482421875 1 0
149.64375305175781 600.5374755859375 1 125.82499694824219 1028.19091796875 1 0
351.31332397460937 77.446662902832031 1 302.10000610351562 135.39999389648437 1 0
351.31332397460937 77.446662902832031 1 429.85293579101562 170.66175842285156 1 0
1177.96337890625 478.64633178710937 1 235.03192138671875 815.2021484375 1 0
271.67648315429687 655.67645263671875 1 322.11074829101562 1143.5 1 0
271.67648315429687 655.67645263671875 1 322.11074829101562 1143.5 1 0
162.1219482421875 567.6463623046875 1 144.61538696289062 972.764404296875 1 0
1204.5244140625 478.08535766601562 1 798.5810546875 641.25677490234375 1 0
1204.5244140625 478.08535766601562 1 798.5810546875 641.25677490234375 1 0
135.625 540.04998779296875 1 99.966667175292969 918.022216796875 1 0
135.625 540.04998779296875 1 99.966667175292969 918.022216796875 1 0
320.6351318359375 71.472976684570313 1 381.51904296875 153.65237426757812 1 0
280.88095092773437 74.230155944824219 1 320.50820922851562 139.557373046875 1 0
153.29591369628906 103.23469543457031 1 114.16304016113281 141.95652770996094 1 0
183.05999755859375 381.74798583984375 1 173.07768249511719 647.7509765625 1 0
183.05999755859375 381.74798583984375 1 173.07768249511719 647.7509765625 1 0
146.4761962890625 80.928573608398438 1 101.95454406738281 98.443183898925781 1 0
146.4761962890625 80.928573608398438 1 101.95454406738281 98.443183898925781 1 0
584.5 317.65518188476562 1 769.95538330078125 639.72320556640625 1 0
162.62307739257812 380.0230712890625 1 140.06849670410156 639.72601318359375 1 0
162.62307739257812 380.0230712890625 1 140.06849670410156 639.72601318359375 1 0
162.62307739257812 380.0230712890625 1 140.06849670410156 639.72601318359375 1 0
230.94827270507812 472.2930908203125 1 252.19082641601562 819.88165283203125 1 0
302.80645751953125 73.983871459960937 1 355.24337768554687 147.4822998046875 1 0
143.71333312988281 379.40667724609375 1 108.65300750732422 634.030029296875 1 0
229.13157653808594 426.25 1 248.56767272949219 736.5225830078125 1 0
229.13157653808594 426.25 1 248.56767272949219 736.5225830078125 1 0
217.04167175292969 97.083335876464844 1 219.51136779785156 155.35227966308594 1 0
217.04167175292969 97.083335876464844 1 219.51136779785156 155.35227966308594 1 0
675.44915771484375 311.3983154296875 1 893.3165283203125 651.36236572265625 1 0
675.44915771484375 311.3983154296875 1 893.3165283203125 651.36236572265625 1 0
169.23684692382812 594.868408203125 1 157.64285278320312 1021.7352905273437 1 0
169.23684692382812 594.868408203125 1 157.39285278320312 1021.5595092773437 1 0
169.23684692382812 594.868408203125 1 157.64285278320312 1021.7352905273437 1 0
256.21875 77.484375 1 281.28814697265625 134.86441040039063 1 0
235.40322875976562 78.016128540039063 1 248.01812744140625 128.09066772460937 1 0
139.5465087890625 103.40697479248047 1 445.65518188476562 250.46551513671875 1 0
153.29591369628906 103.23469543457031 1 114.16304016113281 141.95652770996094 1 0
583.8636474609375 147.39393615722656 1 767.6912841796875 361.8739013671875 1 0
136.80158996582031 570.81744384765625 1 103.09898376464844 973.2462158203125 1 0
147.76470947265625 627.9705810546875 1 123.10975646972656 1076.51220703125 1 0
305.01614379882813 97.274192810058594 1 358.32089233398438 187.20149230957031 1 0
262.99383544921875 100.47531127929687 1 292.3291015625 178.06962585449219 1 0
262.99383544921875 100.47531127929687 1 292.3291015625 178.06962585449219 1 0
155.43182373046875 598.06817626953125 1 134.5885009765625 1025.650390625 1 0
155.43182373046875 598.06817626953125 1 134.5885009765625 1025.650390625 1 0
111.19565582275391 75.166664123535156 1 248.01812744140625 128.09066772460937 1 0
108.38235473632812 100.23529052734375 1 38.685714721679688 118.84285736083984 1 0
279.35714721679687 96.428573608398438 1 319 178.08955383300781 1 0
1176.434814453125 449.32608032226562 1 235.03192138671875 815.2021484375 1 0
923.4403076171875 598.26116943359375 1 322.11074829101562 1143.5 1 0
198.82608032226562 99.847824096679688 1 189.8663330078125 153.84652709960937 1 0
213.22000122070312 567.0999755859375 1 227.75953674316406 980.75189208984375 1 0
213.22000122070312 567.0999755859375 1 227.75953674316406 980.75189208984375 1 0
190.86956787109375 567.13043212890625 1 191.57339477539062 976.6192626953125 1 0
230.5 101.40123748779297 1 240.30986022949219 167.04225158691406 1 0
230.5 101.40123748779297 1 240.30986022949219 167.04225158691406 1 0
128.97917175292969 376.96875 1 84.491073608398437 625.58038330078125 1 0
128.97917175292969 376.96875 1 84.491073608398437 625.58038330078125 1 0
173.00981140136719 468.79412841796875 1 159.83599853515625 799.68402099609375 1 0
173.00981140136719 468.79412841796875 1 159.83599853515625 799.68402099609375 1 0
121.97761535644531 566.1119384765625 1 78.803924560546875 962.6568603515625 1 0
162.1219482421875 567.6463623046875 1 144.61538696289062 972.764404296875 1 0
117.5 808.5 1 131.46551513671875 173.65516662597656 1 0
171.27777099609375 80.240737915039062 1 143.23983764648437 107.15040588378906 1 0
125.38372039794922 99.941864013671875 1 66.879631042480469 124.59259033203125 1 0
125.38372039794922 99.941864013671875 1 66.879631042480469 124.59259033203125 1 0
115.60810852050781 535.25677490234375 1 67.285186767578125 905.95928955078125 1 0
115.60810852050781 535.25677490234375 1 67.285186767578125 905.95928955078125 1 0
135.95237731933594 628.5238037109375 1 103.87705230712891 1076.2786865234375 1 0
484.9522705078125 589.612060546875 1 639.37982177734375 1063.2340087890625 1 0
484.9522705078125 589.612060546875 1 639.37982177734375 1063.2340087890625 1 0
484.9522705078125 589.612060546875 1 639.37982177734375 1063.2340087890625 1 0
484.9522705078125 589.612060546875 1 639.37982177734375 1063.2340087890625 1 0
464.61956787109375 607.25 1 610.5902099609375 1089.1942138671875 1 0
464.61956787109375 607.25 1 610.5902099609375 1089.1942138671875 1 0
463.92886352539062 579.8773193359375 1 610.5902099609375 1089.1942138671875 1 0
463.92886352539062 579.8773193359375 1 610.5902099609375 1089.1942138671875 1 0
123.58333587646484 628.5 1 83.311317443847656 1074.160400390625 1 0
989.2508544921875 885.62286376953125 1 36.676471710205078 796.4117431640625 1 0
292.97222900390625 97.416664123535156 1 339.75961303710937 183.61538696289062 1 0
292.97222900390625 97.416664123535156 1 339.75961303710937 183.61538696289062 1 0
1204.3857421875 441.41427612304687 1 317.0333251953125 175.13333129882812 1 0
1204.3857421875 441.41427612304687 1 317.0333251953125 175.13333129882812 1 0
202.70588684082031 679.14703369140625 1 214.03608703613281 1175.314453125 1 0
233.35293579101562 470.08822631835937 1 256.1875 814.90625 1 0
233.35293579101562 470.08822631835937 1 256.1875 814.90625 1 0
482.67288208007812 644.1339111328125 1 638.4149169921875 1152.3560791015625 1 0
486.41000366210937 559.393310546875 1 639.37982177734375 1063.2340087890625 1 0
486.41000366210937 559.393310546875 1 639.37982177734375 1063.2340087890625 1 0
495.82479858398437 608.3621826171875 1 658.222900390625 997.1241455078125 1 0
495.82479858398437 608.3621826171875 1 658.222900390625 997.1241455078125 1 0
483.52264404296875 618.26605224609375 1 638.5860595703125 1110.0281982421875 1 0
483.52264404296875 618.26605224609375 1 638.5860595703125 1110.0281982421875 1 0
483.52264404296875 618.26605224609375 1 638.5860595703125 1110.0281982421875 1 0
448.6363525390625 642.23638916015625 1 589.12994384765625 1144.4041748046875 1 0
448.6363525390625 642.23638916015625 1 589.12994384765625 1144.4041748046875 1 0
451.20645141601562 559.69677734375 1 658.222900390625 997.1241455078125 1 0
482.67288208007812 644.1339111328125 1 638.4149169921875 1152.3560791015625 1 0
112.7074070411293 71.954707883398925 1 45.184432352649587 70.13567091742199 1 1
125.25645802222154 373.48387527905874 1 76.919812523076359 618.38194213304871 1 1
270.45427912530073 511.40939041380278 1 317.79790084326868 895.00697780864721 1 1
159.05270829708903 661.86390954143042 1 143.0392332173364 1138.6139589670925 1 1
503.6985508458344 653.17532176089082 1 668.83768431475119 1170.3045899475528 1 1
694.22843786461237 448.80790532398692 1 922.64242249682968 872.7330825500693 1 1
753.13154390175123 143.0857972323048 1 992.65446819121701 406.91368589224805 1 1
513.61432200030379 167.48575688065372 1 671.20468385658864 376.28879845435802 1 1
