270
2128.64 1538.9 2425.91 1335.44 
2000.58 1010.02 2298.86 840.73 
2189.92 520.042 2493.74 402.616 
2505.01 1930.53 2799.64 1640.53 
2039.42 943.648 2333.07 780.158 
2040.42 1306.31 2340.47 1123.15 
2228.03 284.347 2530.97 189.715 
2464.11 1896.61 2767.08 1615.66 
2200.53 926.553 2496.92 778.809 
1873.8 783.096 2158.22 605.258 
2379.73 1164.34 2661.21 1001.98 
1874.69 784.027 2157.73 605.954 
2358.95 256.532 2651.62 193.796 
2016.1 968.338 2313.3 803.329 
2459.51 1945.77 2761.28 1657.99 
2332.45 1772.56 2614.78 1527.53 
2322.83 926.889 2610.56 790.296 
2136.76 1719.75 2434.65 1498.91 
2368.82 1160.95 2650.31 998.51 
2053.46 1350.83 2352.22 1165.09 
2331.63 1030.58 2619.57 881.281 
2274.97 1541.37 2562.82 1331.31 
2045.68 1705.05 2343.2 1493.23 
2564.93 1889.41 2850.34 1601.05 
2064.13 833.704 2357.91 679.814 
2496.66 1930.84 2794.44 1640.96 
1807.17 714.752 2083.54 526.087 
2335.46 721.144 2626.91 608.233 
2466.95 1966.25 2765.91 1673.86 
1138.38 898.519 1284.43 621.678 
1999.56 1009.37 2297.69 839.502 
2017.94 1042.61 2314.97 873.429 
2063.92 835.148 2360.46 680.988 
1953.24 561.424 2242.92 395.48 
2284.49 727.725 2578.73 608.143 
2037.6 942.96 2333.33 779.714 
2503.68 1930.76 2799.64 1640.53 
2336.25 721.314 2627.71 608.446 
2153.39 847.478 2452.18 702.681 
2328.1 1320.69 2615.75 1136.23 
2059.52 1603.45 2351.42 1397.53 
1948.93 863.131 2238.64 693.914 
2190.69 519.81 2494.09 402.298 
2582.8 1967.47 2863.25 1662.5 
2115.79 422.967 2418.01 295.929 
2500 1930.88 2794.44 1640.96 
1975.41 752.429 2265.38 590.348 
1985.65 1152.13 2278.3 977.227 
2283.57 729.033 2577.44 608.604 
1985.7 1152.68 2278.49 976.865 
2476.33 1967.3 2775.16 1672.75 
2215.19 1745.52 2506.41 1514.7 
2332.6 1032.91 2621 882.698 
2519.67 1930.42 2813.01 1639.76 
2226.56 178.038 2529.17 89.6085 
2337.72 805.124 2628.58 684.504 
1980 1070.51 2276.7 897.483 
1702.19 401.465 1952.23 175.259 
2347.32 1336.06 2631.34 1150.32 
2320.12 150.441 2616.66 87.9115 
2563.2 1889.06 2850.34 1601.05 
2518.33 1930.73 254.02 1175.23 
2554.51 1893.76 2840.86 1606.34 
1820.64 700.509 2099.49 513.511 
2359.61 1339.41 2642.33 1153.13 
1550.04 1044.93 1841.62 841.863 
2197 1837.72 2527.17 1596.16 
1994.05 951.759 2287.85 784.403 
2226.96 177.777 2530.12 89.6279 
2358.64 1339.1 2642.33 1153.13 
1738.64 1267.6 2137.07 1083.77 
2196.89 1838.38 2527.17 1596.16 
2133.91 838.851 2432.87 691.784 
2024.85 1001.16 2322.98 834.762 
2569.12 1900.07 2852.65 1611.01 
2018.22 965.87 2316.22 801.499 
2450.67 1880.83 2753.86 1605.83 
2476.13 1963.66 2775.16 1672.75 
1796.81 532.355 2070.47 336.752 
2534.73 1896.36 2822.42 1611.06 
2479.22 1766.03 2739.73 1508.58 
2308.61 1544.43 2595.35 1332.04 
1622.96 485.976 1853.47 246.341 
2191.38 519.198 2495.36 402.21 
1215.05 950.437 1410.36 704.663 
1965.84 678.679 2256.93 515.207 
2048.31 1609.99 2340.27 1405.28 
2064.41 468.584 2362.11 328.621 
2231.92 1163.01 2525.87 995.981 
2473.93 1751.09 2736.49 1497.3 
2148.92 941.778 2444.94 788.395 
2528.12 1900.15 2816.01 1615.89 
2313.63 1330.42 2602.75 1146.16 
2319.03 1039.93 2608.76 890.478 
2240.12 1749.29 2525.66 1514.67 
1268.7 619.968 1561.64 322.426 
2038.87 1418.72 2330.56 1226.73 
2126.36 942.984 2422.2 788.526 
2070.84 1171.77 2367.9 998.151 
2011.86 972.818 2308.72 807.707 
1955.25 347.967 2247.14 185.467 
1955.56 675.07 2247.12 509.879 
2510.13 1922.61 2804.42 1632.31 
2571.29 1965.21 2852.5 1661.25 
2065.37 468.322 2362.53 328.602 
2401.11 1766.57 2671.8 1516.18 
2473.77 1751.15 2736.49 1497.3 
1169.65 1392.68 1445.28 1220.82 
2526.54 1929.99 2817.84 1639.06 
2052.89 1332.83 2343.84 1147.09 
1561.82 1172.46 1863.22 978.158 
2481.58 1894.86 2782.18 1613.94 
1199.4 1210.4 1479.95 1009.69 
2068.73 1764.21 2367.55 1544.03 
2582.2 1966.11 2863.25 1662.5 
2465.89 1966.08 2765.91 1673.86 
1320.7 1238.05 1583.25 1036.61 
1748.71 1281.25 2150.2 1097.22 
2052.28 1420.16 2342.91 1229.23 
2323.42 926.719 2610.71 789.315 
2115.1 422.2 2417.41 295.003 
2380.38 1165.08 2662.15 1002.94 
2495.14 1902.3 2789.67 1617.23 
1147.59 1393.85 1407.36 1222.76 
2242.99 515.711 2541.55 407.295 
2282.68 1752.85 2566.63 1514.61 
1626.84 1745.34 2107.21 1568.17 
1142.73 1404.43 1400.73 1236.12 
2627.75 1243.65 161.477 214.966 
1211.41 919.314 1413.05 662.941 
2456.94 1904.59 2759.21 1625.21 
2057.68 1600.01 2349.23 1394.48 
2301.55 1176.57 2593.26 1010.38 
1973.11 255.247 2266.76 98.3906 
2183.39 190.958 2483.89 90.4794 
2289.96 1766.65 2575.46 1526.62 
2135.38 1718.55 2434.03 1498.17 
1162.01 1207.89 1431.38 1003.42 
2309.66 1620.81 2593.19 1399.2 
2151.98 305.796 2455.79 191.764 
2393.1 1781.98 2667.29 1529.31 
2231.79 625.582 2529.49 506.655 
2489.47 1963.6 2788.81 1668.59 
2454.82 1903.75 2759.21 1625.21 
2631.66 1246.66 161.477 214.966 
2227.61 284.36 2530.91 189.53 
2336.5 268.783 2630.35 199.803 
2127.96 310.76 2431.97 191.444 
1233.44 969.165 1434.65 731.266 
2060.23 437.124 2359.45 297.327 
695.27 1345.68 270.952 1168.97 
1544.66 1097.43 1862.13 912.835 
1118.44 651.855 1294.4 320.861 
1739.52 1252.7 2135.58 1068.67 
885.63 696.337 645.836 298.78 
1319.9 1156.81 1577.51 951.931 
2334.74 267.56 2627.43 198.156 
1536.12 1024.61 1826.68 818.062 
2003.65 245.742 2300.97 96.7344 
992.393 557.049 1585.35 398.489 
2042.91 1739 2336.53 1523.54 
2512.8 1938.27 2804.42 1632.31 
1592.28 1052.27 1900.22 853.682 
2561.31 1972.32 2844.64 1666.79 
2994.74 246.994 884.946 1680.58 
2343.35 1035.26 2631.04 889.042 
431.736 1322.5 2765.93 91.2169 
1737.58 1267.33 2136.12 1083.36 
2469.09 330.121 2749.81 282.879 
2317.31 1772.11 2601.01 1526.81 
2461.27 1888.4 2764.94 1611.37 
1979.88 1072.02 2275.76 899.178 
1251 806.421 1463.57 535.989 
1249.62 1398.5 1570.45 1226.19 
1284.39 1112.04 1499.45 904.17 
1148.49 1394.64 1407.36 1222.76 
2218.77 1072.32 2515.08 913.297 
2012.68 633.769 2308.55 478.878 
1261.64 1027.14 253.55 1194.74 
1759.42 305.293 2021.71 89.2649 
2434 1539.07 2701.73 1323.18 
1286.74 633.845 1589.85 343.014 
2438.49 1625.49 2708.81 1394.05 
1981.01 402.128 2275.16 246.072 
2460.22 1945.7 2761.28 1657.99 
2551.55 1897.95 2840.22 1607.57 
2675.39 1382.11 937.174 1379.03 
1206.55 1024.52 1413.11 783.414 
2169.04 1738.13 2461.86 1511.64 
2129.06 311.573 2432.65 192.309 
2278.25 275.34 2576.76 193.223 
2358 922.291 2642 788.656 
1161.01 887.171 1314.65 616.967 
2621.89 227.922 2452.18 702.681 
2359.88 921.961 2641.03 788.753 
1948.95 863.61 2238.64 693.914 
1512.03 1048.38 922.984 967.664 
1592.28 1467.61 1818.03 1290.31 
2491.1 1962.38 2791.17 1666.72 
1206.28 1075.28 1466.27 794.74 
2034.8 945.654 2331.67 781.404 
2309.9 1763.27 2594.52 1521.84 
2079.79 1331.28 2371.61 1145.41 
2764.9 1634.78 2864.73 580.568 
2744.24 110.852 2814.62 260.647 
1368.54 175.685 1841.36 989.239 
1249.56 944.354 1456.24 699.286 
1178.25 1211.55 1443.69 1007.3 
1363.34 1073.63 1241.68 1038.77 
2564.32 1917.68 2850.18 1622.79 
816.264 1065.36 951.595 361.951 
1535.72 1024.31 1826.68 818.062 
1976.8 751.413 2267.7 588.911 
1172.67 859.322 1333.33 585.937 
2746.92 1911.98 728.91 1253.2 
1705.12 713.115 1953.7 506.263 
1832.65 1435.5 2433.19 594.497 
2680.89 136.043 2791 535.062 
1247.5 942.351 1451.42 694.505 
816.275 1045.55 695.954 762.125 
1126.7 1244.58 2496.92 778.809 
1232.43 965.587 1435.55 726.091 
1301.49 297.603 486.538 1407.99 
1263.03 811.687 611.304 1229.2 
1402.36 1404.6 1570.45 1226.19 
2028.3 235.995 2325.47 92.8819 
2446.6 1946.15 2750.64 1662.22 
1243.76 1164.36 1471.29 824.657 
1508.16 1047.92 937.136 978.782 
2203.11 926.111 2496.92 778.809 
1202.84 1194.15 1438.29 995.677 
2188.59 302.199 2493.34 197.46 
2215.6 1467.78 2510.98 1266.13 
1210.62 951.637 1412.42 723.084 
1210.26 314.947 1573.1 322.307 
1299.73 868.992 1542.19 619.44 
1198.69 1146.81 2761.28 1657.99 
480.428 693.658 2927.74 1342.57 
1702.17 401.89 1952.95 176 
1601.01 1169.39 1908.17 977.252 
1950.12 551.502 2240.77 385.696 
1773.21 1098.13 556.185 1498.45 
1255.8 947.169 1456.24 699.286 
1224.97 1084.7 1454.24 860.366 
1327.83 982.763 1464.26 860.408 
2659.08 1199.08 2614.78 1527.53 
2198.8 1843.08 2530.48 1601.68 
2178.58 373.314 2799.33 1240.18 
2774.06 1847.42 2051.71 825.426 
1458.3 1102.6 1716.78 897.66 
1397.95 352.829 1979.13 1571 
1130.84 1022.8 1271.72 774.239 
2367.56 1161.15 2650.31 998.51 
233.027 182.418 1418.19 998.534 
1612.64 1157.12 1923.18 965.396 
2647.09 769.259 1526.19 1014.99 
1728.65 1729.89 2232.96 1542.15 
2620.66 229.524 937.174 1379.03 
1264.45 1036.66 1465.77 795.676 
2678.1 387.016 1004.79 135.92 
1274.81 1205.62 1495.29 1003.7 
1724.7 1473.2 2214.81 1289.3 
1444.61 917.234 1710.15 678.389 
884.965 695.984 644.891 297.719 
2695.12 304.276 1200.13 752.524 
1467.45 1422.91 727.625 1252.97 
2358.25 256.528 2651.62 193.796 
2183.03 190.893 2483.63 90.5751 
2537 673.937 2031.21 1005.45 
2446.74 1884.71 2751.67 1609.85 
